# AD20M Quanterra FIR minimum phase filter parameter file 
# 20 decimation factor delay=53.26
# type			2 
# npoles		0 
# input sample interval	5.0e-05 
# decimation factor	20 
# normalization factor	1.0 
# gain factor		1.0 
theoretical  1  anti_alias   fir    coef_conv 
20000 20 53.26
400 
1.0828314E-06	0.00E+00
1.7808272E-06	0.00E+00
3.2410387E-06	0.00E+00
5.4627321E-06	0.00E+00
8.6829450E-06	0.00E+00
1.3240843E-05	0.00E+00
1.9565294E-05	0.00E+00
2.8185128E-05	0.00E+00
3.9656901E-05	0.00E+00
5.4688699E-05	0.00E+00
7.4153548E-05	0.00E+00
9.8989171E-05	0.00E+00
1.3036761E-04	0.00E+00
1.6954952E-04	0.00E+00
2.1798223E-04	0.00E+00
2.7731725E-04	0.00E+00
3.4936491E-04	0.00E+00
4.3613836E-04	0.00E+00
5.3984317E-04	0.00E+00
6.6286640E-04	0.00E+00
8.0777059E-04	0.00E+00
9.7733398E-04	0.00E+00
1.1744311E-03	0.00E+00
1.4021378E-03	0.00E+00
1.6635987E-03	0.00E+00
1.9620692E-03	0.00E+00
2.3008469E-03	0.00E+00
2.6832493E-03	0.00E+00
3.1125348E-03	0.00E+00
3.5918986E-03	0.00E+00
4.1243695E-03	0.00E+00
4.7127693E-03	0.00E+00
5.3596641E-03	0.00E+00
6.0672448E-03	0.00E+00
6.8373145E-03	0.00E+00
7.6711699E-03	0.00E+00
8.5695535E-03	0.00E+00
9.5325625E-03	0.00E+00
1.0559602E-02	0.00E+00
1.1649280E-02	0.00E+00
1.2799387E-02	0.00E+00
1.4006814E-02	0.00E+00
1.5267504E-02	0.00E+00
1.6576445E-02	0.00E+00
1.7927598E-02	0.00E+00
1.9313928E-02	0.00E+00
2.0727372E-02	0.00E+00
2.2158878E-02	0.00E+00
2.3598416E-02	0.00E+00
2.5035053E-02	0.00E+00
2.6456987E-02	0.00E+00
2.7851671E-02	0.00E+00
2.9205887E-02	0.00E+00
3.0505868E-02	0.00E+00
3.1737458E-02	0.00E+00
3.2886244E-02	0.00E+00
3.3937730E-02	0.00E+00
3.4877509E-02	0.00E+00
3.5691477E-02	0.00E+00
3.6365997E-02	0.00E+00
3.6888145E-02	0.00E+00
3.7245877E-02	0.00E+00
3.7428260E-02	0.00E+00
3.7425674E-02	0.00E+00
3.7230000E-02	0.00E+00
3.6834806E-02	0.00E+00
3.6235519E-02	0.00E+00
3.5429578E-02	0.00E+00
3.4416564E-02	0.00E+00
3.3198304E-02	0.00E+00
3.1778947E-02	0.00E+00
3.0165028E-02	0.00E+00
2.8365461E-02	0.00E+00
2.6391543E-02	0.00E+00
2.4256891E-02	0.00E+00
2.1977346E-02	0.00E+00
1.9570865E-02	0.00E+00
1.7057346E-02	0.00E+00
1.4458441E-02	0.00E+00
1.1797323E-02	0.00E+00
9.0984330E-03	0.00E+00
6.3871844E-03	0.00E+00
3.6896705E-03	0.00E+00
1.0323179E-03	0.00E+00
-1.5584482E-03	0.00E+00
-4.0565561E-03	0.00E+00
-6.4366534E-03	0.00E+00
-8.6744577E-03	0.00E+00
-1.0747112E-02	0.00E+00
-1.2633516E-02	0.00E+00
-1.4314661E-02	0.00E+00
-1.5773900E-02	0.00E+00
-1.6997240E-02	0.00E+00
-1.7973563E-02	0.00E+00
-1.8694809E-02	0.00E+00
-1.9156145E-02	0.00E+00
-1.9356050E-02	0.00E+00
-1.9296378E-02	0.00E+00
-1.8982368E-02	0.00E+00
-1.8422581E-02	0.00E+00
-1.7628808E-02	0.00E+00
-1.6615927E-02	0.00E+00
-1.5401681E-02	0.00E+00
-1.4006456E-02	0.00E+00
-1.2452973E-02	0.00E+00
-1.0765962E-02	0.00E+00
-8.9718029E-03	0.00E+00
-7.0981304E-03	0.00E+00
-5.1734182E-03	0.00E+00
-3.2265538E-03	0.00E+00
-1.2863991E-03	0.00E+00
6.1865110E-04	0.00E+00
2.4610918E-03	0.00E+00
4.2147399E-03	0.00E+00
5.8551184E-03	0.00E+00
7.3598339E-03	0.00E+00
8.7089101E-03	0.00E+00
9.8850802E-03	0.00E+00
1.0874040E-02	0.00E+00
1.1664648E-02	0.00E+00
1.2249067E-02	0.00E+00
1.2622863E-02	0.00E+00
1.2785035E-02	0.00E+00
1.2737988E-02	0.00E+00
1.2487462E-02	0.00E+00
1.2042380E-02	0.00E+00
1.1414674E-02	0.00E+00
1.0619033E-02	0.00E+00
9.6726287E-03	0.00E+00
8.5947802E-03	0.00E+00
7.4066040E-03	0.00E+00
6.1306260E-03	0.00E+00
4.7903718E-03	0.00E+00
3.4099557E-03	0.00E+00
2.0136470E-03	0.00E+00
6.2545808E-04	0.00E+00
-7.3127280E-04	0.00E+00
-2.0342721E-03	0.00E+00
-3.2627005E-03	0.00E+00
-4.3974896E-03	0.00E+00
-5.4216445E-03	0.00E+00
-6.3205026E-03	0.00E+00
-7.0819431E-03	0.00E+00
-7.6965573E-03	0.00E+00
-8.1577515E-03	0.00E+00
-8.4618134E-03	0.00E+00
-8.6079109E-03	0.00E+00
-8.5980454E-03	0.00E+00
-8.4369555E-03	0.00E+00
-8.1319623E-03	0.00E+00
-7.6927822E-03	0.00E+00
-7.1312929E-03	0.00E+00
-6.4612622E-03	0.00E+00
-5.6980490E-03	0.00E+00
-4.8582871E-03	0.00E+00
-3.9595389E-03	0.00E+00
-3.0199524E-03	0.00E+00
-2.0579058E-03	0.00E+00
-1.0916605E-03	0.00E+00
-1.3902181E-04	0.00E+00
7.8298012E-04	0.00E+00
1.6583927E-03	0.00E+00
2.4726097E-03	0.00E+00
3.2126096E-03	0.00E+00
3.8671608E-03	0.00E+00
4.4269804E-03	0.00E+00
4.8848582E-03	0.00E+00
5.2357330E-03	0.00E+00
5.4767267E-03	0.00E+00
5.6071337E-03	0.00E+00
5.6283739E-03	0.00E+00
5.5438946E-03	0.00E+00
5.3590466E-03	0.00E+00
5.0809216E-03	0.00E+00
4.7181565E-03	0.00E+00
4.2807218E-03	0.00E+00
3.7796798E-03	0.00E+00
3.2269375E-03	0.00E+00
2.6349833E-03	0.00E+00
2.0166242E-03	0.00E+00
1.3847230E-03	0.00E+00
7.5194426E-04	0.00E+00
1.3050952E-04	0.00E+00
-4.6802824E-04	0.00E+00
-1.0329896E-03	0.00E+00
-1.5547526E-03	0.00E+00
-2.0249044E-03	0.00E+00
-2.4363673E-03	0.00E+00
-2.7834927E-03	0.00E+00
-3.0621202E-03	0.00E+00
-3.2696081E-03	0.00E+00
-3.4048304E-03	0.00E+00
-3.4681410E-03	0.00E+00
-3.4613123E-03	0.00E+00
-3.3874460E-03	0.00E+00
-3.2508562E-03	0.00E+00
-3.0569390E-03	0.00E+00
-2.8120177E-03	0.00E+00
-2.5231787E-03	0.00E+00
-2.1980959E-03	0.00E+00
-1.8448512E-03	0.00E+00
-1.4717510E-03	0.00E+00
-1.0871479E-03	0.00E+00
-6.9926586E-04	0.00E+00
-3.1603608E-04	0.00E+00
5.5052958E-05	0.00E+00
4.0709358E-04	0.00E+00
7.3387625E-04	0.00E+00
1.0299878E-03	0.00E+00
1.2908906E-03	0.00E+00
1.5129783E-03	0.00E+00
1.6936094E-03	0.00E+00
1.8311206E-03	0.00E+00
1.9248178E-03	0.00E+00
1.9749457E-03	0.00E+00
1.9826426E-03	0.00E+00
1.9498726E-03	0.00E+00
1.8793481E-03	0.00E+00
1.7744370E-03	0.00E+00
1.6390601E-03	0.00E+00
1.4775817E-03	0.00E+00
1.2946966E-03	0.00E+00
1.0953132E-03	0.00E+00
8.8443852E-04	0.00E+00
6.6706788E-04	0.00E+00
4.4807568E-04	0.00E+00
2.3212004E-04	0.00E+00
2.3551687E-05	0.00E+00
-1.7366471E-04	0.00E+00
-3.5601447E-04	0.00E+00
-5.2048819E-04	0.00E+00
-6.6461961E-04	0.00E+00
-7.8651140E-04	0.00E+00
-8.8484585E-04	0.00E+00
-9.5888576E-04	0.00E+00
-1.0084547E-03	0.00E+00
-1.0339168E-03	0.00E+00
-1.0361352E-03	0.00E+00
-1.0164281E-03	0.00E+00
-9.7651512E-04	0.00E+00
-9.1845630E-04	0.00E+00
-8.4458862E-04	0.00E+00
-7.5745879E-04	0.00E+00
-6.5975531E-04	0.00E+00
-5.5423880E-04	0.00E+00
-4.4368068E-04	0.00E+00
-3.3079527E-04	0.00E+00
-2.1818698E-04	0.00E+00
-1.0829660E-04	0.00E+00
-3.3548122E-06	0.00E+00
9.4652831E-05	0.00E+00
1.8401834E-04	0.00E+00
2.6333242E-04	0.00E+00
3.3149892E-04	0.00E+00
3.8773834E-04	0.00E+00
4.3159194E-04	0.00E+00
4.6290434E-04	0.00E+00
4.8181630E-04	0.00E+00
4.8873830E-04	0.00E+00
4.8432534E-04	0.00E+00
4.6944799E-04	0.00E+00
4.4515711E-04	0.00E+00
4.1264840E-04	0.00E+00
3.7322580E-04	0.00E+00
3.2826542E-04	0.00E+00
2.7917430E-04	0.00E+00
2.2736372E-04	0.00E+00
1.7420710E-04	0.00E+00
1.2101705E-04	0.00E+00
6.9016627E-05	0.00E+00
1.9314915E-05	0.00E+00
-2.7108661E-05	0.00E+00
-6.9420195E-05	0.00E+00
-1.0694123E-04	0.00E+00
-1.3915499E-04	0.00E+00
-1.6570302E-04	0.00E+00
-1.8639189E-04	0.00E+00
-2.0117435E-04	0.00E+00
-2.1015058E-04	0.00E+00
-2.1354953E-04	0.00E+00
-2.1171506E-04	0.00E+00
-2.0509114E-04	0.00E+00
-1.9420317E-04	0.00E+00
-1.7963824E-04	0.00E+00
-1.6202785E-04	0.00E+00
-1.4203126E-04	0.00E+00
-1.2030972E-04	0.00E+00
-9.7522447E-05	0.00E+00
-7.4297881E-05	0.00E+00
-5.1229126E-05	0.00E+00
-2.8859566E-05	0.00E+00
-7.6714587E-06	0.00E+00
1.1919240E-05	0.00E+00
2.9567975E-05	0.00E+00
4.5006156E-05	0.00E+00
5.8043028E-05	0.00E+00
6.8557049E-05	0.00E+00
7.6507284E-05	0.00E+00
8.1911501E-05	0.00E+00
8.4854546E-05	0.00E+00
8.5473977E-05	0.00E+00
8.3953237E-05	0.00E+00
8.0514517E-05	0.00E+00
7.5410928E-05	0.00E+00
6.8914269E-05	0.00E+00
6.1308667E-05	0.00E+00
5.2886291E-05	0.00E+00
4.3926615E-05	0.00E+00
3.4708195E-05	0.00E+00
2.5484322E-05	0.00E+00
1.6489239E-05	0.00E+00
7.9309229E-06	0.00E+00
-1.3358870E-08	0.00E+00
-7.1985955E-06	0.00E+00
-1.3510014E-05	0.00E+00
-1.8867066E-05	0.00E+00
-2.3224500E-05	0.00E+00
-2.6558888E-05	0.00E+00
-2.8887769E-05	0.00E+00
-3.0242758E-05	0.00E+00
-3.0684769E-05	0.00E+00
-3.0291432E-05	0.00E+00
-2.9154804E-05	0.00E+00
-2.7376906E-05	0.00E+00
-2.5070442E-05	0.00E+00
-2.2347936E-05	0.00E+00
-1.9321938E-05	0.00E+00
-1.6109379E-05	0.00E+00
-1.2808429E-05	0.00E+00
-9.5234091E-06	0.00E+00
-6.3382245E-06	0.00E+00
-3.3291028E-06	0.00E+00
-5.5987789E-07	0.00E+00
1.9187619E-06	0.00E+00
4.0723730E-06	0.00E+00
5.8743913E-06	0.00E+00
7.3122860E-06	0.00E+00
8.3905516E-06	0.00E+00
9.1097500E-06	0.00E+00
9.4979405E-06	0.00E+00
9.5751602E-06	0.00E+00
9.3762619E-06	0.00E+00
8.9382884E-06	0.00E+00
8.3016930E-06	0.00E+00
7.5045982E-06	0.00E+00
6.5924310E-06	0.00E+00
5.6033018E-06	0.00E+00
4.5713236E-06	0.00E+00
3.5404175E-06	0.00E+00
2.5302468E-06	0.00E+00
1.5771827E-06	0.00E+00
6.9930724E-07	0.00E+00
-8.6047464E-08	0.00E+00
-7.6676685E-07	0.00E+00
-1.3332562E-06	0.00E+00
-1.7875625E-06	0.00E+00
-2.1266892E-06	0.00E+00
-2.3526700E-06	0.00E+00
-2.4824365E-06	0.00E+00
-2.5098916E-06	0.00E+00
-2.4598471E-06	0.00E+00
-2.3353450E-06	0.00E+00
-2.1523615E-06	0.00E+00
-1.9251499E-06	0.00E+00
-1.6707684E-06	0.00E+00
-1.3952398E-06	0.00E+00
-1.1173763E-06	0.00E+00
-8.4543007E-07	0.00E+00
-5.7948262E-07	0.00E+00
-3.4446870E-07	0.00E+00
-1.2505329E-07	0.00E+00
6.1743521E-08	0.00E+00
2.1873758E-07	0.00E+00
3.4424812E-07	0.00E+00
4.3748074E-07	0.00E+00
4.9313570E-07	0.00E+00
5.2551894E-07	0.00E+00
5.3447530E-07	0.00E+00
5.1361610E-07	0.00E+00
4.9029785E-07	0.00E+00
4.3492003E-07	0.00E+00
3.8198567E-07	0.00E+00
3.2236682E-07	0.00E+00
2.6023093E-07	0.00E+00
1.9363162E-07	0.00E+00
1.3382508E-07	0.00E+00
6.8672463E-08	0.00E+00
2.1443693E-08	0.00E+00
-1.9671351E-09	0.00E+00
-4.7522178E-08	0.00E+00
-6.2719053E-08	0.00E+00
-1.0190665E-07	0.00E+00
-1.2015286E-07	0.00E+00
-1.1036570E-07	0.00E+00
-1.0294882E-07	0.00E+00
-1.1965994E-07	0.00E+00
-1.3612285E-07	0.00E+00
-1.4639180E-07	0.00E+00
-1.4752351E-07	0.00E+00
3.9802276E-07	0.00E+00
0 
