# AD32M Quanterra FIR minimum phase filter parameter file 
# version:      \$Revision$\ \$Date$\  
# decimation factor delay=53.32
# type			2 
# npoles		0 
# input sample interval	3.125e-05 
# decimation factor	16 
# normalization factor	1.0 
# gain factor		1.0 
theoretical  1  anti_alias   fir    coef_conv 
32000 16 53.32
640 
8.0631343E-06	0.00E+00
9.0710261E-06	0.00E+00
1.4110485E-05	0.00E+00
2.1165728E-05	0.00E+00
3.0236754E-05	0.00E+00
4.2331455E-05	0.00E+00
5.7449832E-05	0.00E+00
7.7607668E-05	0.00E+00
1.0179707E-04	0.00E+00
1.3203382E-04	0.00E+00
1.6932582E-04	0.00E+00
2.1367306E-04	0.00E+00
2.6608343E-04	0.00E+00
3.3058851E-04	0.00E+00
4.0416461E-04	0.00E+00
4.9285909E-04	0.00E+00
5.9465616E-04	0.00E+00
7.1358739E-04	0.00E+00
8.4965278E-04	0.00E+00
1.0058760E-03	0.00E+00
1.1832650E-03	0.00E+00
1.3848433E-03	0.00E+00
1.6116190E-03	0.00E+00
1.8666156E-03	0.00E+00
2.1498332E-03	0.00E+00
2.4663112E-03	0.00E+00
2.8150418E-03	0.00E+00
3.1990485E-03	0.00E+00
3.6213552E-03	0.00E+00
4.0819618E-03	0.00E+00
4.5828840E-03	0.00E+00
5.1251298E-03	0.00E+00
5.7097070E-03	0.00E+00
6.3386315E-03	0.00E+00
7.0108953E-03	0.00E+00
7.7285143E-03	0.00E+00
8.4894726E-03	0.00E+00
9.2947781E-03	0.00E+00
1.0141407E-02	0.00E+00
1.1030368E-02	0.00E+00
1.1958636E-02	0.00E+00
1.2924196E-02	0.00E+00
1.3924025E-02	0.00E+00
1.4954091E-02	0.00E+00
1.6011369E-02	0.00E+00
1.7091829E-02	0.00E+00
1.8189423E-02	0.00E+00
1.9299112E-02	0.00E+00
2.0415856E-02	0.00E+00
2.1531592E-02	0.00E+00
2.2641281E-02	0.00E+00
2.3736860E-02	0.00E+00
2.4809256E-02	0.00E+00
2.5853432E-02	0.00E+00
2.6859308E-02	0.00E+00
2.7817813E-02	0.00E+00
2.8721892E-02	0.00E+00
2.9563482E-02	0.00E+00
3.0331496E-02	0.00E+00
3.1019886E-02	0.00E+00
3.1619581E-02	0.00E+00
3.2122519E-02	0.00E+00
3.2521644E-02	0.00E+00
3.2809902E-02	0.00E+00
3.2979227E-02	0.00E+00
3.3025590E-02	0.00E+00
3.2942943E-02	0.00E+00
3.2727254E-02	0.00E+00
3.2375500E-02	0.00E+00
3.1883649E-02	0.00E+00
3.1252709E-02	0.00E+00
3.0480664E-02	0.00E+00
2.9569529E-02	0.00E+00
2.8520314E-02	0.00E+00
2.7337049E-02	0.00E+00
2.6023766E-02	0.00E+00
2.4586512E-02	0.00E+00
2.3032343E-02	0.00E+00
2.1369322E-02	0.00E+00
1.9607527E-02	0.00E+00
1.7756030E-02	0.00E+00
1.5826925E-02	0.00E+00
1.3833315E-02	0.00E+00
1.1787295E-02	0.00E+00
9.7029743E-03	0.00E+00
7.5964804E-03	0.00E+00
5.4819235E-03	0.00E+00
3.3744217E-03	0.00E+00
1.2901015E-03	0.00E+00
-7.5491095E-04	0.00E+00
-2.7444894E-03	0.00E+00
-4.6635153E-03	0.00E+00
-6.4968705E-03	0.00E+00
-8.2314523E-03	0.00E+00
-9.8511344E-03	0.00E+00
-1.1343822E-02	0.00E+00
-1.2698429E-02	0.00E+00
-1.3903867E-02	0.00E+00
-1.4950059E-02	0.00E+00
-1.5829948E-02	0.00E+00
-1.6536481E-02	0.00E+00
-1.7065624E-02	0.00E+00
-1.7414354E-02	0.00E+00
-1.7579649E-02	0.00E+00
-1.7564530E-02	0.00E+00
-1.7368999E-02	0.00E+00
-1.6998095E-02	0.00E+00
-1.6457865E-02	0.00E+00
-1.5754357E-02	0.00E+00
-1.4898656E-02	0.00E+00
-1.3900844E-02	0.00E+00
-1.2773013E-02	0.00E+00
-1.1529274E-02	0.00E+00
-1.0182731E-02	0.00E+00
-8.7505165E-03	0.00E+00
-7.2497657E-03	0.00E+00
-5.6966044E-03	0.00E+00
-4.1091748E-03	0.00E+00
-2.5066269E-03	0.00E+00
-9.0609472E-04	0.00E+00
6.7427961E-04	0.00E+00
2.2163541E-03	0.00E+00
3.7040023E-03	0.00E+00
5.1190824E-03	0.00E+00
6.4464759E-03	0.00E+00
7.6730802E-03	0.00E+00
8.7847849E-03	0.00E+00
9.7705030E-03	0.00E+00
1.0619148E-02	0.00E+00
1.1323664E-02	0.00E+00
1.1876997E-02	0.00E+00
1.2274106E-02	0.00E+00
1.2511969E-02	0.00E+00
1.2591592E-02	0.00E+00
1.2511969E-02	0.00E+00
1.2277130E-02	0.00E+00
1.1893123E-02	0.00E+00
1.1364988E-02	0.00E+00
1.0702803E-02	0.00E+00
9.9156395E-03	0.00E+00
9.0155921E-03	0.00E+00
8.0157634E-03	0.00E+00
6.9302640E-03	0.00E+00
5.7742121E-03	0.00E+00
4.5637340E-03	0.00E+00
3.3149561E-03	0.00E+00
2.0440046E-03	0.00E+00
7.6902144E-04	0.00E+00
-4.9487487E-04	0.00E+00
-1.7295423E-03	0.00E+00
-2.9208704E-03	0.00E+00
-4.0517250E-03	0.00E+00
-5.1100114E-03	0.00E+00
-6.0806112E-03	0.00E+00
-6.9534455E-03	0.00E+00
-7.7174275E-03	0.00E+00
-8.3644940E-03	0.00E+00
-8.8865819E-03	0.00E+00
-9.2796597E-03	0.00E+00
-9.5386879E-03	0.00E+00
-9.6626586E-03	0.00E+00
-9.6515718E-03	0.00E+00
-9.5084512E-03	0.00E+00
-9.2373283E-03	0.00E+00
-8.8422347E-03	0.00E+00
-8.3312336E-03	0.00E+00
-7.7133959E-03	0.00E+00
-6.9977927E-03	0.00E+00
-6.1965187E-03	0.00E+00
-5.3226766E-03	0.00E+00
-4.3883609E-03	0.00E+00
-3.4076822E-03	0.00E+00
-2.3957588E-03	0.00E+00
-1.3667013E-03	0.00E+00
-3.3562797E-04	0.00E+00
6.8335064E-04	0.00E+00
1.6751162E-03	0.00E+00
2.6265660E-03	0.00E+00
3.5245976E-03	0.00E+00
4.3571162E-03	0.00E+00
5.1130351E-03	0.00E+00
5.7822752E-03	0.00E+00
6.3577814E-03	0.00E+00
6.8324985E-03	0.00E+00
7.1993711E-03	0.00E+00
7.4563835E-03	0.00E+00
7.6005120E-03	0.00E+00
7.6327645E-03	0.00E+00
7.5521332E-03	0.00E+00
7.3636574E-03	0.00E+00
7.0703609E-03	0.00E+00
6.6782910E-03	0.00E+00
6.1945030E-03	0.00E+00
5.6290757E-03	0.00E+00
4.9890644E-03	0.00E+00
4.2875717E-03	0.00E+00
3.5336686E-03	0.00E+00
2.7404578E-03	0.00E+00
1.9210418E-03	0.00E+00
1.0854995E-03	0.00E+00
2.4894927E-04	0.00E+00
-5.7752200E-04	0.00E+00
-1.3808118E-03	0.00E+00
-2.1498332E-03	0.00E+00
-2.8745074E-03	0.00E+00
-3.5437475E-03	0.00E+00
-4.1474747E-03	0.00E+00
-4.6796416E-03	0.00E+00
-5.1321850E-03	0.00E+00
-5.5000655E-03	0.00E+00
-5.7792515E-03	0.00E+00
-5.9657115E-03	0.00E+00
-6.0594455E-03	0.00E+00
-6.0594455E-03	0.00E+00
-5.9687352E-03	0.00E+00
-5.7883226E-03	0.00E+00
-5.5232470E-03	0.00E+00
-5.1795559E-03	0.00E+00
-4.7632966E-03	0.00E+00
-4.2815243E-03	0.00E+00
-3.7423022E-03	0.00E+00
-3.1567171E-03	0.00E+00
-2.5318242E-03	0.00E+00
-1.8807261E-03	0.00E+00
-1.2114859E-03	0.00E+00
-5.3519054E-04	0.00E+00
1.3707328E-04	0.00E+00
7.9421873E-04	0.00E+00
1.4291906E-03	0.00E+00
2.0298941E-03	0.00E+00
2.5882661E-03	0.00E+00
3.0972515E-03	0.00E+00
3.5497949E-03	0.00E+00
3.9388411E-03	0.00E+00
4.2603586E-03	0.00E+00
4.5093079E-03	0.00E+00
4.6846811E-03	0.00E+00
4.7844623E-03	0.00E+00
4.8076439E-03	0.00E+00
4.7562414E-03	0.00E+00
4.6312628E-03	0.00E+00
4.4377476E-03	0.00E+00
4.1777115E-03	0.00E+00
3.8582098E-03	0.00E+00
3.4832740E-03	0.00E+00
3.0619753E-03	0.00E+00
2.6003608E-03	0.00E+00
2.1075017E-03	0.00E+00
1.5904532E-03	0.00E+00
1.0582864E-03	0.00E+00
5.1906427E-04	0.00E+00
-1.8142052E-05	0.00E+00
-5.4426157E-04	0.00E+00
-1.0512311E-03	0.00E+00
-1.5330034E-03	0.00E+00
-1.9815153E-03	0.00E+00
-2.3897114E-03	0.00E+00
-2.7525525E-03	0.00E+00
-3.0649989E-03	0.00E+00
-3.3230192E-03	0.00E+00
-3.5235897E-03	0.00E+00
-3.6646946E-03	0.00E+00
-3.7453259E-03	0.00E+00
-3.7644758E-03	0.00E+00
-3.7241602E-03	0.00E+00
-3.6263947E-03	0.00E+00
-3.4721872E-03	0.00E+00
-3.2665773E-03	0.00E+00
-3.0125886E-03	0.00E+00
-2.7162684E-03	0.00E+00
-2.3826562E-03	0.00E+00
-2.0177994E-03	0.00E+00
-1.6287531E-03	0.00E+00
-1.2215649E-03	0.00E+00
-8.0328976E-04	0.00E+00
-3.8098310E-04	0.00E+00
3.9307780E-05	0.00E+00
4.5052763E-04	0.00E+00
8.4562121E-04	0.00E+00
1.2185412E-03	0.00E+00
1.5642481E-03	0.00E+00
1.8787103E-03	0.00E+00
2.1558805E-03	0.00E+00
2.3927351E-03	0.00E+00
2.5862503E-03	0.00E+00
2.7334025E-03	0.00E+00
2.8341917E-03	0.00E+00
2.8876100E-03	0.00E+00
2.8936573E-03	0.00E+00
2.8533417E-03	0.00E+00
2.7676709E-03	0.00E+00
2.6396686E-03	0.00E+00
2.4713507E-03	0.00E+00
2.2667486E-03	0.00E+00
2.0309020E-03	0.00E+00
1.7678422E-03	0.00E+00
1.4816009E-03	0.00E+00
1.1772176E-03	0.00E+00
8.6174748E-04	0.00E+00
5.3922211E-04	0.00E+00
2.1468095E-04	0.00E+00
-1.0582864E-04	0.00E+00
-4.1726720E-04	0.00E+00
-7.1459528E-04	0.00E+00
-9.9378131E-04	0.00E+00
-1.2507937E-03	0.00E+00
-1.4816009E-03	0.00E+00
-1.6831793E-03	0.00E+00
-1.8525051E-03	0.00E+00
-1.9875626E-03	0.00E+00
-2.0873439E-03	0.00E+00
-2.1518490E-03	0.00E+00
-2.1790621E-03	0.00E+00
-2.1709989E-03	0.00E+00
-2.1276596E-03	0.00E+00
-2.0500519E-03	0.00E+00
-1.9422075E-03	0.00E+00
-1.8041263E-03	0.00E+00
-1.6408478E-03	0.00E+00
-1.4553957E-03	0.00E+00
-1.2497858E-03	0.00E+00
-1.0300654E-03	0.00E+00
-7.9825030E-04	0.00E+00
-5.5937994E-04	0.00E+00
-3.1748591E-04	0.00E+00
-7.6599776E-05	0.00E+00
1.5924690E-04	0.00E+00
3.8703045E-04	0.00E+00
6.0171140E-04	0.00E+00
8.0127398E-04	0.00E+00
9.8269450E-04	0.00E+00
1.1429493E-03	0.00E+00
1.2810305E-03	0.00E+00
1.3939143E-03	0.00E+00
1.4805930E-03	0.00E+00
1.5400587E-03	0.00E+00
1.5733191E-03	0.00E+00
1.5793664E-03	0.00E+00
1.5592086E-03	0.00E+00
1.5128456E-03	0.00E+00
1.4433010E-03	0.00E+00
1.3515829E-03	0.00E+00
1.2407148E-03	0.00E+00
1.1106968E-03	0.00E+00
9.6656823E-04	0.00E+00
8.0933711E-04	0.00E+00
6.4303496E-04	0.00E+00
4.7068547E-04	0.00E+00
2.9531230E-04	0.00E+00
1.1893123E-04	0.00E+00
-5.4426157E-05	0.00E+00
-2.2274409E-04	0.00E+00
-3.8299888E-04	0.00E+00
-5.3216687E-04	0.00E+00
-6.6924015E-04	0.00E+00
-7.9220295E-04	0.00E+00
-8.9803159E-04	0.00E+00
-9.8672607E-04	0.00E+00
-1.0562706E-03	0.00E+00
-1.1076731E-03	0.00E+00
-1.1389177E-03	0.00E+00
-1.1510124E-03	0.00E+00
-1.1439572E-03	0.00E+00
-1.1177520E-03	0.00E+00
-1.0754205E-03	0.00E+00
-1.0159549E-03	0.00E+00
-9.4137093E-04	0.00E+00
-8.5469224E-04	0.00E+00
-7.5591884E-04	0.00E+00
-6.4807442E-04	0.00E+00
-5.3317476E-04	0.00E+00
-4.1222774E-04	0.00E+00
-2.8926494E-04	0.00E+00
-1.6529425E-04	0.00E+00
-4.2331455E-05	0.00E+00
7.6599776E-05	0.00E+00
1.9049155E-04	0.00E+00
2.9833597E-04	0.00E+00
3.9710937E-04	0.00E+00
4.8580384E-04	0.00E+00
5.6341151E-04	0.00E+00
6.2892448E-04	0.00E+00
6.8234274E-04	0.00E+00
7.2265842E-04	0.00E+00
7.4886360E-04	0.00E+00
7.6196620E-04	0.00E+00
7.6095830E-04	0.00E+00
7.4785571E-04	0.00E+00
7.2265842E-04	0.00E+00
6.8637431E-04	0.00E+00
6.4001129E-04	0.00E+00
5.8356935E-04	0.00E+00
5.2007217E-04	0.00E+00
4.4951974E-04	0.00E+00
3.7392786E-04	0.00E+00
2.9531230E-04	0.00E+00
2.1367306E-04	0.00E+00
1.3203382E-04	0.00E+00
5.0394590E-05	0.00E+00
-2.9228862E-05	0.00E+00
-1.0482075E-04	0.00E+00
-1.7638106E-04	0.00E+00
-2.4189403E-04	0.00E+00
-3.0035175E-04	0.00E+00
-3.5276213E-04	0.00E+00
-3.9610147E-04	0.00E+00
-4.3238558E-04	0.00E+00
-4.5859077E-04	0.00E+00
-4.7673282E-04	0.00E+00
-4.8580384E-04	0.00E+00
-4.8580384E-04	0.00E+00
-4.7774071E-04	0.00E+00
-4.6161444E-04	0.00E+00
-4.3843293E-04	0.00E+00
-4.0819618E-04	0.00E+00
-3.7191207E-04	0.00E+00
-3.3058851E-04	0.00E+00
-2.8624127E-04	0.00E+00
-2.3685457E-04	0.00E+00
-1.8645998E-04	0.00E+00
-1.3505750E-04	0.00E+00
-8.2647127E-05	0.00E+00
-3.0236754E-05	0.00E+00
2.0157836E-05	0.00E+00
6.7528750E-05	0.00E+00
1.1288388E-04	0.00E+00
1.5420744E-04	0.00E+00
1.9049155E-04	0.00E+00
2.2274409E-04	0.00E+00
2.4995716E-04	0.00E+00
2.7112289E-04	0.00E+00
2.8724916E-04	0.00E+00
2.9732808E-04	0.00E+00
3.0236754E-04	0.00E+00
3.0135965E-04	0.00E+00
2.9531230E-04	0.00E+00
2.8422549E-04	0.00E+00
2.6809922E-04	0.00E+00
2.4894927E-04	0.00E+00
2.2475987E-04	0.00E+00
1.9855468E-04	0.00E+00
1.7033371E-04	0.00E+00
1.3908907E-04	0.00E+00
1.0784442E-04	0.00E+00
7.5591884E-05	0.00E+00
4.2331455E-05	0.00E+00
1.1086810E-05	0.00E+00
-2.0157836E-05	0.00E+00
-4.8378806E-05	0.00E+00
-7.5591884E-05	0.00E+00
-9.9781287E-05	0.00E+00
-1.2195491E-04	0.00E+00
-1.4009696E-04	0.00E+00
-1.5622323E-04	0.00E+00
-1.6731004E-04	0.00E+00
-1.7638106E-04	0.00E+00
-1.8142052E-04	0.00E+00
-1.8242841E-04	0.00E+00
-1.8041263E-04	0.00E+00
-1.7537317E-04	0.00E+00
-1.6731004E-04	0.00E+00
-1.5723112E-04	0.00E+00
-1.4412853E-04	0.00E+00
-1.2901015E-04	0.00E+00
-1.1288388E-04	0.00E+00
-9.4741829E-05	0.00E+00
-7.5591884E-05	0.00E+00
-5.6441940E-05	0.00E+00
-3.7291996E-05	0.00E+00
-1.7134160E-05	0.00E+00
1.0078918E-06	0.00E+00
1.9149944E-05	0.00E+00
3.6284105E-05	0.00E+00
5.1402481E-05	0.00E+00
6.4505075E-05	0.00E+00
7.6599776E-05	0.00E+00
8.6678694E-05	0.00E+00
9.4741829E-05	0.00E+00
1.0078918E-04	0.00E+00
1.0482075E-04	0.00E+00
1.0582864E-04	0.00E+00
1.0582864E-04	0.00E+00
1.0381285E-04	0.00E+00
9.9781287E-05	0.00E+00
9.3733937E-05	0.00E+00
8.6678694E-05	0.00E+00
7.8615560E-05	0.00E+00
6.9544534E-05	0.00E+00
5.9465616E-05	0.00E+00
4.8378806E-05	0.00E+00
3.7291996E-05	0.00E+00
2.6205187E-05	0.00E+00
1.5118377E-05	0.00E+00
4.0315672E-06	0.00E+00
-7.0552425E-06	0.00E+00
-1.6126269E-05	0.00E+00
-2.5197295E-05	0.00E+00
-3.3260429E-05	0.00E+00
-4.1323564E-05	0.00E+00
-4.7370914E-05	0.00E+00
-5.1402481E-05	0.00E+00
-5.5434049E-05	0.00E+00
-5.7449832E-05	0.00E+00
-5.9465616E-05	0.00E+00
-5.9465616E-05	0.00E+00
-5.8457724E-05	0.00E+00
-5.6441940E-05	0.00E+00
-5.3418265E-05	0.00E+00
-4.9386698E-05	0.00E+00
-4.5355131E-05	0.00E+00
-4.0315672E-05	0.00E+00
-3.4268321E-05	0.00E+00
-2.8220970E-05	0.00E+00
-2.2173619E-05	0.00E+00
-1.6126269E-05	0.00E+00
-1.0078918E-05	0.00E+00
-4.0315672E-06	0.00E+00
2.0157836E-06	0.00E+00
8.0631343E-06	0.00E+00
1.3102593E-05	0.00E+00
1.7134160E-05	0.00E+00
2.1165728E-05	0.00E+00
2.4189403E-05	0.00E+00
2.7213078E-05	0.00E+00
2.9228862E-05	0.00E+00
3.0236754E-05	0.00E+00
3.1244646E-05	0.00E+00
3.1244646E-05	0.00E+00
3.1244646E-05	0.00E+00
3.0236754E-05	0.00E+00
2.8220970E-05	0.00E+00
2.6205187E-05	0.00E+00
2.4189403E-05	0.00E+00
2.1165728E-05	0.00E+00
1.8142052E-05	0.00E+00
1.5118377E-05	0.00E+00
1.2094702E-05	0.00E+00
8.0631343E-06	0.00E+00
5.0394590E-06	0.00E+00
2.0157836E-06	0.00E+00
-1.0078918E-06	0.00E+00
-4.0315672E-06	0.00E+00
-6.0473508E-06	0.00E+00
-9.0710261E-06	0.00E+00
-1.1086810E-05	0.00E+00
-1.2094702E-05	0.00E+00
-1.4110485E-05	0.00E+00
-1.5118377E-05	0.00E+00
-1.5118377E-05	0.00E+00
-1.6126269E-05	0.00E+00
-1.5118377E-05	0.00E+00
-1.5118377E-05	0.00E+00
-1.5118377E-05	0.00E+00
-1.4110485E-05	0.00E+00
-1.3102593E-05	0.00E+00
-1.2094702E-05	0.00E+00
-1.0078918E-05	0.00E+00
-9.0710261E-06	0.00E+00
-7.0552425E-06	0.00E+00
-5.0394590E-06	0.00E+00
-4.0315672E-06	0.00E+00
-2.0157836E-06	0.00E+00
-1.0078918E-06	0.00E+00
1.0078918E-06	0.00E+00
2.0157836E-06	0.00E+00
3.0236754E-06	0.00E+00
4.0315672E-06	0.00E+00
5.0394590E-06	0.00E+00
6.0473508E-06	0.00E+00
6.0473508E-06	0.00E+00
7.0552425E-06	0.00E+00
7.0552425E-06	0.00E+00
7.0552425E-06	0.00E+00
7.0552425E-06	0.00E+00
7.0552425E-06	0.00E+00
6.0473508E-06	0.00E+00
6.0473508E-06	0.00E+00
6.0473508E-06	0.00E+00
5.0394590E-06	0.00E+00
4.0315672E-06	0.00E+00
4.0315672E-06	0.00E+00
3.0236754E-06	0.00E+00
2.0157836E-06	0.00E+00
1.0078918E-06	0.00E+00
1.0078918E-06	0.00E+00
0.0000000E+00	0.00E+00
-1.0078918E-06	0.00E+00
-1.0078918E-06	0.00E+00
-2.0157836E-06	0.00E+00
-2.0157836E-06	0.00E+00
-2.0157836E-06	0.00E+00
-3.0236754E-06	0.00E+00
-3.0236754E-06	0.00E+00
-3.0236754E-06	0.00E+00
-3.0236754E-06	0.00E+00
-3.0236754E-06	0.00E+00
-3.0236754E-06	0.00E+00
-3.0236754E-06	0.00E+00
-2.0157836E-06	0.00E+00
-2.0157836E-06	0.00E+00
-2.0157836E-06	0.00E+00
-2.0157836E-06	0.00E+00
-1.0078918E-06	0.00E+00
-1.0078918E-06	0.00E+00
-1.0078918E-06	0.00E+00
-1.0078918E-06	0.00E+00
0.0000000E+00	0.00E+00
0.0000000E+00	0.00E+00
0.0000000E+00	0.00E+00
1.0078918E-06	0.00E+00
1.0078918E-06	0.00E+00
1.0078918E-06	0.00E+00
1.0078918E-06	0.00E+00
1.0078918E-06	0.00E+00
1.0078918E-06	0.00E+00
1.0078918E-06	0.00E+00
1.0078918E-06	0.00E+00
1.0078918E-06	0.00E+00
1.0078918E-06	0.00E+00
1.0078918E-06	0.00E+00
1.0078918E-06	0.00E+00
1.0078918E-06	0.00E+00
1.0078918E-06	0.00E+00
0.0000000E+00	0.00E+00
1.0078918E-06	0.00E+00
0.0000000E+00	0.00E+00
0.0000000E+00	0.00E+00
0.0000000E+00	0.00E+00
0.0000000E+00	0.00E+00
0.0000000E+00	0.00E+00
0.0000000E+00	0.00E+00
-1.0078918E-06	0.00E+00
-1.0078918E-06	0.00E+00
0.0000000E+00	0.00E+00
-1.0078918E-06	0.00E+00
-1.0078918E-06	0.00E+00
0.0000000E+00	0.00E+00
-1.0078918E-06	0.00E+00
-1.0078918E-06	0.00E+00
3.0236754E-06	0.00E+00
0 
