# Quanterra Q330 Baler Decimate by 10  FIR filter parameter file 
# coefficients are symetric, listed in time order;
# type                  2 
# npoles                0 
# input sample rate     1 
# decimal factor        10 
# normalization factor  1.0 
# gain factor           1.000000 
theoretical  1  anti_alias   fir    coef_conv 
1 10 199.5
400
-1.28828092e-009	0.0
 9.14503405e-009	0.0
 2.87476904e-008	0.0
 7.11241767e-008	0.0
 1.51310061e-007	0.0
 2.91624161e-007	0.0
 5.23189498e-007	0.0
 8.87843213e-007	0.0
 1.44005162e-006	0.0
 2.24865971e-006	0.0
 3.39826488e-006	0.0
 4.98999634e-006	0.0
 7.14144197e-006	0.0
 9.98547874e-006	0.0
 1.36677381e-005	0.0
 1.83425054e-005	0.0
 2.41668694e-005	0.0
 3.12930642e-005	0.0
 3.98589945e-005	0.0
 4.99771267e-005	0.0
 6.17220211e-005	0.0
 7.51170082e-005	0.0
 9.01205857e-005	0.0
 0.00010661337		0.0
 0.000124386483		0.0
 0.000143132449		0.0
 0.000162439595		0.0
 0.000181791096		0.0
 0.000200569513		0.0
 0.000218067856		0.0
 0.000233507438		0.0
 0.000246062962		0.0
 0.000254894577		0.0
 0.000259186228		0.0
 0.000258189102		0.0
 0.000251268851		0.0
 0.00023795382		0.0
 0.000217982247		0.0
 0.00019134536		0.0
 0.000158323091		0.0
 0.000119509517		0.0
 7.58249953e-005	0.0
 2.85122951e-005	0.0
-2.08851106e-005	0.0
-7.05638885e-005	0.0
-0.00011852094		0.0
-0.00016263187		0.0
-0.000200745591		0.0
-0.000230791746		0.0
-0.00025089609		0.0
-0.000259498571		0.0
-0.000255466904		0.0
-0.000238199442		0.0
-0.000207709323		0.0
-0.000164683297		0.0
-0.000110509143		0.0
-4.72663596e-005	0.0
 2.2323029e-005		0.0
 9.49848763e-005	0.0
 0.000167023521		0.0
 0.00023448898		0.0
 0.000293374469		0.0
 0.000339835649		0.0
 0.000370420748		0.0
 0.000382298807		0.0
 0.000373472488		0.0
 0.000342961138		0.0
 0.000290940603		0.0
 0.000218827306		0.0
 0.000129296604		0.0
 2.62285666e-005	0.0
-8.54221797e-005	0.0
-0.000199831178		0.0
-0.000310577452		0.0
-0.000410974869		0.0
-0.000494446256		0.0
-0.000554921105		0.0
-0.000587234622		0.0
-0.000587504298		0.0
-0.000553458347		0.0
-0.000484693009		0.0
-0.000382836529		0.0
-0.000251602934		0.0
-9.67231389e-005	0.0
 7.42515621e-005	0.0
 0.000252271566		0.0
 0.000427226506		0.0
 0.0005884798		0.0
 0.000725475081		0.0
 0.000828381569		0.0
 0.000888742855		0.0
 0.000900087353		0.0
 0.000858461483		0.0
 0.000762846262		0.0
 0.000615422613		0.0
 0.000421659147		0.0
 0.000190203253		0.0
-6.74309048e-005	0.0
-0.000337372737		0.0
-0.000604086031		0.0
-0.000851209566		0.0
-0.00106250588		0.0
-0.00122286635		0.0
-0.00131931377		0.0
-0.00134193967		0.0
-0.0012847149		0.0
-0.00114611199		0.0
-0.000929490662		0.0
-0.000643205188		0.0
-0.000300409156		0.0
 8.14499435e-005	0.0
 0.000481434777		0.0
 0.00087619014		0.0
 0.00124123308		0.0
 0.00155239471		0.0
 0.00178733305		0.0
 0.00192702783		0.0
 0.00195716135		0.0
 0.00186929386		0.0
 0.00166174676		0.0
 0.00134011928		0.0
 0.000917386088		0.0
 0.000413541769		0.0
-0.000145211466		0.0
-0.000727711361		0.0
-0.00129946659		0.0
-0.00182459201		0.0
-0.00226794835		0.0
-0.0025973611		0.0
-0.00278579164		0.0
-0.00281331502		0.0
-0.00266877771		0.0
-0.00235100835		0.0
-0.00186948047		0.0
-0.0012443579		0.0
-0.000505877833		0.0
 0.000306923466		0.0
 0.00114810548		0.0
 0.00196725572		0.0
 0.00271234126		0.0
 0.00333282724		0.0
 0.00378288654		0.0
 0.00402450701		0.0
 0.0040302989		0.0
 0.00378581485		0.0
 0.00329120969		0.0
 0.00256210216		0.0
 0.00162953662		0.0
 0.000539001426		0.0
-0.00065149716		0.0
-0.00187423802		0.0
-0.00305534713		0.0
-0.00411894545		0.0
-0.00499166501		0.0
-0.0056072846		0.0
-0.00591120961		0.0
-0.00586451776		0.0
-0.0054473076		0.0
-0.00466110836		0.0
-0.00353014865		0.0
-0.00210134988		0.0
-0.000442970165		0.0
 0.00135810394		0.0
 0.00320033333		0.0
 0.00497261155		0.0
 0.00656023062		0.0
 0.007851433		0.0
 0.0087442072		0.0
 0.00915295816		0.0
 0.00901466794		0.0
 0.00829416885		0.0
 0.0069881929		0.0
 0.00512791099		0.0
 0.00277973572		0.0
 4.42597047e-005	0.0
-0.00294670439		0.0
-0.00603491859		0.0
-0.00904218107		0.0
-0.0117781861		0.0
-0.0140494322		0.0
-0.0156687591		0.0
-0.0164650455		0.0
-0.0162925646		0.0
-0.0150395213		0.0
-0.0126352794		0.0
-0.00905589386		0.0
-0.00432758638		0.0
 0.00147205416		0.0
 0.00821529421		0.0
 0.0157279		0.0
 0.0237950831		0.0
 0.032169532		0.0
 0.0405811667		0.0
 0.0487481765		0.0
 0.0563888475		0.0
 0.0632336214		0.0
 0.0690367594		0.0
 0.0735871717		0.0
 0.0767176896		0.0
 0.0783125534		0.0
 0.0783125534		0.0
 0.0767176896		0.0
 0.0735871717		0.0
 0.0690367594		0.0
 0.0632336214		0.0
 0.0563888475		0.0
 0.0487481765		0.0
 0.0405811667		0.0
 0.032169532		0.0
 0.0237950831		0.0
 0.0157279		0.0
 0.00821529421		0.0
 0.00147205416		0.0
-0.00432758638		0.0
-0.00905589386		0.0
-0.0126352794		0.0
-0.0150395213		0.0
-0.0162925646		0.0
-0.0164650455		0.0
-0.0156687591		0.0
-0.0140494322		0.0
-0.0117781861		0.0
-0.00904218107		0.0
-0.00603491859		0.0
-0.00294670439		0.0
 4.42597047e-005	0.0
 0.00277973572		0.0
 0.00512791099		0.0
 0.0069881929		0.0
 0.00829416885		0.0
 0.00901466794		0.0
 0.00915295816		0.0
 0.0087442072		0.0
 0.007851433		0.0
 0.00656023062		0.0
 0.00497261155		0.0
 0.00320033333		0.0
 0.00135810394		0.0
-0.000442970165		0.0
-0.00210134988		0.0
-0.00353014865		0.0
-0.00466110836		0.0
-0.0054473076		0.0
-0.00586451776		0.0
-0.00591120961		0.0
-0.0056072846		0.0
-0.00499166501		0.0
-0.00411894545		0.0
-0.00305534713		0.0
-0.00187423802		0.0
-0.00065149716		0.0
 0.000539001426		0.0
 0.00162953662		0.0
 0.00256210216		0.0
 0.00329120969		0.0
 0.00378581485		0.0
 0.0040302989		0.0
 0.00402450701		0.0
 0.00378288654		0.0
 0.00333282724		0.0
 0.00271234126		0.0
 0.00196725572		0.0
 0.00114810548		0.0
 0.000306923466		0.0
-0.000505877833		0.0
-0.0012443579		0.0
-0.00186948047		0.0
-0.00235100835		0.0
-0.00266877771		0.0
-0.00281331502		0.0
-0.00278579164		0.0
-0.0025973611		0.0
-0.00226794835		0.0
-0.00182459201		0.0
-0.00129946659		0.0
-0.000727711361		0.0
-0.000145211466		0.0
 0.000413541769		0.0
 0.000917386088		0.0
 0.00134011928		0.0
 0.00166174676		0.0
 0.00186929386		0.0
 0.00195716135		0.0
 0.00192702783		0.0
 0.00178733305		0.0
 0.00155239471		0.0
 0.00124123308		0.0
 0.00087619014		0.0
 0.000481434777		0.0
 8.14499435e-005	0.0
-0.000300409156		0.0
-0.000643205188		0.0
-0.000929490662		0.0
-0.00114611199		0.0
-0.0012847149		0.0
-0.00134193967		0.0
-0.00131931377		0.0
-0.00122286635		0.0
-0.00106250588		0.0
-0.000851209566		0.0
-0.000604086031		0.0
-0.000337372737		0.0
-6.74309048e-005	0.0
 0.000190203253		0.0
 0.000421659147		0.0
 0.000615422613		0.0
 0.000762846262		0.0
 0.000858461483		0.0
 0.000900087353		0.0
 0.000888742855		0.0
 0.000828381569		0.0
 0.000725475081		0.0
 0.0005884798		0.0
 0.000427226506		0.0
 0.000252271566		0.0
 7.42515621e-005	0.0
-9.67231389e-005	0.0
-0.000251602934		0.0
-0.000382836529		0.0
-0.000484693009		0.0
-0.000553458347		0.0
-0.000587504298		0.0
-0.000587234622		0.0
-0.000554921105		0.0
-0.000494446256		0.0
-0.000410974869		0.0
-0.000310577452		0.0
-0.000199831178		0.0
-8.54221797e-005	0.0
 2.62285666e-005	0.0
 0.000129296604		0.0
 0.000218827306		0.0
 0.000290940603		0.0
 0.000342961138		0.0
 0.000373472488		0.0
 0.000382298807		0.0
 0.000370420748		0.0
 0.000339835649		0.0
 0.000293374469		0.0
 0.00023448898		0.0
 0.000167023521		0.0
 9.49848763e-005	0.0
 2.2323029e-005		0.0
-4.72663596e-005	0.0
-0.000110509143		0.0
-0.000164683297		0.0
-0.000207709323		0.0
-0.000238199442		0.0
-0.000255466904		0.0
-0.000259498571		0.0
-0.00025089609		0.0
-0.000230791746		0.0
-0.000200745591		0.0
-0.00016263187		0.0
-0.00011852094		0.0
-7.05638885e-005	0.0
-2.08851106e-005	0.0
 2.85122951e-005	0.0
 7.58249953e-005	0.0
 0.000119509517		0.0
 0.000158323091		0.0
 0.00019134536		0.0
 0.000217982247		0.0
 0.00023795382		0.0
 0.000251268851		0.0
 0.000258189102		0.0
 0.000259186228		0.0
 0.000254894577		0.0
 0.000246062962		0.0
 0.000233507438		0.0
 0.000218067856		0.0
 0.000200569513		0.0
 0.000181791096		0.0
 0.000162439595		0.0
 0.000143132449		0.0
 0.000124386483		0.0
 0.00010661337		0.0
 9.01205857e-005	0.0
 7.51170082e-005	0.0
 6.17220211e-005	0.0
 4.99771267e-005	0.0
 3.98589945e-005	0.0
 3.12930642e-005	0.0
 2.41668694e-005	0.0
 1.83425054e-005	0.0
 1.36677381e-005	0.0
 9.98547874e-006	0.0
 7.14144197e-006	0.0
 4.98999634e-006	0.0
 3.39826488e-006	0.0
 2.24865971e-006	0.0
 1.44005162e-006	0.0
 8.87843213e-007	0.0
 5.23189498e-007	0.0
 2.91624161e-007	0.0
 1.51310061e-007	0.0
 7.11241767e-008	0.0
 2.87476904e-008	0.0
 9.14503405e-009	0.0
-1.28828092e-009	0.0
0
