# F260M Quanterra FIR minimum phase filter parameter file 
# version:      \$Revision$\ \$Date$\
# 10 decimation factor delay=23.793 
# type			2 
# npoles		0 
# input sample interval	1.0e-03 
# decimation factor	10 
# normalization factor	1.0 
# gain factor		1.0 
theoretical  1  anti_alias   fir    coef_conv 
1000 10 23.793
260 
 4.609702955E-05	0.0 
 9.354957001E-05	0.0 
 1.855984301E-04	0.0 
 3.322452831E-04	0.0 
 5.531239440E-04	0.0 
 8.730033878E-04	0.0 
 1.320080133E-03	0.0 
 1.925947843E-03	0.0 
 2.724824706E-03	0.0 
 3.752608085E-03	0.0 
 5.046763923E-03	0.0 
 6.641747896E-03	0.0 
 8.569415659E-03	0.0 
 1.085716672E-02	0.0 
 1.352316421E-02	0.0 
 1.657426357E-02	0.0 
 2.000600472E-02	0.0 
 2.379892394E-02	0.0 
 2.791529894E-02	0.0 
 3.230065480E-02	0.0 
 3.688067943E-02	0.0 
 4.156227410E-02	0.0 
 4.623685405E-02	0.0 
 5.077883229E-02	0.0 
 5.505050719E-02	0.0 
 5.890738964E-02	0.0 
 6.220113486E-02	0.0 
 6.478506327E-02	0.0 
 6.652389467E-02	0.0 
 6.729575992E-02	0.0 
 6.700109690E-02	0.0 
 6.556912512E-02	0.0 
 6.296107173E-02	0.0 
 5.917708203E-02	0.0 
 5.425798520E-02	0.0 
 4.828619212E-02	0.0 
 4.138626903E-02	0.0 
 3.372291103E-02	0.0 
 2.549592033E-02	0.0 
 1.693388261E-02	0.0 
 8.287215605E-03	0.0 
-1.812939881E-04	0.0 
-8.207984269E-03	0.0 
-1.553708967E-02	0.0 
-2.193316258E-02	0.0 
-2.719259448E-02	0.0 
-3.115013242E-02	0.0 
-3.369113803E-02	0.0 
-3.475474566E-02	0.0 
-3.433821350E-02	0.0 
-3.249925002E-02	0.0 
-2.935413271E-02	0.0 
-2.507163025E-02	0.0 
-1.986876130E-02	0.0 
-1.399901509E-02	0.0 
-7.742678747E-03	0.0 
-1.392641687E-03	0.0 
 4.757362884E-03	0.0 
 1.042932086E-02	0.0 
 1.537114941E-02	0.0 
 1.937013119E-02	0.0 
 2.226375788E-02	0.0 
 2.394460328E-02	0.0 
 2.436802909E-02	0.0 
 2.355172858E-02	0.0 
 2.157553472E-02	0.0 
 1.857483946E-02	0.0 
 1.473488100E-02	0.0 
 1.027927827E-02	0.0 
 5.457511637E-03	0.0 
 5.333257141E-04	0.0 
-4.231868312E-03	0.0 
-8.591478691E-03	0.0 
-1.232561655E-02	0.0 
-1.525519229E-02	0.0 
-1.724776998E-02	0.0 
-1.822610199E-02	0.0 
-1.816916279E-02	0.0 
-1.711499877E-02	0.0 
-1.515301596E-02	0.0 
-1.242277119E-02	0.0 
-9.101052769E-03	0.0 
-5.393187050E-03	0.0 
-1.520598889E-03	0.0 
 2.293123631E-03	0.0 
 5.833754782E-03	0.0 
 8.909822442E-03	0.0 
 1.136058755E-02	0.0 
 1.306815445E-02	0.0 
 1.395914797E-02	0.0 
 1.401052903E-02	0.0 
 1.324871834E-02	0.0 
 1.174601912E-02	0.0 
 9.616161697E-03	0.0 
 7.005818188E-03	0.0 
 4.085261375E-03	0.0 
 1.036809175E-03	0.0 
-1.954514999E-03	0.0 
-4.714520182E-03	0.0 
-7.088084705E-03	0.0 
-8.947957307E-03	0.0 
-1.020274963E-02	0.0 
-1.079997420E-02	0.0 
-1.072843745E-02	0.0 
-1.001767162E-02	0.0 
-8.734920993E-03	0.0 
-6.978864316E-03	0.0 
-4.874051083E-03	0.0 
-2.561483998E-03	0.0 
-1.887050894E-04	0.0 
 2.097048331E-03	0.0 
 4.160894081E-03	0.0 
 5.885533057E-03	0.0 
 7.179896813E-03	0.0 
 7.981666364E-03	0.0 
 8.262724616E-03	0.0 
 8.026872762E-03	0.0 
 7.310085464E-03	0.0 
 6.177156698E-03	0.0 
 4.714830313E-03	0.0 
 3.027866827E-03	0.0 
 1.229931950E-03	0.0 
-5.627380451E-04	0.0 
-2.240001690E-03	0.0 
-3.702135757E-03	0.0 
-4.868856631E-03	0.0 
-5.680531729E-03	0.0 
-6.103029009E-03	0.0 
-6.127828266E-03	0.0 
-5.772251170E-03	0.0 
-5.075794645E-03	0.0 
-4.098872188E-03	0.0 
-2.916018711E-03	0.0 
-1.611321582E-03	0.0 
-2.732906141E-04	0.0 
 1.012324356E-03	0.0 
 2.166822553E-03	0.0 
 3.123845672E-03	0.0 
 3.831942333E-03	0.0 
 4.259531852E-03	0.0 
 4.392415285E-03	0.0 
 4.237567540E-03	0.0 
 3.818887752E-03	0.0 
 3.176110331E-03	0.0 
 2.361288760E-03	0.0 
 1.434805687E-03	0.0 
 4.609341850E-04	0.0 
-4.968097201E-04	0.0 
-1.378223533E-03	0.0 
-2.132568043E-03	0.0 
-2.719027922E-03	0.0 
-3.109832294E-03	0.0 
-3.291789908E-03	0.0 
-3.265180392E-03	0.0 
-3.043799894E-03	0.0 
-2.653160132E-03	0.0 
-2.128105843E-03	0.0 
-1.509365160E-03	0.0 
-8.422890678E-04	0.0 
-1.716260012E-04	0.0 
 4.604905262E-04	0.0 
 1.016325201E-03	0.0 
 1.466433518E-03	0.0 
 1.789439819E-03	0.0 
 1.974065090E-03	0.0 
 2.018134343E-03	0.0 
 1.929736580E-03	0.0 
 1.723671681E-03	0.0 
 1.422406174E-03	0.0 
 1.052967738E-03	0.0 
 6.438820274E-04	0.0 
 2.258362656E-04	0.0 
-1.738004212E-04	0.0 
-5.294632865E-04	0.0 
-8.221727912E-04	0.0 
-1.036343863E-03	0.0 
-1.165057765E-03	0.0 
-1.205927110E-03	0.0 
-1.163375797E-03	0.0 
-1.047258265E-03	0.0 
-8.709777030E-04	0.0 
-6.512745167E-04	0.0 
-4.067220725E-04	0.0 
-1.558451040E-04	0.0 
 8.432054892E-05	0.0 
 2.978779667E-04	0.0 
 4.729092761E-04	0.0 
 6.011145306E-04	0.0 
 6.770903128E-04	0.0 
 7.008539978E-04	0.0 
 6.748266751E-04	0.0 
 6.052816170E-04	0.0 
 5.009307642E-04	0.0 
 3.718127555E-04	0.0 
 2.291357960E-04	0.0 
 8.350402641E-05	0.0 
-5.375534602E-05	0.0 
-1.751277887E-04	0.0 
-2.727923275E-04	0.0 
-3.425341274E-04	0.0 
-3.820975835E-04	0.0 
-3.915650304E-04	0.0 
-3.729540622E-04	0.0 
-3.305894206E-04	0.0 
-2.693994029E-04	0.0 
-1.954909385E-04	0.0 
-1.154975325E-04	0.0 
-3.545508662E-05	0.0 
 3.934091728E-05	0.0 
 1.032339133E-04	0.0 
 1.534182229E-04	0.0 
 1.879093761E-04	0.0 
 2.052731143E-04	0.0 
 2.067741589E-04	0.0 
 1.934354805E-04	0.0 
 1.678299741E-04	0.0 
 1.334013068E-04	0.0 
 9.316037904E-05	0.0 
 5.067656457E-05	0.0 
 9.373725334E-06	0.0 
-2.782626689E-05	0.0 
-5.894873175E-05	0.0 
-8.222017641E-05	0.0 
-9.660981596E-05	0.0 
-1.026267710E-04	0.0 
-1.008395193E-04	0.0 
-9.161897469E-05	0.0 
-7.727171032E-05	0.0 
-5.878332013E-05	0.0 
-3.827784531E-05	0.0 
-1.817191333E-05	0.0 
 1.337358526E-06	0.0 
 1.806470937E-05	0.0 
 3.105981523E-05	0.0 
 4.013070429E-05	0.0 
 4.544014882E-05	0.0 
 4.589291711E-05	0.0 
 4.370677561E-05	0.0 
 3.794501390E-05	0.0 
 3.076095527E-05	0.0 
 2.150317414E-05	0.0 
 1.294615868E-05	0.0 
 3.249449946E-06	0.0 
-2.783157470E-06	0.0 
-1.048197555E-05	0.0 
-1.368190988E-05	0.0 
-1.856702875E-05	0.0 
-1.637725290E-05	0.0 
-1.913216693E-05	0.0 
-1.351934498E-05	0.0 
-1.489227088E-05	0.0 
-6.984414540E-06	0.0 
-8.765965504E-06	0.0 
-2.831910422E-07	0.0 
-1.666146545E-06	0.0 
 3.442723028E-06	0.0 
 4.920823812E-06	0.0 
-5.111238366E-08	0.0 
 1.507976413E-05	0.0 
 1.079287267E-05	0.0 
0 
