# F260 Quanterra FIR linear phase filter parameter file 
# version:      $Revision$Date: 2007/05/26 22:51:26
# 10 decimation factor 
# type			2 
# npoles		0 
# input sample interval	1.0e-03 
# decimation factor	10 
# normalization factor	1.0 
# gain factor		1.0 
theoretical  1  anti_alias   fir    coef_conv 
1000 10 129.5
260 
-2.21394471E-05	0.0 
-3.84535825E-05	0.0 
-4.37853401E-05	0.0 
-7.33722980E-05	0.0 
-9.14422304E-05	0.0 
-1.23938042E-04	0.0 
-1.49931447E-04	0.0 
-1.82887343E-04	0.0 
-2.09853867E-04	0.0 
-2.37086763E-04	0.0 
-2.56050526E-04	0.0 
-2.69085953E-04	0.0 
-2.70466351E-04	0.0 
-2.60901743E-04	0.0 
-2.37020459E-04	0.0 
-1.99575960E-04	0.0 
-1.47611400E-04	0.0 
-8.30789101E-05	0.0 
-7.54570009E-06	0.0 
 7.52988073E-05	0.0 
 1.61596249E-04	0.0 
 2.46079034E-04	0.0 
 3.23379948E-04	0.0 
 3.87565407E-04	0.0 
 4.33107109E-04	0.0 
 4.54859531E-04	0.0 
 4.48835703E-04	0.0 
 4.12364361E-04	0.0 
 3.44629919E-04	0.0 
 2.46817380E-04	0.0 
 1.22360547E-04	0.0 
-2.31280356E-05	0.0 
-1.81951134E-04	0.0 
-3.44674611E-04	0.0 
-5.00592269E-04	0.0 
-6.38365653E-04	0.0 
-7.46739523E-04	0.0 
-8.15366206E-04	0.0 
-8.35626825E-04	0.0 
-8.01409689E-04	0.0 
-7.09796216E-04	0.0 
-5.61590365E-04	0.0 
-3.61609291E-04	0.0 
-1.18741082E-04	0.0 
 1.54299848E-04	0.0 
 4.41516910E-04	0.0 
 7.24451325E-04	0.0 
 9.83254668E-04	0.0 
 1.19797250E-03	0.0 
 1.34993433E-03	0.0 
 1.42317743E-03	0.0 
 1.40583275E-03	0.0 
 1.29129178E-03	0.0 
 1.07914617E-03	0.0 
 7.75740225E-04	0.0 
 3.94305391E-04	0.0 
-4.53973317E-05	0.0 
-5.17899887E-04	0.0 
-9.93356613E-04	0.0 
-1.43926207E-03	0.0 
-1.82251312E-03	0.0 
-2.11168216E-03	0.0 
-2.27933641E-03	0.0 
-2.30428586E-03	0.0 
-2.17355190E-03	0.0 
-1.88391749E-03	0.0 
-1.44292317E-03	0.0 
-8.69178473E-04	0.0 
-1.91919019E-04	0.0 
 5.50195363E-04	0.0 
 1.31105057E-03	0.0 
 2.03971158E-03	0.0 
 2.68357106E-03	0.0 
 3.19189196E-03	0.0 
 3.51942906E-03	0.0 
 3.62999244E-03	0.0 
 3.49960900E-03	0.0 
 3.11909193E-03	0.0 
 2.49577942E-03	0.0 
 1.65425081E-03	0.0 
 6.35925437E-04	0.0 
-5.02531249E-04	0.0 
-1.69196661E-03	0.0 
-2.85453260E-03	0.0 
-3.90836765E-03	0.0 
-4.77287659E-03	0.0 
-5.37430179E-03	0.0 
-5.65125145E-03	0.0 
-5.55977441E-03	0.0 
-5.07763678E-03	0.0 
-4.20745577E-03	0.0 
-2.97838400E-03	0.0 
-1.44616994E-03	0.0 
 3.08558873E-04	0.0 
 2.18377229E-03	0.0 
 4.06116126E-03	0.0 
 5.81273483E-03	0.0 
 7.30846983E-03	0.0 
 8.42472246E-03	0.0 
 9.05277497E-03	0.0 
 9.10711322E-03	0.0 
 8.53281201E-03	0.0 
 7.31155462E-03	0.0 
 5.46582627E-03	0.0 
 3.06090353E-03	0.0 
 2.04397501E-04	0.0 
-2.95675636E-03	0.0 
-6.24184564E-03	0.0 
-9.44424366E-03	0.0 
-1.23412755E-02	0.0 
-1.47055941E-02	0.0 
-1.63174817E-02	0.0 
-1.69774244E-02	0.0 
-1.65182284E-02	0.0 
-1.48159967E-02	0.0 
-1.17992690E-02	0.0 
-7.45576533E-03	0.0 
-1.83624710E-03	0.0 
 4.94480992E-03	0.0 
 1.27118799E-02	0.0 
 2.12343372E-02	0.0 
 3.02354844E-02	0.0 
 3.94042148E-02	0.0 
 4.84087909E-02	0.0 
 5.69119955E-02	0.0 
 6.45869173E-02	0.0 
 7.11325042E-02	0.0 
 7.62880835E-02	0.0 
 7.98460483E-02	0.0 
 8.16620350E-02	0.0 
 8.16620350E-02	0.0 
 7.98460483E-02	0.0 
 7.62880835E-02	0.0 
 7.11325042E-02	0.0 
 6.45869173E-02	0.0 
 5.69119955E-02	0.0 
 4.84087909E-02	0.0 
 3.94042148E-02	0.0 
 3.02354844E-02	0.0 
 2.12343372E-02	0.0 
 1.27118799E-02	0.0 
 4.94480992E-03	0.0 
-1.83624710E-03	0.0 
-7.45576533E-03	0.0 
-1.17992690E-02	0.0 
-1.48159967E-02	0.0 
-1.65182284E-02	0.0 
-1.69774244E-02	0.0 
-1.63174817E-02	0.0 
-1.47055941E-02	0.0 
-1.23412755E-02	0.0 
-9.44424366E-03	0.0 
-6.24184564E-03	0.0 
-2.95675636E-03	0.0 
 2.04397501E-04	0.0 
 3.06090353E-03	0.0 
 5.46582627E-03	0.0 
 7.31155462E-03	0.0 
 8.53281201E-03	0.0 
 9.10711322E-03	0.0 
 9.05277497E-03	0.0 
 8.42472246E-03	0.0 
 7.30846983E-03	0.0 
 5.81273483E-03	0.0 
 4.06116126E-03	0.0 
 2.18377229E-03	0.0 
 3.08558873E-04	0.0 
-1.44616994E-03	0.0 
-2.97838400E-03	0.0 
-4.20745577E-03	0.0 
-5.07763678E-03	0.0 
-5.55977441E-03	0.0 
-5.65125145E-03	0.0 
-5.37430179E-03	0.0 
-4.77287659E-03	0.0 
-3.90836765E-03	0.0 
-2.85453260E-03	0.0 
-1.69196661E-03	0.0 
-5.02531249E-04	0.0 
 6.35925437E-04	0.0 
 1.65425081E-03	0.0 
 2.49577942E-03	0.0 
 3.11909193E-03	0.0 
 3.49960900E-03	0.0 
 3.62999244E-03	0.0 
 3.51942906E-03	0.0 
 3.19189196E-03	0.0 
 2.68357106E-03	0.0 
 2.03971158E-03	0.0 
 1.31105057E-03	0.0 
 5.50195363E-04	0.0 
-1.91919019E-04	0.0 
-8.69178473E-04	0.0 
-1.44292317E-03	0.0 
-1.88391749E-03	0.0 
-2.17355190E-03	0.0 
-2.30428586E-03	0.0 
-2.27933641E-03	0.0 
-2.11168216E-03	0.0 
-1.82251312E-03	0.0 
-1.43926207E-03	0.0 
-9.93356613E-04	0.0 
-5.17899887E-04	0.0 
-4.53973317E-05	0.0 
 3.94305391E-04	0.0 
 7.75740225E-04	0.0 
 1.07914617E-03	0.0 
 1.29129178E-03	0.0 
 1.40583275E-03	0.0 
 1.42317743E-03	0.0 
 1.34993433E-03	0.0 
 1.19797250E-03	0.0 
 9.83254668E-04	0.0 
 7.24451325E-04	0.0 
 4.41516910E-04	0.0 
 1.54299848E-04	0.0 
-1.18741082E-04	0.0 
-3.61609291E-04	0.0 
-5.61590365E-04	0.0 
-7.09796216E-04	0.0 
-8.01409689E-04	0.0 
-8.35626825E-04	0.0 
-8.15366206E-04	0.0 
-7.46739523E-04	0.0 
-6.38365653E-04	0.0 
-5.00592269E-04	0.0 
-3.44674611E-04	0.0 
-1.81951134E-04	0.0 
-2.31280356E-05	0.0 
 1.22360547E-04	0.0 
 2.46817380E-04	0.0 
 3.44629919E-04	0.0 
 4.12364361E-04	0.0 
 4.48835703E-04	0.0 
 4.54859531E-04	0.0 
 4.33107109E-04	0.0 
 3.87565407E-04	0.0 
 3.23379948E-04	0.0 
 2.46079034E-04	0.0 
 1.61596249E-04	0.0 
 7.52988073E-05	0.0 
-7.54570009E-06	0.0 
-8.30789101E-05	0.0 
-1.47611400E-04	0.0 
-1.99575960E-04	0.0 
-2.37020459E-04	0.0 
-2.60901743E-04	0.0 
-2.70466351E-04	0.0 
-2.69085953E-04	0.0 
-2.56050526E-04	0.0 
-2.37086763E-04	0.0 
-2.09853867E-04	0.0 
-1.82887343E-04	0.0 
-1.49931447E-04	0.0 
-1.23938042E-04	0.0 
-9.14422304E-05	0.0 
-7.33722980E-05	0.0 
-4.37853401E-05	0.0 
-3.84535825E-05	0.0 
-2.21394471E-05	0.0 
0 
