# F400M Quanterra FIR filter parameter file 
# used in the Q4120 first stage. 
# 16 decimation factor 
# type			2 
# npoles		0 
# input sample interval	1.0e-03 
# decimal factor	16 
# normalization factor	1.0 
# gain factor		1.0 
theoretical  1  anti_alias   fir    coef_conv 
1000 16 
400 
 1.082831E-06	0.0 
 1.780827E-06	0.0 
 3.241039E-06	0.0 
 5.462732E-06	0.0 
 8.682945E-06	0.0 
 1.324084E-05	0.0 
 1.956529E-05	0.0 
 2.818513E-05	0.0 
 3.965690E-05	0.0 
 5.468870E-05	0.0 
 7.415355E-05	0.0 
 9.898917E-05	0.0 
 1.303676E-04	0.0 
 1.695495E-04	0.0 
 2.179822E-04	0.0 
 2.773172E-04	0.0 
 3.493649E-04	0.0 
 4.361384E-04	0.0 
 5.398432E-04	0.0 
 6.628664E-04	0.0 
 8.077706E-04	0.0 
 9.773340E-04	0.0 
 1.174431E-03	0.0 
 1.402138E-03	0.0 
 1.663599E-03	0.0 
 1.962069E-03	0.0 
 2.300847E-03	0.0 
 2.683249E-03	0.0 
 3.112535E-03	0.0 
 3.591899E-03	0.0 
 4.124369E-03	0.0 
 4.712769E-03	0.0 
 5.359664E-03	0.0 
 6.067245E-03	0.0 
 6.837314E-03	0.0 
 7.671170E-03	0.0 
 8.569553E-03	0.0 
 9.532562E-03	0.0 
 1.055960E-02	0.0 
 1.164928E-02	0.0 
 1.279939E-02	0.0 
 1.400681E-02	0.0 
 1.526750E-02	0.0 
 1.657644E-02	0.0 
 1.792760E-02	0.0 
 1.931393E-02	0.0 
 2.072737E-02	0.0 
 2.215888E-02	0.0 
 2.359842E-02	0.0 
 2.503505E-02	0.0 
 2.645699E-02	0.0 
 2.785167E-02	0.0 
 2.920589E-02	0.0 
 3.050587E-02	0.0 
 3.173746E-02	0.0 
 3.288624E-02	0.0 
 3.393773E-02	0.0 
 3.487751E-02	0.0 
 3.569148E-02	0.0 
 3.636600E-02	0.0 
 3.688814E-02	0.0 
 3.724588E-02	0.0 
 3.742826E-02	0.0 
 3.742567E-02	0.0 
 3.723000E-02	0.0 
 3.683481E-02	0.0 
 3.623552E-02	0.0 
 3.542958E-02	0.0 
 3.441656E-02	0.0 
 3.319830E-02	0.0 
 3.177895E-02	0.0 
 3.016503E-02	0.0 
 2.836546E-02	0.0 
 2.639154E-02	0.0 
 2.425689E-02	0.0 
 2.197735E-02	0.0 
 1.957086E-02	0.0 
 1.705735E-02	0.0 
 1.445844E-02	0.0 
 1.179732E-02	0.0 
 9.098433E-03	0.0 
 6.387184E-03	0.0 
 3.689670E-03	0.0 
 1.032318E-03	0.0 
-1.558448E-03	0.0 
-4.056556E-03	0.0 
-6.436653E-03	0.0 
-8.674458E-03	0.0 
-1.074711E-02	0.0 
-1.263352E-02	0.0 
-1.431466E-02	0.0 
-1.577390E-02	0.0 
-1.699724E-02	0.0 
-1.797356E-02	0.0 
-1.869481E-02	0.0 
-1.915614E-02	0.0 
-1.935605E-02	0.0 
-1.929638E-02	0.0 
-1.898237E-02	0.0 
-1.842258E-02	0.0 
-1.762881E-02	0.0 
-1.661593E-02	0.0 
-1.540168E-02	0.0 
-1.400646E-02	0.0 
-1.245297E-02	0.0 
-1.076596E-02	0.0 
-8.971803E-03	0.0 
-7.098130E-03	0.0 
-5.173418E-03	0.0 
-3.226554E-03	0.0 
-1.286399E-03	0.0 
 6.186511E-04	0.0 
 2.461092E-03	0.0 
 4.214740E-03	0.0 
 5.855118E-03	0.0 
 7.359834E-03	0.0 
 8.708910E-03	0.0 
 9.885080E-03	0.0 
 1.087404E-02	0.0 
 1.166465E-02	0.0 
 1.224907E-02	0.0 
 1.262286E-02	0.0 
 1.278504E-02	0.0 
 1.273799E-02	0.0 
 1.248746E-02	0.0 
 1.204238E-02	0.0 
 1.141467E-02	0.0 
 1.061903E-02	0.0 
 9.672629E-03	0.0 
 8.594780E-03	0.0 
 7.406604E-03	0.0 
 6.130626E-03	0.0 
 4.790372E-03	0.0 
 3.409956E-03	0.0 
 2.013647E-03	0.0 
 6.254581E-04	0.0 
-7.312728E-04	0.0 
-2.034272E-03	0.0 
-3.262701E-03	0.0 
-4.397490E-03	0.0 
-5.421645E-03	0.0 
-6.320503E-03	0.0 
-7.081943E-03	0.0 
-7.696557E-03	0.0 
-8.157752E-03	0.0 
-8.461813E-03	0.0 
-8.607911E-03	0.0 
-8.598045E-03	0.0 
-8.436956E-03	0.0 
-8.131962E-03	0.0 
-7.692782E-03	0.0 
-7.131293E-03	0.0 
-6.461262E-03	0.0 
-5.698049E-03	0.0 
-4.858287E-03	0.0 
-3.959539E-03	0.0 
-3.019952E-03	0.0 
-2.057906E-03	0.0 
-1.091660E-03	0.0 
-1.390218E-04	0.0 
 7.829801E-04	0.0 
 1.658393E-03	0.0 
 2.472610E-03	0.0 
 3.212610E-03	0.0 
 3.867161E-03	0.0 
 4.426980E-03	0.0 
 4.884858E-03	0.0 
 5.235733E-03	0.0 
 5.476727E-03	0.0 
 5.607134E-03	0.0 
 5.628374E-03	0.0 
 5.543895E-03	0.0 
 5.359047E-03	0.0 
 5.080922E-03	0.0 
 4.718157E-03	0.0 
 4.280722E-03	0.0 
 3.779680E-03	0.0 
 3.226937E-03	0.0 
 2.634983E-03	0.0 
 2.016624E-03	0.0 
 1.384723E-03	0.0 
 7.519443E-04	0.0 
 1.305095E-04	0.0 
-4.680282E-04	0.0 
-1.032990E-03	0.0 
-1.554753E-03	0.0 
-2.024904E-03	0.0 
-2.436367E-03	0.0 
-2.783493E-03	0.0 
-3.062120E-03	0.0 
-3.269608E-03	0.0 
-3.404830E-03	0.0 
-3.468141E-03	0.0 
-3.461312E-03	0.0 
-3.387446E-03	0.0 
-3.250856E-03	0.0 
-3.056939E-03	0.0 
-2.812018E-03	0.0 
-2.523179E-03	0.0 
-2.198096E-03	0.0 
-1.844851E-03	0.0 
-1.471751E-03	0.0 
-1.087148E-03	0.0 
-6.992659E-04	0.0 
-3.160361E-04	0.0 
 5.505296E-05	0.0 
 4.070936E-04	0.0 
 7.338763E-04	0.0 
 1.029988E-03	0.0 
 1.290891E-03	0.0 
 1.512978E-03	0.0 
 1.693609E-03	0.0 
 1.831121E-03	0.0 
 1.924818E-03	0.0 
 1.974946E-03	0.0 
 1.982643E-03	0.0 
 1.949873E-03	0.0 
 1.879348E-03	0.0 
 1.774437E-03	0.0 
 1.639060E-03	0.0 
 1.477582E-03	0.0 
 1.294697E-03	0.0 
 1.095313E-03	0.0 
 8.844385E-04	0.0 
 6.670679E-04	0.0 
 4.480757E-04	0.0 
 2.321200E-04	0.0 
 2.355169E-05	0.0 
-1.736647E-04	0.0 
-3.560145E-04	0.0 
-5.204882E-04	0.0 
-6.646196E-04	0.0 
-7.865114E-04	0.0 
-8.848459E-04	0.0 
-9.588858E-04	0.0 
-1.008455E-03	0.0 
-1.033917E-03	0.0 
-1.036135E-03	0.0 
-1.016428E-03	0.0 
-9.765151E-04	0.0 
-9.184563E-04	0.0 
-8.445886E-04	0.0 
-7.574588E-04	0.0 
-6.597553E-04	0.0 
-5.542388E-04	0.0 
-4.436807E-04	0.0 
-3.307953E-04	0.0 
-2.181870E-04	0.0 
-1.082966E-04	0.0 
-3.354812E-06	0.0 
 9.465283E-05	0.0 
 1.840183E-04	0.0 
 2.633324E-04	0.0 
 3.314989E-04	0.0 
 3.877383E-04	0.0 
 4.315919E-04	0.0 
 4.629043E-04	0.0 
 4.818163E-04	0.0 
 4.887383E-04	0.0 
 4.843253E-04	0.0 
 4.694480E-04	0.0 
 4.451571E-04	0.0 
 4.126484E-04	0.0 
 3.732258E-04	0.0 
 3.282654E-04	0.0 
 2.791743E-04	0.0 
 2.273637E-04	0.0 
 1.742071E-04	0.0 
 1.210171E-04	0.0 
 6.901663E-05	0.0 
 1.931492E-05	0.0 
-2.710866E-05	0.0 
-6.942020E-05	0.0 
-1.069412E-04	0.0 
-1.391550E-04	0.0 
-1.657030E-04	0.0 
-1.863919E-04	0.0 
-2.011743E-04	0.0 
-2.101506E-04	0.0 
-2.135495E-04	0.0 
-2.117151E-04	0.0 
-2.050911E-04	0.0 
-1.942032E-04	0.0 
-1.796382E-04	0.0 
-1.620278E-04	0.0 
-1.420313E-04	0.0 
-1.203097E-04	0.0 
-9.752245E-05	0.0 
-7.429788E-05	0.0 
-5.122913E-05	0.0 
-2.885957E-05	0.0 
-7.671459E-06	0.0 
 1.191924E-05	0.0 
 2.956797E-05	0.0 
 4.500616E-05	0.0 
 5.804303E-05	0.0 
 6.855705E-05	0.0 
 7.650728E-05	0.0 
 8.191150E-05	0.0 
 8.485455E-05	0.0 
 8.547398E-05	0.0 
 8.395324E-05	0.0 
 8.051452E-05	0.0 
 7.541093E-05	0.0 
 6.891427E-05	0.0 
 6.130867E-05	0.0 
 5.288629E-05	0.0 
 4.392662E-05	0.0 
 3.470820E-05	0.0 
 2.548432E-05	0.0 
 1.648924E-05	0.0 
 7.930923E-06	0.0 
-1.335887E-08	0.0 
-7.198596E-06	0.0 
-1.351001E-05	0.0 
-1.886707E-05	0.0 
-2.322450E-05	0.0 
-2.655889E-05	0.0 
-2.888777E-05	0.0 
-3.024276E-05	0.0 
-3.068477E-05	0.0 
-3.029143E-05	0.0 
-2.915480E-05	0.0 
-2.737691E-05	0.0 
-2.507044E-05	0.0 
-2.234794E-05	0.0 
-1.932194E-05	0.0 
-1.610938E-05	0.0 
-1.280843E-05	0.0 
-9.523409E-06	0.0 
-6.338224E-06	0.0 
-3.329103E-06	0.0 
-5.598779E-07	0.0 
 1.918762E-06	0.0 
 4.072373E-06	0.0 
 5.874391E-06	0.0 
 7.312286E-06	0.0 
 8.390552E-06	0.0 
 9.109750E-06	0.0 
 9.497940E-06	0.0 
 9.575160E-06	0.0 
 9.376262E-06	0.0 
 8.938288E-06	0.0 
 8.301693E-06	0.0 
 7.504598E-06	0.0 
 6.592431E-06	0.0 
 5.603302E-06	0.0 
 4.571324E-06	0.0 
 3.540418E-06	0.0 
 2.530247E-06	0.0 
 1.577183E-06	0.0 
 6.993072E-07	0.0 
-8.604746E-08	0.0 
-7.667668E-07	0.0 
-1.333256E-06	0.0 
-1.787562E-06	0.0 
-2.126689E-06	0.0 
-2.352670E-06	0.0 
-2.482436E-06	0.0 
-2.509892E-06	0.0 
-2.459847E-06	0.0 
-2.335345E-06	0.0 
-2.152362E-06	0.0 
-1.925150E-06	0.0 
-1.670768E-06	0.0 
-1.395240E-06	0.0 
-1.117376E-06	0.0 
-8.454301E-07	0.0 
-5.794826E-07	0.0 
-3.444687E-07	0.0 
-1.250533E-07	0.0 
 6.174352E-08	0.0 
 2.187376E-07	0.0 
 3.442481E-07	0.0 
 4.374807E-07	0.0 
 4.931357E-07	0.0 
 5.255189E-07	0.0 
 5.344753E-07	0.0 
 5.136161E-07	0.0 
 4.902979E-07	0.0 
 4.349200E-07	0.0 
 3.819857E-07	0.0 
 3.223668E-07	0.0 
 2.602309E-07	0.0 
 1.936316E-07	0.0 
 1.338251E-07	0.0 
 6.867246E-08	0.0 
 2.144369E-08	0.0 
-1.967135E-09	0.0 
-4.752218E-08	0.0 
-6.271905E-08	0.0 
-1.019067E-07	0.0 
-1.201529E-07	0.0 
-1.103657E-07	0.0 
-1.029488E-07	0.0 
-1.196599E-07	0.0 
-1.361229E-07	0.0 
-1.463918E-07	0.0 
-1.475235E-07	0.0 
 3.980228E-07	0.0 
0 
