# F640M Quanterra FIR filter parameter file 
# used in the Q730 first stage. 
# 20 decimation factor 
# type			2 
# npoles		0 
# input sample interval	1.0e-03 
# decimal factor	20 
# normalization factor	1.0 
# gain factor		1.0 
theoretical  1  anti_alias   fir    coef_conv 
1000 20 
640 
 3.000000e-06	0.0 
-1.000000e-06	0.0 
-1.000000e-06	0.0 
 0.000000e+00	0.0 
-1.000000e-06	0.0 
-1.000000e-06	0.0 
 0.000000e+00	0.0 
-1.000000e-06	0.0 
-1.000000e-06	0.0 
 0.000000e+00	0.0 
 0.000000e+00	0.0 
 0.000000e+00	0.0 
 0.000000e+00	0.0 
 0.000000e+00	0.0 
 0.000000e+00	0.0 
 1.000000e-06	0.0 
 0.000000e+00	0.0 
 1.000000e-06	0.0 
 1.000000e-06	0.0 
 1.000000e-06	0.0 
 1.000000e-06	0.0 
 1.000000e-06	0.0 
 1.000000e-06	0.0 
 1.000000e-06	0.0 
 1.000000e-06	0.0 
 1.000000e-06	0.0 
 1.000000e-06	0.0 
 1.000000e-06	0.0 
 1.000000e-06	0.0 
 1.000000e-06	0.0 
 1.000000e-06	0.0 
 0.000000e+00	0.0 
 0.000000e+00	0.0 
 0.000000e+00	0.0 
-1.000000e-06	0.0 
-1.000000e-06	0.0 
-1.000000e-06	0.0 
-1.000000e-06	0.0 
-2.000000e-06	0.0 
-2.000000e-06	0.0 
-2.000000e-06	0.0 
-2.000000e-06	0.0 
-3.000000e-06	0.0 
-3.000000e-06	0.0 
-3.000000e-06	0.0 
-3.000000e-06	0.0 
-3.000000e-06	0.0 
-3.000000e-06	0.0 
-3.000000e-06	0.0 
-2.000000e-06	0.0 
-2.000000e-06	0.0 
-2.000000e-06	0.0 
-1.000000e-06	0.0 
-1.000000e-06	0.0 
 0.000000e+00	0.0 
 1.000000e-06	0.0 
 1.000000e-06	0.0 
 2.000000e-06	0.0 
 3.000000e-06	0.0 
 4.000000e-06	0.0 
 4.000000e-06	0.0 
 5.000000e-06	0.0 
 6.000000e-06	0.0 
 6.000000e-06	0.0 
 6.000000e-06	0.0 
 7.000000e-06	0.0 
 7.000000e-06	0.0 
 7.000000e-06	0.0 
 7.000000e-06	0.0 
 7.000000e-06	0.0 
 6.000000e-06	0.0 
 6.000000e-06	0.0 
 5.000000e-06	0.0 
 4.000000e-06	0.0 
 3.000000e-06	0.0 
 2.000000e-06	0.0 
 1.000000e-06	0.0 
-1.000000e-06	0.0 
-2.000000e-06	0.0 
-4.000000e-06	0.0 
-5.000000e-06	0.0 
-7.000000e-06	0.0 
-9.000000e-06	0.0 
-1.000000e-05	0.0 
-1.200000e-05	0.0 
-1.300000e-05	0.0 
-1.400000e-05	0.0 
-1.500000e-05	0.0 
-1.500000e-05	0.0 
-1.500000e-05	0.0 
-1.600000e-05	0.0 
-1.500000e-05	0.0 
-1.500000e-05	0.0 
-1.400000e-05	0.0 
-1.200000e-05	0.0 
-1.100000e-05	0.0 
-9.000000e-06	0.0 
-6.000000e-06	0.0 
-4.000000e-06	0.0 
-1.000000e-06	0.0 
 2.000000e-06	0.0 
 5.000000e-06	0.0 
 8.000000e-06	0.0 
 1.200000e-05	0.0 
 1.500000e-05	0.0 
 1.800000e-05	0.0 
 2.100000e-05	0.0 
 2.400000e-05	0.0 
 2.600000e-05	0.0 
 2.800000e-05	0.0 
 3.000000e-05	0.0 
 3.100000e-05	0.0 
 3.100000e-05	0.0 
 3.100000e-05	0.0 
 3.000000e-05	0.0 
 2.900000e-05	0.0 
 2.700000e-05	0.0 
 2.400000e-05	0.0 
 2.100000e-05	0.0 
 1.700000e-05	0.0 
 1.300000e-05	0.0 
 8.000000e-06	0.0 
 2.000000e-06	0.0 
-4.000000e-06	0.0 
-1.000000e-05	0.0 
-1.600000e-05	0.0 
-2.200000e-05	0.0 
-2.800000e-05	0.0 
-3.400000e-05	0.0 
-4.000000e-05	0.0 
-4.500000e-05	0.0 
-4.900000e-05	0.0 
-5.300000e-05	0.0 
-5.600000e-05	0.0 
-5.800000e-05	0.0 
-5.900000e-05	0.0 
-5.900000e-05	0.0 
-5.700000e-05	0.0 
-5.500000e-05	0.0 
-5.100000e-05	0.0 
-4.700000e-05	0.0 
-4.100000e-05	0.0 
-3.300000e-05	0.0 
-2.500000e-05	0.0 
-1.600000e-05	0.0 
-7.000000e-06	0.0 
 4.000000e-06	0.0 
 1.500000e-05	0.0 
 2.600000e-05	0.0 
 3.700000e-05	0.0 
 4.800000e-05	0.0 
 5.900000e-05	0.0 
 6.900000e-05	0.0 
 7.800000e-05	0.0 
 8.600000e-05	0.0 
 9.300000e-05	0.0 
 9.900000e-05	0.0 
 1.030000e-04	0.0 
 1.050000e-04	0.0 
 1.050000e-04	0.0 
 1.040000e-04	0.0 
 1.000000e-04	0.0 
 9.400000e-05	0.0 
 8.600000e-05	0.0 
 7.600000e-05	0.0 
 6.400000e-05	0.0 
 5.100000e-05	0.0 
 3.600000e-05	0.0 
 1.900000e-05	0.0 
 1.000000e-06	0.0 
-1.700000e-05	0.0 
-3.700000e-05	0.0 
-5.600000e-05	0.0 
-7.500000e-05	0.0 
-9.400000e-05	0.0 
-1.120000e-04	0.0 
-1.280000e-04	0.0 
-1.430000e-04	0.0 
-1.560000e-04	0.0 
-1.660000e-04	0.0 
-1.740000e-04	0.0 
-1.790000e-04	0.0 
-1.810000e-04	0.0 
-1.800000e-04	0.0 
-1.750000e-04	0.0 
-1.660000e-04	0.0 
-1.550000e-04	0.0 
-1.390000e-04	0.0 
-1.210000e-04	0.0 
-9.900000e-05	0.0 
-7.500000e-05	0.0 
-4.800000e-05	0.0 
-2.000000e-05	0.0 
 1.100000e-05	0.0 
 4.200000e-05	0.0 
 7.500000e-05	0.0 
 1.070000e-04	0.0 
 1.380000e-04	0.0 
 1.690000e-04	0.0 
 1.970000e-04	0.0 
 2.230000e-04	0.0 
 2.470000e-04	0.0 
 2.660000e-04	0.0 
 2.820000e-04	0.0 
 2.930000e-04	0.0 
 2.990000e-04	0.0 
 3.000000e-04	0.0 
 2.950000e-04	0.0 
 2.850000e-04	0.0 
 2.690000e-04	0.0 
 2.480000e-04	0.0 
 2.210000e-04	0.0 
 1.890000e-04	0.0 
 1.530000e-04	0.0 
 1.120000e-04	0.0 
 6.700000e-05	0.0 
 2.000000e-05	0.0 
-3.000000e-05	0.0 
-8.200000e-05	0.0 
-1.340000e-04	0.0 
-1.850000e-04	0.0 
-2.350000e-04	0.0 
-2.840000e-04	0.0 
-3.280000e-04	0.0 
-3.690000e-04	0.0 
-4.050000e-04	0.0 
-4.350000e-04	0.0 
-4.580000e-04	0.0 
-4.740000e-04	0.0 
-4.820000e-04	0.0 
-4.820000e-04	0.0 
-4.730000e-04	0.0 
-4.550000e-04	0.0 
-4.290000e-04	0.0 
-3.930000e-04	0.0 
-3.500000e-04	0.0 
-2.980000e-04	0.0 
-2.400000e-04	0.0 
-1.750000e-04	0.0 
-1.040000e-04	0.0 
-2.900000e-05	0.0 
 5.000000e-05	0.0 
 1.310000e-04	0.0 
 2.120000e-04	0.0 
 2.930000e-04	0.0 
 3.710000e-04	0.0 
 4.460000e-04	0.0 
 5.160000e-04	0.0 
 5.790000e-04	0.0 
 6.350000e-04	0.0 
 6.810000e-04	0.0 
 7.170000e-04	0.0 
 7.420000e-04	0.0 
 7.550000e-04	0.0 
 7.560000e-04	0.0 
 7.430000e-04	0.0 
 7.170000e-04	0.0 
 6.770000e-04	0.0 
 6.240000e-04	0.0 
 5.590000e-04	0.0 
 4.820000e-04	0.0 
 3.940000e-04	0.0 
 2.960000e-04	0.0 
 1.890000e-04	0.0 
 7.600000e-05	0.0 
-4.200000e-05	0.0 
-1.640000e-04	0.0 
-2.870000e-04	0.0 
-4.090000e-04	0.0 
-5.290000e-04	0.0 
-6.430000e-04	0.0 
-7.500000e-04	0.0 
-8.480000e-04	0.0 
-9.340000e-04	0.0 
-1.008000e-03	0.0 
-1.067000e-03	0.0 
-1.109000e-03	0.0 
-1.135000e-03	0.0 
-1.142000e-03	0.0 
-1.130000e-03	0.0 
-1.099000e-03	0.0 
-1.048000e-03	0.0 
-9.790000e-04	0.0 
-8.910000e-04	0.0 
-7.860000e-04	0.0 
-6.640000e-04	0.0 
-5.280000e-04	0.0 
-3.800000e-04	0.0 
-2.210000e-04	0.0 
-5.400000e-05	0.0 
 1.180000e-04	0.0 
 2.930000e-04	0.0 
 4.670000e-04	0.0 
 6.380000e-04	0.0 
 8.030000e-04	0.0 
 9.590000e-04	0.0 
 1.102000e-03	0.0 
 1.231000e-03	0.0 
 1.341000e-03	0.0 
 1.432000e-03	0.0 
 1.501000e-03	0.0 
 1.547000e-03	0.0 
 1.567000e-03	0.0 
 1.561000e-03	0.0 
 1.528000e-03	0.0 
 1.469000e-03	0.0 
 1.383000e-03	0.0 
 1.271000e-03	0.0 
 1.134000e-03	0.0 
 9.750000e-04	0.0 
 7.950000e-04	0.0 
 5.970000e-04	0.0 
 3.840000e-04	0.0 
 1.580000e-04	0.0 
-7.600000e-05	0.0 
-3.150000e-04	0.0 
-5.550000e-04	0.0 
-7.920000e-04	0.0 
-1.022000e-03	0.0 
-1.240000e-03	0.0 
-1.444000e-03	0.0 
-1.628000e-03	0.0 
-1.790000e-03	0.0 
-1.927000e-03	0.0 
-2.034000e-03	0.0 
-2.111000e-03	0.0 
-2.154000e-03	0.0 
-2.162000e-03	0.0 
-2.135000e-03	0.0 
-2.071000e-03	0.0 
-1.972000e-03	0.0 
-1.838000e-03	0.0 
-1.670000e-03	0.0 
-1.470000e-03	0.0 
-1.241000e-03	0.0 
-9.860000e-04	0.0 
-7.090000e-04	0.0 
-4.140000e-04	0.0 
-1.050000e-04	0.0 
 2.130000e-04	0.0 
 5.350000e-04	0.0 
 8.550000e-04	0.0 
 1.168000e-03	0.0 
 1.470000e-03	0.0 
 1.754000e-03	0.0 
 2.015000e-03	0.0 
 2.249000e-03	0.0 
 2.452000e-03	0.0 
 2.619000e-03	0.0 
 2.746000e-03	0.0 
 2.831000e-03	0.0 
 2.871000e-03	0.0 
 2.865000e-03	0.0 
 2.812000e-03	0.0 
 2.712000e-03	0.0 
 2.566000e-03	0.0 
 2.374000e-03	0.0 
 2.139000e-03	0.0 
 1.864000e-03	0.0 
 1.552000e-03	0.0 
 1.209000e-03	0.0 
 8.390000e-04	0.0 
 4.470000e-04	0.0 
 3.900000e-05	0.0 
-3.780000e-04	0.0 
-7.970000e-04	0.0 
-1.212000e-03	0.0 
-1.616000e-03	0.0 
-2.002000e-03	0.0 
-2.364000e-03	0.0 
-2.695000e-03	0.0 
-2.989000e-03	0.0 
-3.241000e-03	0.0 
-3.445000e-03	0.0 
-3.598000e-03	0.0 
-3.695000e-03	0.0 
-3.735000e-03	0.0 
-3.716000e-03	0.0 
-3.636000e-03	0.0 
-3.496000e-03	0.0 
-3.297000e-03	0.0 
-3.041000e-03	0.0 
-2.731000e-03	0.0 
-2.371000e-03	0.0 
-1.966000e-03	0.0 
-1.521000e-03	0.0 
-1.043000e-03	0.0 
-5.400000e-04	0.0 
-1.800000e-05	0.0 
 5.150000e-04	0.0 
 1.050000e-03	0.0 
 1.578000e-03	0.0 
 2.091000e-03	0.0 
 2.580000e-03	0.0 
 3.038000e-03	0.0 
 3.456000e-03	0.0 
 3.828000e-03	0.0 
 4.145000e-03	0.0 
 4.403000e-03	0.0 
 4.595000e-03	0.0 
 4.719000e-03	0.0 
 4.770000e-03	0.0 
 4.747000e-03	0.0 
 4.648000e-03	0.0 
 4.474000e-03	0.0 
 4.227000e-03	0.0 
 3.908000e-03	0.0 
 3.522000e-03	0.0 
 3.073000e-03	0.0 
 2.568000e-03	0.0 
 2.014000e-03	0.0 
 1.418000e-03	0.0 
 7.880000e-04	0.0 
 1.360000e-04	0.0 
-5.310000e-04	0.0 
-1.202000e-03	0.0 
-1.866000e-03	0.0 
-2.512000e-03	0.0 
-3.132000e-03	0.0 
-3.713000e-03	0.0 
-4.248000e-03	0.0 
-4.726000e-03	0.0 
-5.139000e-03	0.0 
-5.480000e-03	0.0 
-5.743000e-03	0.0 
-5.922000e-03	0.0 
-6.012000e-03	0.0 
-6.012000e-03	0.0 
-5.919000e-03	0.0 
-5.734000e-03	0.0 
-5.457000e-03	0.0 
-5.092000e-03	0.0 
-4.643000e-03	0.0 
-4.115000e-03	0.0 
-3.516000e-03	0.0 
-2.852000e-03	0.0 
-2.133000e-03	0.0 
-1.370000e-03	0.0 
-5.730000e-04	0.0 
 2.470000e-04	0.0 
 1.077000e-03	0.0 
 1.906000e-03	0.0 
 2.719000e-03	0.0 
 3.506000e-03	0.0 
 4.254000e-03	0.0 
 4.950000e-03	0.0 
 5.585000e-03	0.0 
 6.146000e-03	0.0 
 6.626000e-03	0.0 
 7.015000e-03	0.0 
 7.306000e-03	0.0 
 7.493000e-03	0.0 
 7.573000e-03	0.0 
 7.541000e-03	0.0 
 7.398000e-03	0.0 
 7.143000e-03	0.0 
 6.779000e-03	0.0 
 6.308000e-03	0.0 
 5.737000e-03	0.0 
 5.073000e-03	0.0 
 4.323000e-03	0.0 
 3.497000e-03	0.0 
 2.606000e-03	0.0 
 1.662000e-03	0.0 
 6.780000e-04	0.0 
-3.330000e-04	0.0 
-1.356000e-03	0.0 
-2.377000e-03	0.0 
-3.381000e-03	0.0 
-4.354000e-03	0.0 
-5.281000e-03	0.0 
-6.148000e-03	0.0 
-6.943000e-03	0.0 
-7.653000e-03	0.0 
-8.266000e-03	0.0 
-8.773000e-03	0.0 
-9.165000e-03	0.0 
-9.434000e-03	0.0 
-9.576000e-03	0.0 
-9.587000e-03	0.0 
-9.464000e-03	0.0 
-9.207000e-03	0.0 
-8.817000e-03	0.0 
-8.299000e-03	0.0 
-7.657000e-03	0.0 
-6.899000e-03	0.0 
-6.033000e-03	0.0 
-5.070000e-03	0.0 
-4.020000e-03	0.0 
-2.898000e-03	0.0 
-1.716000e-03	0.0 
-4.910000e-04	0.0 
 7.630000e-04	0.0 
 2.028000e-03	0.0 
 3.289000e-03	0.0 
 4.528000e-03	0.0 
 5.729000e-03	0.0 
 6.876000e-03	0.0 
 7.953000e-03	0.0 
 8.945000e-03	0.0 
 9.838000e-03	0.0 
 1.061900e-02	0.0 
 1.127600e-02	0.0 
 1.180000e-02	0.0 
 1.218100e-02	0.0 
 1.241400e-02	0.0 
 1.249300e-02	0.0 
 1.241400e-02	0.0 
 1.217800e-02	0.0 
 1.178400e-02	0.0 
 1.123500e-02	0.0 
 1.053600e-02	0.0 
 9.694000e-03	0.0 
 8.716000e-03	0.0 
 7.613000e-03	0.0 
 6.396000e-03	0.0 
 5.079000e-03	0.0 
 3.675000e-03	0.0 
 2.199000e-03	0.0 
 6.690000e-04	0.0 
-8.990000e-04	0.0 
-2.487000e-03	0.0 
-4.077000e-03	0.0 
-5.652000e-03	0.0 
-7.193000e-03	0.0 
-8.682000e-03	0.0 
-1.010300e-02	0.0 
-1.143900e-02	0.0 
-1.267300e-02	0.0 
-1.379200e-02	0.0 
-1.478200e-02	0.0 
-1.563100e-02	0.0 
-1.632900e-02	0.0 
-1.686500e-02	0.0 
-1.723300e-02	0.0 
-1.742700e-02	0.0 
-1.744200e-02	0.0 
-1.727800e-02	0.0 
-1.693200e-02	0.0 
-1.640700e-02	0.0 
-1.570600e-02	0.0 
-1.483300e-02	0.0 
-1.379500e-02	0.0 
-1.259900e-02	0.0 
-1.125500e-02	0.0 
-9.774000e-03	0.0 
-8.167000e-03	0.0 
-6.446000e-03	0.0 
-4.627000e-03	0.0 
-2.723000e-03	0.0 
-7.490000e-04	0.0 
 1.280000e-03	0.0 
 3.348000e-03	0.0 
 5.439000e-03	0.0 
 7.537000e-03	0.0 
 9.627000e-03	0.0 
 1.169500e-02	0.0 
 1.372500e-02	0.0 
 1.570300e-02	0.0 
 1.761700e-02	0.0 
 1.945400e-02	0.0 
 2.120200e-02	0.0 
 2.285200e-02	0.0 
 2.439400e-02	0.0 
 2.582000e-02	0.0 
 2.712300e-02	0.0 
 2.829700e-02	0.0 
 2.933800e-02	0.0 
 3.024200e-02	0.0 
 3.100800e-02	0.0 
 3.163400e-02	0.0 
 3.212200e-02	0.0 
 3.247100e-02	0.0 
 3.268500e-02	0.0 
 3.276700e-02	0.0 
 3.272100e-02	0.0 
 3.255300e-02	0.0 
 3.226700e-02	0.0 
 3.187100e-02	0.0 
 3.137200e-02	0.0 
 3.077700e-02	0.0 
 3.009400e-02	0.0 
 2.933200e-02	0.0 
 2.849700e-02	0.0 
 2.760000e-02	0.0 
 2.664900e-02	0.0 
 2.565100e-02	0.0 
 2.461500e-02	0.0 
 2.355100e-02	0.0 
 2.246400e-02	0.0 
 2.136300e-02	0.0 
 2.025600e-02	0.0 
 1.914800e-02	0.0 
 1.804700e-02	0.0 
 1.695800e-02	0.0 
 1.588600e-02	0.0 
 1.483700e-02	0.0 
 1.381500e-02	0.0 
 1.282300e-02	0.0 
 1.186500e-02	0.0 
 1.094400e-02	0.0 
 1.006200e-02	0.0 
 9.222000e-03	0.0 
 8.423000e-03	0.0 
 7.668000e-03	0.0 
 6.956000e-03	0.0 
 6.289000e-03	0.0 
 5.665000e-03	0.0 
 5.085000e-03	0.0 
 4.547000e-03	0.0 
 4.050000e-03	0.0 
 3.593000e-03	0.0 
 3.174000e-03	0.0 
 2.793000e-03	0.0 
 2.447000e-03	0.0 
 2.133000e-03	0.0 
 1.852000e-03	0.0 
 1.599000e-03	0.0 
 1.374000e-03	0.0 
 1.174000e-03	0.0 
 9.980000e-04	0.0 
 8.430000e-04	0.0 
 7.080000e-04	0.0 
 5.900000e-04	0.0 
 4.890000e-04	0.0 
 4.010000e-04	0.0 
 3.280000e-04	0.0 
 2.640000e-04	0.0 
 2.120000e-04	0.0 
 1.680000e-04	0.0 
 1.310000e-04	0.0 
 1.010000e-04	0.0 
 7.700000e-05	0.0 
 5.700000e-05	0.0 
 4.200000e-05	0.0 
 3.000000e-05	0.0 
 2.100000e-05	0.0 
 1.400000e-05	0.0 
 9.000000e-06	0.0 
 8.000000e-06	0.0 
0 
