# F64CM Quanterra FIR minimum phase filter parameter file 
# 2 decimation factor delay=2.9 
# type			2 
# npoles		0 
# input sample interval	1.0e-03 
# decimation factor	2 
# normalization factor	1.0 
# gain factor		1.0 
theoretical  1  anti_alias   fir    coef_conv 
1000 2 2.9
64 
 6.068987E-03	0.0 
 3.764510E-02	0.0 
 1.192531E-01	0.0 
 2.448204E-01	0.0 
 3.456190E-01	0.0 
 3.216085E-01	0.0 
 1.421360E-01	0.0 
-8.403486E-02	0.0 
-1.817699E-01	0.0 
-8.543854E-02	0.0 
 7.839234E-02	0.0 
 1.243447E-01	0.0 
 1.868755E-02	0.0 
-9.120598E-02	0.0 
-7.033167E-02	0.0 
 3.654423E-02	0.0 
 7.983652E-02	0.0 
 1.133578E-02	0.0 
-6.248687E-02	0.0 
-4.100974E-02	0.0 
 3.372787E-02	0.0 
 5.134618E-02	0.0 
-5.127486E-03	0.0 
-4.652872E-02	0.0 
-1.644559E-02	0.0 
 3.269694E-02	0.0 
 2.828235E-02	0.0 
-1.583923E-02	0.0 
-3.079928E-02	0.0 
 5.670926E-04	0.0 
 2.633056E-02	0.0 
 1.069630E-02	0.0 
-1.644433E-02	0.0 
-1.289928E-02	0.0 
 1.234708E-02	0.0 
 1.971300E-02	0.0 
 8.845472E-04	0.0 
-1.427033E-02	0.0 
-6.538298E-03	0.0 
 7.950476E-03	0.0 
 7.720558E-03	0.0 
-3.065453E-03	0.0 
-6.675696E-03	0.0 
-1.312670E-05	0.0 
 4.814051E-03	0.0 
 1.551896E-03	0.0 
-2.945356E-03	0.0 
-2.007814E-03	0.0 
 1.458489E-03	0.0 
 1.831176E-03	0.0 
-4.660036E-04	0.0 
-1.378913E-03	0.0 
-7.908146E-05	0.0 
 8.884668E-04	0.0 
 2.948657E-04	0.0 
-4.861221E-04	0.0 
-3.124231E-04	0.0 
 2.174166E-04	0.0 
 2.313616E-04	0.0 
-5.337840E-05	0.0 
-1.621966E-04	0.0 
 2.348222E-05	0.0 
 6.248626E-05	0.0 
 1.377010E-05	0.0 
0 
