# F64C Quanterra FIR filter parameter file 
# 2 decimation factor  
# type			2 
# npoles		0 
# input sample interval	1.0e-03 
# decimal factor	2 
# normalization factor	1.0 
# gain factor		1.0 
theoretical  1  anti_alias   fir    coef_conv 
1000 2 
64 
 2.88049557E-04	0.0 
 1.55313975E-03	0.0 
 2.98230503E-03	0.0 
 2.51714457E-03	0.0 
-5.02926825E-04	0.0 
-2.81205853E-03	0.0 
-8.08708347E-04	0.0 
 3.21542991E-03	0.0 
 2.71266001E-03	0.0 
-2.91550330E-03	0.0 
-5.09429061E-03	0.0 
 1.33933038E-03	0.0 
 7.40034358E-03	0.0 
 1.82796523E-03	0.0 
-8.81958288E-03	0.0 
-6.56719316E-03	0.0 
 8.38608603E-03	0.0 
 1.24268680E-02	0.0 
-5.12978843E-03	0.0 
-1.84868593E-02	0.0 
-1.79236772E-03	0.0 
 2.33604185E-02	0.0 
 1.30477299E-02	0.0 
-2.51709452E-02	0.0 
-2.93134766E-02	0.0 
 2.12669305E-02	0.0 
 5.21898987E-02	0.0 
-6.61517332E-03	0.0 
-8.83535239E-02	0.0 
-3.66062362E-02	0.0 
 1.86273299E-01	0.0 
 4.03764488E-01	0.0 
 4.03764488E-01	0.0 
 1.86273299E-01	0.0 
-3.66062362E-02	0.0 
-8.83535239E-02	0.0 
-6.61517332E-03	0.0 
 5.21898987E-02	0.0 
 2.12669305E-02	0.0 
-2.93134766E-02	0.0 
-2.51709452E-02	0.0 
 1.30477299E-02	0.0 
 2.33604185E-02	0.0 
-1.79236772E-03	0.0 
-1.84868593E-02	0.0 
-5.12978843E-03	0.0 
 1.24268680E-02	0.0 
 8.38608603E-03	0.0 
-6.56719316E-03	0.0 
-8.81958288E-03	0.0 
 1.82796523E-03	0.0 
 7.40034358E-03	0.0 
 1.33933038E-03	0.0 
-5.09429061E-03	0.0 
-2.91550330E-03	0.0 
 2.71266001E-03	0.0 
 3.21542991E-03	0.0 
-8.08708347E-04	0.0 
-2.81205853E-03	0.0 
-5.02926825E-04	0.0 
 2.51714457E-03	0.0 
 2.98230503E-03	0.0 
 1.55313975E-03	0.0 
 2.88049557E-04	0.0 
0 
