# F72BM Quanterra FIR minimum phase filter parameter file 
# version:      $Revision$Date: 2007/05/26 22:51:26
# 4 decimation factor delay=2.9 
# type			2 
# npoles		0 
# input sample interval	1.0e-03 
# decimation factor	4 
# normalization factor	1.0 
# gain factor		1.0 
theoretical  1  anti_alias   fir    coef_conv 
1000 4 2.9
72 
 5.214787E-04	0.0 
 2.276454E-03	0.0 
 6.651411E-03	0.0 
 1.536504E-02	0.0 
 3.012382E-02	0.0 
 5.194362E-02	0.0 
 8.029937E-02	0.0 
 1.125144E-01	0.0 
 1.436641E-01	0.0 
 1.672014E-01	0.0 
 1.763818E-01	0.0 
 1.662318E-01	0.0 
 1.354342E-01	0.0 
 8.746117E-02	0.0 
 3.043887E-02	0.0 
-2.447365E-02	0.0 
-6.590273E-02	0.0 
-8.545341E-02	0.0 
-8.025768E-02	0.0 
-5.398840E-02	0.0 
-1.587318E-02	0.0 
 2.207553E-02	0.0 
 4.872418E-02	0.0 
 5.717629E-02	0.0 
 4.671098E-02	0.0 
 2.264079E-02	0.0 
-5.829404E-03	0.0 
-2.892556E-02	0.0 
-3.961604E-02	0.0 
-3.576206E-02	0.0 
-2.040501E-02	0.0 
-2.153380E-04	0.0 
 1.719092E-02	0.0 
 2.602348E-02	0.0 
 2.417332E-02	0.0 
 1.354983E-02	0.0 
-1.070159E-03	0.0 
-1.409085E-02	0.0 
-2.120182E-02	0.0 
-2.075558E-02	0.0 
-1.398707E-02	0.0 
-4.151637E-03	0.0 
 4.944103E-03	0.0 
 1.039946E-02	0.0 
 1.111476E-02	0.0 
 7.863010E-03	0.0 
 2.658562E-03	0.0 
-2.212002E-03	0.0 
-5.084181E-03	0.0 
-5.399416E-03	0.0 
-3.665726E-03	0.0 
-1.030250E-03	0.0 
 1.294626E-03	0.0 
 2.516886E-03	0.0 
 2.470497E-03	0.0 
 1.514666E-03	0.0 
 2.615010E-04	0.0 
-7.234882E-04	0.0 
-1.141148E-03	0.0 
-1.002144E-03	0.0 
-5.258688E-04	0.0 
-1.365084E-06	0.0 
 3.448629E-04	0.0 
 4.417901E-04	0.0 
 3.448475E-04	0.0 
 1.563233E-04	0.0 
-1.485066E-05	0.0 
-9.606670E-05	0.0 
-1.009657E-04	0.0 
-5.854789E-05	0.0 
-1.642574E-05	0.0 
 4.364871E-05	0.0 
0 
