# F72B Quanterra FIR linear phase filter parameter file 
# version:      \$Revision$\ \$Date$\
# 4 decimation factor 
# type			2 
# npoles		0 
# input sample interval	1.0e-03 
# decimation factor	4 
# normalization factor	1.0 
# gain factor		1.0 
theoretical  1  anti_alias   fir    coef_conv 
1000 4 35.5
72 
 1.50487343E-04	0.0 
 3.05924146E-04	0.0 
 4.42948689E-04	0.0 
 3.87117397E-04	0.0 
-4.73786931E-05	0.0 
-9.70771856E-04	0.0 
-2.30317091E-03	0.0 
-3.70637677E-03	0.0 
-4.62504657E-03	0.0 
-4.46480140E-03	0.0 
-2.86984465E-03	0.0 
 7.00860888E-06	0.0 
 3.38519942E-03	0.0 
 6.00352855E-03	0.0 
 6.55093627E-03	0.0 
 4.25995174E-03	0.0 
-5.76023927E-04	0.0 
-6.43416455E-03	0.0 
-1.09213747E-02	0.0 
-1.16364120E-02	0.0 
-7.26515196E-03	0.0 
 1.53727442E-03	0.0 
 1.19331055E-02	0.0 
 1.96156969E-02	0.0 
 2.03516276E-02	0.0 
 1.18680292E-02	0.0 
-4.64369011E-03	0.0 
-2.41125347E-02	0.0 
-3.86382950E-02	0.0 
-3.98499229E-02	0.0 
-2.18683938E-02	0.0 
 1.61612261E-02	0.0 
 6.89623627E-02	0.0 
 1.26003327E-01	0.0 
 1.74229354E-01	0.0 
 2.01834169E-01	0.0 
 2.01834169E-01	0.0 
 1.74229354E-01	0.0 
 1.26003327E-01	0.0 
 6.89623627E-02	0.0 
 1.61612261E-02	0.0 
-2.18683938E-02	0.0 
-3.98499229E-02	0.0 
-3.86382950E-02	0.0 
-2.41125347E-02	0.0 
-4.64369011E-03	0.0 
 1.18680292E-02	0.0 
 2.03516276E-02	0.0 
 1.96156969E-02	0.0 
 1.19331055E-02	0.0 
 1.53727442E-03	0.0 
-7.26515196E-03	0.0 
-1.16364120E-02	0.0 
-1.09213747E-02	0.0 
-6.43416455E-03	0.0 
-5.76023927E-04	0.0 
 4.25995174E-03	0.0 
 6.55093627E-03	0.0 
 6.00352855E-03	0.0 
 3.38519942E-03	0.0 
 7.00860888E-06	0.0 
-2.86984465E-03	0.0 
-4.46480140E-03	0.0 
-4.62504657E-03	0.0 
-3.70637677E-03	0.0 
-2.30317091E-03	0.0 
-9.70771856E-04	0.0 
-4.73786931E-05	0.0 
 3.87117397E-04	0.0 
 4.42948689E-04	0.0 
 3.05924146E-04	0.0 
 1.50487343E-04	0.0 
0 
