# F96CM Quanterra FIR minimum phase filter parameter file 
# $Id$
# 2 decimation factor delay=4.22 
# type			2 
# npoles		0 
# input sample interval	1.0e-03 
# decimation factor	2 
# normalization factor	1.0 
# gain factor		1.0 
theoretical  1  anti_alias   fir    coef_conv 
1000 2 4.22
96 
 1.587480190E-03	0.0 
 1.250587124E-02	0.0 
 4.999388382E-02	0.0 
 1.310986727E-01	0.0 
 2.451789677E-01	0.0 
 3.320170939E-01	0.0 
 3.076342046E-01	0.0 
 1.434931308E-01	0.0 
-7.216122746E-02	0.0 
-1.825922579E-01	0.0 
-1.083827317E-01	0.0 
 5.733893439E-02	0.0 
 1.344131678E-01	0.0 
 5.070881918E-02	0.0 
-7.873991132E-02	0.0 
-9.530761093E-02	0.0 
 7.987769321E-03	0.0 
 8.759634942E-02	0.0 
 4.376283661E-02	0.0 
-5.242851004E-02	0.0 
-6.688357890E-02	0.0 
 1.130155474E-02	0.0 
 6.502348185E-02	0.0 
 2.220381424E-02	0.0 
-4.708649591E-02	0.0 
-4.203074425E-02	0.0 
 2.249862812E-02	0.0 
 4.766521603E-02	0.0 
 1.173900906E-03	0.0 
-4.194933176E-02	0.0 
-1.910018362E-02	0.0 
 2.921765856E-02	0.0 
 2.917224541E-02	0.0 
-1.390085835E-02	0.0 
-3.148786351E-02	0.0 
-3.599954362E-04	0.0 
 2.762964368E-02	0.0 
 1.116278674E-02	0.0 
-1.991419680E-02	0.0 
-1.742562652E-02	0.0 
 1.074446272E-02	0.0 
 1.920932531E-02	0.0 
-2.137205331E-03	0.0 
-1.738541201E-02	0.0 
-4.544010852E-03	0.0 
 1.324848551E-02	0.0 
 8.661228232E-03	0.0 
-8.171851747E-03	0.0 
-1.028205734E-02	0.0 
 3.135108622E-03	0.0 
 9.495883249E-03	0.0 
 3.887834027E-04	0.0 
-8.043305948E-03	0.0 
-3.296803916E-03	0.0 
 5.378657486E-03	0.0 
 4.522238858E-03	0.0 
-2.758479444E-03	0.0 
-4.484158475E-03	0.0 
 7.268566987E-04	0.0 
 3.734286642E-03	0.0 
 5.874882918E-04	0.0 
-2.712600166E-03	0.0 
-1.261487370E-03	0.0 
 1.709071221E-03	0.0 
 1.456359867E-03	0.0 
-8.815053734E-04	0.0 
-1.346653095E-03	0.0 
 2.879371459E-04	0.0 
 1.082903938E-03	0.0 
 7.885750529E-05	0.0 
-7.759396685E-04	0.0 
-2.612767275E-04	0.0 
 4.949508002E-04	0.0 
 3.143153735E-04	0.0 
-2.740878263E-04	0.0 
-2.898784878E-04	0.0 
 1.212308562E-04	0.0 
 2.297912142E-04	0.0 
-2.907654925E-05	0.0 
-1.622582786E-04	0.0 
-1.704022179E-05	0.0 
 1.031050560E-04	0.0 
 3.315616414E-05	0.0 
-5.894959031E-05	0.0 
-3.259086589E-05	0.0 
 2.993096314E-05	0.0 
 2.507479076E-05	0.0 
-1.317239821E-05	0.0 
-1.644319491E-05	0.0 
 4.859923592E-06	0.0 
 9.386712009E-06	0.0 
-1.233772650E-06	0.0 
-5.639535175E-06	0.0 
 2.184650839E-06	0.0 
 5.277283321E-07	0.0 
 3.767143042E-09	0.0 
0 
