# F96C Quanterra FIR filter parameter file 
# 2 decimation factor  
# type			2 
# npoles		0 
# input sample interval	1.0e-03 
# decimal factor	2 
# normalization factor	1.0 
# gain factor		1.0 
theoretical  1  anti_alias   fir    coef_conv 
1000 2 
96 
-0.46243647E-05	0.0 
-0.82582981E-04	0.0 
-0.22601415E-03	0.0 
-0.25390085E-03	0.0 
 0.76656675E-06	0.0 
 0.30501861E-03	0.0 
 0.17127917E-03	0.0 
-0.34944694E-03	0.0 
-0.44910128E-03	0.0 
 0.26315766E-03	0.0 
 0.78977249E-03	0.0 
 0.38573012E-04	0.0 
-0.10917830E-02	0.0 
-0.59999564E-03	0.0 
 0.12064345E-02	0.0 
 0.13971540E-02	0.0 
-0.96246767E-03	0.0 
-0.23132728E-02	0.0 
 0.20782732E-03	0.0 
 0.31300743E-02	0.0 
 0.11370157E-02	0.0 
-0.35433476E-02	0.0 
-0.30242419E-02	0.0 
 0.32076360E-02	0.0 
 0.52380066E-02	0.0 
-0.18038393E-02	0.0 
-0.73759095E-02	0.0 
-0.87297275E-03	0.0 
 0.88709101E-02	0.0 
 0.48318471E-02	0.0 
-0.90423054E-02	0.0 
-0.98139052E-02	0.0 
 0.71791365E-02	0.0 
 0.15252997E-01	0.0 
-0.26287319E-02	0.0 
-0.20267585E-01	0.0 
-0.51429142E-02	0.0 
 0.23663623E-01	0.0 
 0.16578568E-01	0.0 
-0.23875478E-01	0.0 
-0.32279525E-01	0.0 
 0.18606780E-01	0.0 
 0.53942080E-01	0.0 
-0.31405185E-02	0.0 
-0.88496210E-01	0.0 
-0.40148561E-01	0.0 
 0.18476363E+00	0.0 
 0.40660112E+00	0.0 
 0.40660112E+00	0.0 
 0.18476363E+00	0.0 
-0.40148561E-01	0.0 
-0.88496210E-01	0.0 
-0.31405185E-02	0.0 
 0.53942080E-01	0.0 
 0.18606780E-01	0.0 
-0.32279525E-01	0.0 
-0.23875478E-01	0.0 
 0.16578568E-01	0.0 
 0.23663623E-01	0.0 
-0.51429142E-02	0.0 
-0.20267585E-01	0.0 
-0.26287319E-02	0.0 
 0.15252997E-01	0.0 
 0.71791365E-02	0.0 
-0.98139052E-02	0.0 
-0.90423054E-02	0.0 
 0.48318471E-02	0.0 
 0.88709101E-02	0.0 
-0.87297275E-03	0.0 
-0.73759095E-02	0.0 
-0.18038393E-02	0.0 
 0.52380066E-02	0.0 
 0.32076360E-02	0.0 
-0.30242419E-02	0.0 
-0.35433476E-02	0.0 
 0.11370157E-02	0.0 
 0.31300743E-02	0.0 
 0.20782732E-03	0.0 
-0.23132728E-02	0.0 
-0.96246767E-03	0.0 
 0.13971540E-02	0.0 
 0.12064345E-02	0.0 
-0.59999564E-03	0.0 
-0.10917830E-02	0.0 
 0.38573012E-04	0.0 
 0.78977249E-03	0.0 
 0.26315766E-03	0.0 
-0.44910128E-03	0.0 
-0.34944694E-03	0.0 
 0.17127917E-03	0.0 
 0.30501861E-03	0.0 
 0.76656675E-06	0.0 
-0.25390085E-03	0.0 
-0.22601415E-03	0.0 
-0.82582981E-04	0.0 
-0.46243647E-05	0.0 
0 
