# FLbelow20-50 Quanterra Q330  FIR filter parameter file 
# Linear Below 20	Filter scheme selected
# coefficients are non-symetric, listed in time order;	
# type			2 
# npoles		0 
# input sample rate	50 
# decimal factor	1 
# normalization factor	1.0 
# gain factor		1.000000 
theoretical  1  anti_alias   fir    coef_conv 
50 1 4.24235 
81 
 3.4574420E-14	0.0 
 3.8313692E-05	0.0 
 6.1911075E-03	0.0 
 1.0513839E-01	0.0 
 4.7235373E-01	0.0 
 6.2163814E-01	0.0 
-9.8756574E-02	0.0 
-2.7214713E-01	0.0 
 2.6763919E-01	0.0 
-1.1440057E-01	0.0 
-4.0823199E-02	0.0 
 1.3394724E-01	0.0 
-1.5561431E-01	0.0 
 1.2461628E-01	0.0 
-6.7483096E-02	0.0 
 6.8910641E-03	0.0 
 4.0476651E-02	0.0 
-6.9608058E-02	0.0 
 7.7788552E-02	0.0 
-6.8972025E-02	0.0 
 4.9445639E-02	0.0 
-2.5668185E-02	0.0 
 3.0938598E-03	0.0 
 1.4528189E-02	0.0 
-2.5364230E-02	0.0 
 2.9307588E-02	0.0 
-2.7527290E-02	0.0 
 2.1970270E-02	0.0 
-1.4259775E-02	0.0 
 7.4428794E-03	0.0 
-9.4842318E-04	0.0 
-3.4596725E-03	0.0 
 5.6181592E-03	0.0 
-6.0451692E-03	0.0 
 5.3750683E-03	0.0 
-4.1738853E-03	0.0 
 2.8601062E-03	0.0 
-1.6921816E-03	0.0 
 7.9277133E-04	0.0 
-1.8677137E-04	0.0 
-1.6166277E-04	0.0 
 3.1418465E-04	0.0 
-3.3944473E-04	0.0 
 2.9540643E-04	0.0 
-2.2453540E-04	0.0 
 1.5339020E-04	0.0 
-9.5253106E-05	0.0 
 5.4003561E-05	0.0 
-2.8052515E-05	0.0 
 1.3571821E-05	0.0 
-6.4217907E-06	0.0 
 3.9335400E-06	0.0 
-2.9929978E-06	0.0 
 5.7024360E-07	0.0 
 6.3227984E-07	0.0 
 5.5514463E-07	0.0 
-1.0244370E-07	0.0 
-3.0125489E-07	0.0 
-2.0107656E-07	0.0 
-1.0042084E-07	0.0 
 7.2744718E-08	0.0 
 6.6352376E-08	0.0 
 5.6176073E-08	0.0 
 6.2655354E-09	0.0 
-1.2325951E-08	0.0 
-9.0727525E-09	0.0 
-6.0571829E-09	0.0 
 5.4404194E-10	0.0 
-2.3135474E-10	0.0 
 1.2845456E-09	0.0 
-1.3124388E-10	0.0 
 2.4578354E-10	0.0 
-1.2745961E-10	0.0 
 2.8553316E-11	0.0 
-2.4028784E-11	0.0 
 4.9710024E-12	0.0 
 2.2388036E-12	0.0 
 2.8549926E-12	0.0 
 9.1426760E-12	0.0 
 4.5917355E-12	0.0 
-3.7003012E-11	0.0 
0 
