# FLbelow20-10 Quanterra Q330  FIR filter parameter file 
# Linear Below 20	Filter scheme selected
# coefficients are non-symetric, listed in time order;	
# type			2 
# npoles		0 
# input sample rate	10 
# decimal factor	1 
# normalization factor	1.0 
# gain factor		1.000000 
theoretical  1  anti_alias   fir    coef_conv 
10 1 25.88697 
81 
-2.3924241E-16	0.0 
 7.4654521E-07	0.0 
 1.6689532E-05	0.0 
-2.9235380E-04	0.0 
-2.9085370E-04	0.0 
 5.7718910E-04	0.0 
-9.6549812E-04	0.0 
 1.2562185E-03	0.0 
-1.2268106E-03	0.0 
 6.4324984E-04	0.0 
 6.7277508E-04	0.0 
-2.7541073E-03	0.0 
 5.4158736E-03	0.0 
-8.2040630E-03	0.0 
 1.0403008E-02	0.0 
-1.1105747E-02	0.0 
 9.3554632E-03	0.0 
-4.3237504E-03	0.0 
-4.4813290E-03	0.0 
 1.7041979E-02	0.0 
-3.2719064E-02	0.0 
 5.0246446E-02	0.0 
-6.7866161E-02	0.0 
 8.3748139E-02	0.0 
-9.8027221E-02	0.0 
 1.6729364E-01	0.0 
 8.8653538E-01	0.0 
 6.1525261E-02	0.0 
-1.1179018E-01	0.0 
 9.6401895E-02	0.0 
-8.0863395E-02	0.0 
 5.8450731E-02	0.0 
-3.6930036E-02	0.0 
 1.8468038E-02	0.0 
-4.1019005E-03	0.0 
-5.7762501E-03	0.0 
 1.1299724E-02	0.0 
-1.3550304E-02	0.0 
 1.1673729E-02	0.0 
-9.2625611E-03	0.0 
 6.1270526E-03	0.0 
-3.1079909E-03	0.0 
 7.4119919E-04	0.0 
 7.6570141E-04	0.0 
-1.4468353E-03	0.0 
 1.4955291E-03	0.0 
-1.1709445E-03	0.0 
 7.1514388E-04	0.0 
-4.1176179E-04	0.0 
-2.5242102E-04	0.0 
 5.6283277E-05	0.0 
-7.2283751E-06	0.0 
-1.2911623E-06	0.0 
 5.1874106E-06	0.0 
-2.6479206E-06	0.0 
 9.4964286E-07	0.0 
-1.8149040E-06	0.0 
 3.9598897E-07	0.0 
 5.0011435E-07	0.0 
 1.4162299E-07	0.0 
 6.5133855E-07	0.0 
-1.5732660E-07	0.0 
-1.2578350E-07	0.0 
-1.1484105E-07	0.0 
-4.9692113E-08	0.0 
 2.7049952E-08	0.0 
 6.4227152E-09	0.0 
 2.7207098E-08	0.0 
-7.7467921E-10	0.0 
 4.9934983E-09	0.0 
-1.1259176E-09	0.0 
-1.4289357E-09	0.0 
 1.1928414E-09	0.0 
-1.3362426E-09	0.0 
 5.9181621E-10	0.0 
-5.8247177E-11	0.0 
-8.2436540E-11	0.0 
 2.2294835E-11	0.0 
 7.4360500E-12	0.0 
 9.2810365E-12	0.0 
 1.3165842E-13	0.0 
0 
