# q330_filter_data/FLbelow40-20.txt Quanterra Q330 composite FIR filter parameter file 
# version:	\$Revision$\ \$Date$\  
#  
# 1 decimation factor 
# type			2 
# npoles		0 
# input sample rate	20 
# decimal factor	1 
# normalization factor	1.0 
# gain factor		1 
theoretical  1  anti_alias   fir    coef_conv 
   20.0000    1       25.6590 
67 
 4.7141986e-017	0.0 
 2.8618686e-006	0.0 
 1.6179817e-006	0.0 
-0.00044128671	0.0 
 2.8551821e-005	0.0 
 0.00028825434	0.0 
-0.00083071763	0.0 
 0.0015093272	0.0 
-0.0021332708	0.0 
 0.0024108295	0.0 
-0.0019964155	0.0 
 0.00058484252	0.0 
 0.0019977429	0.0 
-0.0056713814	0.0 
 0.010019441	0.0 
-0.014252458	0.0 
 0.017250093	0.0 
-0.017668904	0.0 
 0.014120505	0.0 
-0.0053644508	0.0 
-0.0095378018	0.0 
 0.031218274	0.0 
-0.060371782	0.0 
 0.099278047	0.0 
-0.15897676	0.0 
 0.42415847	0.0 
 0.79730632	0.0 
-0.13259746	0.0 
-0.0010695216	0.0 
 0.041570463	0.0 
-0.05402157	0.0 
 0.052453827	0.0 
-0.047177613	0.0 
 0.030291199	0.0 
-0.019113902	0.0 
 0.0094974021	0.0 
-0.0012439555	0.0 
-0.0043634109	0.0 
 0.0072465357	0.0 
-0.0078357595	0.0 
 0.0068430833	0.0 
-0.0050216548	0.0 
 0.0029837709	0.0 
-0.0012413434	0.0 
 2.625122e-005	0.0 
 0.00061933601	0.0 
-0.00079481601	0.0 
 0.00066272625	0.0 
-0.00058249034	0.0 
-9.1692149e-005	0.0 
 3.3559674e-005	0.0 
-3.0895816e-006	0.0 
-4.4507366e-006	0.0 
 4.5181389e-006	0.0 
-2.0295963e-006	0.0 
 3.3711264e-006	0.0 
-1.0885252e-006	0.0 
-4.7365889e-007	0.0 
 1.3033324e-007	0.0 
 2.0425201e-007	0.0 
 1.6511636e-008	0.0 
 3.8282355e-009	0.0 
-3.3826907e-008	0.0 
 1.9071445e-009	0.0 
 4.0880144e-009	0.0 
-7.0528411e-010	0.0 
 8.4222414e-011	0.0 
0 
