# FLbelow100-10 Quanterra Q330  FIR filter parameter file 
# Linear Below 100	Filter scheme selected
# coefficients are non-symetric, listed in time order;	
# type			2 
# npoles		0 
# input sample rate	10 
# decimal factor	1 
# normalization factor	1.0 
# gain factor		1.000000 
theoretical  1  anti_alias   fir    coef_conv 
10 1 40.30462 
81 
-2.0597958E-16	0.0 
-1.5519102E-11	0.0 
 7.9304069E-11	0.0 
-3.0150714E-10	0.0 
-1.7669693E-10	0.0 
-1.8888486E-08	0.0 
 1.2449361E-07	0.0 
 1.3049010E-07	0.0 
-2.0533539E-07	0.0 
 4.0815846E-07	0.0 
-6.5899128E-07	0.0 
 4.7585326E-07	0.0 
-6.3008218E-07	0.0 
-1.0460443E-07	0.0 
 1.7084503E-06	0.0 
 7.4276212E-07	0.0 
 1.2474317E-05	0.0 
-6.7966979E-05	0.0 
-5.6443545E-04	0.0 
 5.4472715E-04	0.0 
-5.3468937E-04	0.0 
 2.0937638E-04	0.0 
 5.4720584E-04	0.0 
-1.7552962E-03	0.0 
 3.2863827E-03	0.0 
-4.8276843E-03	0.0 
 5.8888913E-03	0.0 
-5.8591378E-03	0.0 
 4.1317810E-03	0.0 
-6.4051940E-04	0.0 
-5.9056637E-03	0.0 
 1.4084742E-02	0.0 
-2.3359531E-02	0.0 
 3.2244694E-02	0.0 
-3.8683035E-02	0.0 
 4.0077368E-02	0.0 
-3.2945682E-02	0.0 
 1.1106618E-02	0.0 
 2.9495967E-02	0.0 
-1.3325238E-01	0.0 
 7.5599275E-01	0.0 
 4.7859760E-01	0.0 
-1.9098091E-01	0.0 
 1.0096915E-01	0.0 
-5.3503998E-02	0.0 
 1.9247033E-02	0.0 
 2.9326196E-03	0.0 
-1.6045791E-02	0.0 
 2.2019494E-02	0.0 
-2.2595773E-02	0.0 
 1.9543809E-02	0.0 
-1.4588216E-02	0.0 
 8.5995538E-03	0.0 
-3.8916458E-03	0.0 
 1.6215338E-04	0.0 
 2.1506961E-03	0.0 
-3.1280388E-03	0.0 
 3.0863537E-03	0.0 
-2.4320760E-03	0.0 
 1.5515951E-03	0.0 
-7.3607391E-04	0.0 
 1.5202511E-04	0.0 
 1.3782453E-04	0.0 
-5.0057166E-04	0.0 
 2.4348109E-05	0.0 
-1.0669975E-06	0.0 
-1.0471313E-06	0.0 
 2.2158855E-06	0.0 
-7.2825663E-07	0.0 
 5.7027465E-07	0.0 
 5.2617940E-08	0.0 
-3.0913692E-07	0.0 
 2.5057057E-07	0.0 
-2.7505838E-07	0.0 
 2.0845148E-07	0.0 
 4.7394077E-08	0.0 
-5.0660254E-09	0.0 
-1.7854858E-10	0.0 
-2.4002857E-10	0.0 
 8.3244798E-11	0.0 
 5.4879890E-12	0.0 
0 
