# FLbelow100-50 Quanterra Q330  FIR filter parameter file 
# Linear Below 100	Filter scheme selected
# coefficients are non-symetric, listed in time order;	
# type			2 
# npoles		0 
# input sample rate	50 
# decimal factor	1 
# normalization factor	1.0 
# gain factor		1.000000 
theoretical  1  anti_alias   fir    coef_conv 
50 1 26.58035 
81 
 6.9150548E-16	0.0 
 9.9814686E-07	0.0 
 8.9862851E-05	0.0 
 3.5368590E-04	0.0 
-3.1967469E-04	0.0 
 2.3983101E-04	0.0 
 4.3433039E-05	0.0 
-6.1403789E-04	0.0 
 1.4502403E-03	0.0 
-2.4141793E-03	0.0 
 3.2437913E-03	0.0 
-3.5652799E-03	0.0 
 2.9562805E-03	0.0 
-1.0487287E-03	0.0 
-2.3534876E-03	0.0 
 7.1465839E-03	0.0 
-1.2835577E-02	0.0 
 1.8495601E-02	0.0 
-2.2803563E-02	0.0 
 2.4143485E-02	0.0 
-2.0754201E-02	0.0 
 1.0853748E-02	0.0 
 7.3768407E-03	0.0 
-3.6280539E-02	0.0 
 8.0730288E-02	0.0 
-1.5637907E-01	0.0 
 5.9663178E-01	0.0 
 6.6161555E-01	0.0 
-1.9850329E-01	0.0 
 5.9628020E-02	0.0 
-1.2015630E-02	0.0 
-2.0312687E-02	0.0 
 3.4897343E-02	0.0 
-3.7830395E-02	0.0 
 3.4148020E-02	0.0 
-2.6818710E-02	0.0 
 1.8054484E-02	0.0 
-9.6841116E-03	0.0 
 1.9245476E-03	0.0 
 2.2702198E-03	0.0 
-4.9299476E-03	0.0 
 5.7835420E-03	0.0 
-5.2781130E-03	0.0 
 4.0123608E-03	0.0 
-2.5121706E-03	0.0 
 1.1661187E-03	0.0 
-1.9152921E-04	0.0 
-3.5499481E-04	0.0 
 5.3558187E-04	0.0 
-4.8101714E-04	0.0 
 4.1863178E-04	0.0 
 7.8096046E-05	0.0 
-5.4700721E-06	0.0 
-2.1237568E-06	0.0 
-6.6205257E-07	0.0 
 7.2389662E-07	0.0 
 1.0132263E-06	0.0 
-1.9292029E-06	0.0 
 7.8012277E-07	0.0 
-7.8875649E-07	0.0 
 5.8186259E-07	0.0 
 3.2210496E-08	0.0 
-1.0763779E-07	0.0 
 1.9995547E-08	0.0 
-7.0521409E-08	0.0 
-1.3576447E-08	0.0 
-3.3111848E-08	0.0 
 1.5521166E-08	0.0 
-5.3955561E-09	0.0 
 7.7912739E-09	0.0 
 2.0759194E-10	0.0 
-9.3267804E-10	0.0 
 1.8506889E-09	0.0 
-1.9738627E-09	0.0 
 1.3342813E-09	0.0 
-6.3154666E-10	0.0 
 6.9947182E-11	0.0 
 1.1486941E-10	0.0 
-5.5956135E-11	0.0 
 5.7605676E-12	0.0 
-5.4898622E-12	0.0 
0 
