# FLbelow40-50 Quanterra Q330  FIR filter parameter file 
# Linear Below 40	Filter scheme selected
# coefficients are non-symetric, listed in time order;	
# type			2 
# npoles		0 
# input sample rate	50 
# decimal factor	1 
# normalization factor	1.0 
# gain factor		1.000000 
theoretical  1  anti_alias   fir    coef_conv 
50 1 4.24235 
81 
 	0.0 
 	0.0 
 	0.0 
 	0.0 
 	0.0 
 	0.0 
-0.098756574	0.0 
-0.27214713	0.0 
 	0.0 
-0.11440057	0.0 
-0.040823199	0.0 
 	0.0 
-0.15561431	0.0 
 	0.0 
-0.067483096	0.0 
 	0.0 
 	0.0 
-0.069608058	0.0 
 	0.0 
-0.068972025	0.0 
 	0.0 
-0.025668185	0.0 
 	0.0 
 	0.0 
-0.02536423	0.0 
 	0.0 
-0.02752729	0.0 
 	0.0 
-0.014259775	0.0 
 	0.0 
-0.00094842318	0.0 
-0.0034596725	0.0 
 	0.0 
-0.0060451692	0.0 
 	0.0 
-0.0041738853	0.0 
 	0.0 
-0.0016921816	0.0 
 	0.0 
-0.00018677137	0.0 
-0.00016166277	0.0 
 	0.0 
-0.00033944473	0.0 
 	0.0 
-0.0002245354	0.0 
 	0.0 
-9.5253106e-005	0.0 
 	0.0 
-2.8052515e-005	0.0 
 	0.0 
-6.4217907e-006	0.0 
 	0.0 
-2.9929978e-006	0.0 
 	0.0 
 	0.0 
 	0.0 
-1.024437e-007	0.0 
-3.0125489e-007	0.0 
-2.0107656e-007	0.0 
-1.0042084e-007	0.0 
 	0.0 
 	0.0 
 	0.0 
 	0.0 
-1.2325951e-008	0.0 
-9.0727525e-009	0.0 
-6.0571829e-009	0.0 
 	0.0 
-2.3135474e-010	0.0 
 	0.0 
-1.3124388e-010	0.0 
 	0.0 
-1.2745961e-010	0.0 
 	0.0 
-2.4028784e-011	0.0 
 	0.0 
 	0.0 
 	0.0 
 	0.0 
 	0.0 
-3.7003012e-011	0.0 
0 
