# q330_raw_filter_data/FLbelow40-40.txt Quanterra Q330 composite FIR filter parameter file 
# $Id$
#  
# 1 decimation factor 
# type			2 
# npoles		0 
# input sample rate	40 
# decimal factor	1 
# normalization factor	1.0 
# gain factor		1 
theoretical  1  anti_alias   fir    coef_conv 
   40.0000    1        3.3190 
39 
 1.1967846e-012	0.0 
 0.0022998299	0.0 
 0.079461139	0.0 
 0.43621834	0.0 
 0.65186971	0.0 
-0.028355609	0.0 
-0.30213446	0.0 
 0.24073101	0.0 
-0.057391774	0.0 
-0.088459741	0.0 
 0.14672885	0.0 
-0.1289162	0.0 
 0.069775284	0.0 
-0.0050637057	0.0 
-0.042502562	0.0 
 0.0616732	0.0 
-0.058760204	0.0 
 0.036267959	0.0 
-0.016459943	0.0 
-0.0044368346	0.0 
 0.017235491	0.0 
-0.017658263	0.0 
 0.012701066	0.0 
-0.0068941023	0.0 
 0.0023489673	0.0 
 0.00034703013	0.0 
-0.0014456512	0.0 
 0.0015209636	0.0 
-0.0011272953	0.0 
 0.00065625464	0.0 
-0.0002924508	0.0 
 9.0178931e-005	0.0 
-3.883249e-006	0.0 
-1.3318559e-005	0.0 
-1.1746904e-005	0.0 
 1.7556708e-006	0.0 
 5.2157254e-007	0.0 
 2.0873904e-007	0.0 
-1.9822374e-008	0.0 
0 
