# q330_raw_filter_data/FLbelow40-10.txt Quanterra Q330 composite FIR filter parameter file 
# $Id$
#  
# 1 decimation factor 
# type			2 
# npoles		0 
# input sample rate	10 
# decimal factor	1 
# normalization factor	1.0 
# gain factor		1 
theoretical  1  anti_alias   fir    coef_conv 
   10.0000    1       36.8300 
81 
-2.360239e-016	0.0 
 6.40308e-011	0.0 
-2.4363512e-010	0.0 
 2.03022e-007	0.0 
-1.7719501e-007	0.0 
 1.1125323e-007	0.0 
 1.2682993e-007	0.0 
-2.7507371e-007	0.0 
 9.6362244e-007	0.0 
-1.3482736e-006	0.0 
 1.4144997e-006	0.0 
-2.6998517e-006	0.0 
-5.7936515e-007	0.0 
 3.7899308e-005	0.0 
-0.00036313105	0.0 
-0.00019060602	0.0 
 0.00052175995	0.0 
-0.0010408295	0.0 
 0.0015685039	0.0 
-0.0018699698	0.0 
 0.0016598898	0.0 
-0.00065707377	0.0 
-0.0013193262	0.0 
 0.0042463955	0.0 
-0.0078058877	0.0 
 0.011255453	0.0 
-0.01443397	0.0 
 0.014917505	0.0 
-0.012248265	0.0 
 0.0052666742	0.0 
 0.0067572351	0.0 
-0.024061439	0.0 
 0.046419034	0.0 
-0.073407719	0.0 
 0.10538147	0.0 
-0.14733458	0.0 
 0.24346632	0.0 
 0.8708228	0.0 
 0.0014397162	0.0 
-0.058191041	0.0 
 0.065071582	0.0 
-0.066237249	0.0 
 0.055405183	0.0 
-0.041087549	0.0 
 0.026334554	0.0 
-0.013079688	0.0 
 0.002538485	0.0 
 0.0046857829	0.0 
-0.0088494039	0.0 
 0.0094946359	0.0 
-0.0086373894	0.0 
 0.0065851746	0.0 
-0.0041499448	0.0 
 0.0019369169	0.0 
-0.00029269818	0.0 
-0.00067283593	0.0 
 0.0010331388	0.0 
-0.00096763738	0.0 
 0.00068615691	0.0 
-0.00047601332	0.0 
-0.00018693144	0.0 
 3.0522347e-005	0.0 
 3.7560656e-007	0.0 
 6.1282468e-007	0.0 
 1.1771388e-007	0.0 
-1.269163e-006	0.0 
 8.9390635e-007	0.0 
-5.6427697e-007	0.0 
 4.2511513e-007	0.0 
-7.9223901e-008	0.0 
-4.6606155e-009	0.0 
 1.6543437e-007	0.0 
-2.4671377e-008	0.0 
 2.187346e-009	0.0 
-1.5474701e-009	0.0 
 5.4126565e-010	0.0 
-2.0661711e-010	0.0 
-5.4969023e-012	0.0 
 2.6377001e-012	0.0 
-5.2346668e-012	0.0 
 4.9871357e-012	0.0 
0 
