# FLbelow20-20 Quanterra Q330  FIR filter parameter file 
# Linear Below 20	Filter scheme selected
# coefficients are non-symetric, listed in time order;	
# type			2 
# npoles		0 
# input sample rate	20 
# decimal factor	1 
# normalization factor	1.0 
# gain factor		1.000000 
theoretical  1  anti_alias   fir    coef_conv 
20 1 3.77394 
67 
 3.6629323E-15	0.0 
 2.9597358E-04	0.0 
 2.0711117E-02	0.0 
 2.1259709E-01	0.0 
 6.2116186E-01	0.0 
 4.1680993E-01	0.0 
-3.3673866E-01	0.0 
-1.2232781E-02	0.0 
 2.0913408E-01	0.0 
-2.2412254E-01	0.0 
 1.3434204E-01	0.0 
-2.7401577E-02	0.0 
-6.4080031E-02	0.0 
 1.1265701E-01	0.0 
-1.1833712E-01	0.0 
 9.4549596E-02	0.0 
-5.5887374E-02	0.0 
 1.4867878E-02	0.0 
 1.9535354E-02	0.0 
-4.2316885E-02	0.0 
 5.2117103E-02	0.0 
-5.0495372E-02	0.0 
 4.0678011E-02	0.0 
-2.6558216E-02	0.0 
 1.1775969E-02	0.0 
 8.4284270E-04	0.0 
-1.0046277E-02	0.0 
 1.4090336E-02	0.0 
-1.5712355E-02	0.0 
 1.3936198E-02	0.0 
-1.0311000E-02	0.0 
 6.3689394E-03	0.0 
-2.9965516E-03	0.0 
 5.5548358E-04	0.0 
 9.4255210E-04	0.0 
-1.6471663E-03	0.0 
 1.7912406E-03	0.0 
-1.6004090E-03	0.0 
 1.2552058E-03	0.0 
-8.8210335E-04	0.0 
 5.5553681E-04	0.0 
-3.0772346E-04	0.0 
 1.4183072E-04	0.0 
-4.4731391E-05	0.0 
-2.8229165E-06	0.0 
 1.9641136E-05	0.0 
-2.0504594E-05	0.0 
 1.5228091E-05	0.0 
-9.2679222E-06	0.0 
 4.8226367E-06	0.0 
-1.1264210E-06	0.0 
-1.4827973E-06	0.0 
 1.0550217E-06	0.0 
 9.1596368E-07	0.0 
-3.6746094E-07	0.0 
-4.7475387E-07	0.0 
-2.1152768E-07	0.0 
 1.5701294E-07	0.0 
 1.4045649E-07	0.0 
 2.7326070E-08	0.0 
-2.0335908E-08	0.0 
-1.3778339E-08	0.0 
-4.3948376E-09	0.0 
 4.6328583E-10	0.0 
 5.3894651E-11	0.0 
 4.5313895E-11	0.0 
 2.6834003E-10	0.0 
0 
