# q330_filter_data/FLbelow100-20.txt Quanterra Q330 composite FIR filter parameter file 
# version:	\$Revision$\ \$Date$\  
#  
# 1 decimation factor 
# type			2 
# npoles		0 
# input sample rate	20 
# decimal factor	1 
# normalization factor	1.0 
# gain factor		1 
theoretical  1  anti_alias   fir    coef_conv 
   20.0000    1       32.6090 
67 
-3.6534167e-017	0.0 
 3.6748806e-008	0.0 
-4.2705963e-007	0.0 
 1.1450196e-006	0.0 
-1.8759414e-007	0.0 
-3.3727366e-007	0.0 
 2.7874691e-006	0.0 
-3.744026e-006	0.0 
 5.4117187e-006	0.0 
 7.4733627e-006	0.0 
-0.00051775947	0.0 
 0.00021067676	0.0 
 4.6325774e-005	0.0 
-0.00060822221	0.0 
 0.0014417474	0.0 
-0.0024062652	0.0 
 0.0032253379	0.0 
-0.0035063897	0.0 
 0.0028144109	0.0 
-0.00077197139	0.0 
-0.0028051188	0.0 
 0.0077780548	0.0 
-0.013581463	0.0 
 0.019176457	0.0 
-0.022970352	0.0 
 0.024039791	0.0 
-0.022098646	0.0 
 0.0086073391	0.0 
 0.011752518	0.0 
-0.044778678	0.0 
 0.096492313	0.0 
-0.19175482	0.0 
 0.52765235	0.0 
 0.72416703	0.0 
-0.1569053	0.0 
 0.044257419	0.0 
 0.0031416839	0.0 
-0.026671437	0.0 
 0.036153163	0.0 
-0.038568668	0.0 
 0.031084166	0.0 
-0.023525893	0.0 
 0.015321091	0.0 
-0.0074039828	0.0 
 0.0010964539	0.0 
 0.0030979653	0.0 
-0.005193199	0.0 
 0.0055613106	0.0 
-0.0047611008	0.0 
 0.0033821315	0.0 
-0.0019205198	0.0 
 0.00071521751	0.0 
 7.677194e-005	0.0 
-0.0004518973	0.0 
 0.00050269974	0.0 
-0.00056503698	0.0 
-5.5680047e-005	0.0 
 1.5773557e-005	0.0 
-1.4198475e-006	0.0 
 8.1490938e-007	0.0 
 6.8079462e-007	0.0 
-1.2527285e-006	0.0 
 1.5243504e-006	0.0 
-2.8333595e-007	0.0 
-1.0638379e-008	0.0 
 1.2571201e-009	0.0 
-5.4295424e-011	0.0 
0 
