# FLbelow100-100 Quanterra Q330  FIR filter parameter file 
# Linear Below 100	Filter scheme selected
# coefficients are non-symetric, listed in time order;	
# type			2 
# npoles		0 
# input sample rate	100 
# decimal factor	1 
# normalization factor	1.0 
# gain factor		1.000000 
theoretical  1  anti_alias   fir    coef_conv 
100 1 4.1607 
65 
 1.3154932E-11	0.0 
 1.5010653E-04	0.0 
 1.3396814E-02	0.0 
 1.6442924E-01	0.0 
 5.6880941E-01	0.0 
 5.1738348E-01	0.0 
-2.6083604E-01	0.0 
-1.2203293E-01	0.0 
 2.5718129E-01	0.0 
-2.0290260E-01	0.0 
 7.0758805E-02	0.0 
 3.8796662E-02	0.0 
-1.1431347E-01	0.0 
 1.3547966E-01	0.0 
-1.1144746E-01	0.0 
 6.7054813E-02	0.0 
-1.9271235E-02	0.0 
-2.0931286E-02	0.0 
 4.7680563E-02	0.0 
-5.9338288E-02	0.0 
 5.7579308E-02	0.0 
-4.6233307E-02	0.0 
 2.9777146E-02	0.0 
-1.2482940E-02	0.0 
-2.3660751E-03	0.0 
 1.2788211E-02	0.0 
-1.8469822E-02	0.0 
 1.8797255E-02	0.0 
-1.7138655E-02	0.0 
 1.2781987E-02	0.0 
-7.6757868E-03	0.0 
 3.2551587E-03	0.0 
-8.9475628E-05	0.0 
-1.7787575E-03	0.0 
 2.5960431E-03	0.0 
-2.6661685E-03	0.0 
 2.3074030E-03	0.0 
-1.7705155E-03	0.0 
 1.2186428E-03	0.0 
-7.4604922E-04	0.0 
 3.9217516E-04	0.0 
-1.5836647E-04	0.0 
 2.4378010E-05	0.0 
 3.8075730E-05	0.0 
-5.6180479E-05	0.0 
 5.1527710E-05	0.0 
-3.8564693E-05	0.0 
 2.5302859E-05	0.0 
-1.5124650E-05	0.0 
 8.7397951E-06	0.0 
-4.6481172E-06	0.0 
 1.3762756E-06	0.0 
 7.0420640E-07	0.0 
 2.2418734E-07	0.0 
-1.2510258E-06	0.0 
 1.0667707E-07	0.0 
 2.6428765E-07	0.0 
 3.2266382E-07	0.0 
-8.0741625E-08	0.0 
-1.0990485E-07	0.0 
-3.3252027E-08	0.0 
 1.3885057E-08	0.0 
 1.0562748E-08	0.0 
 2.5779114E-09	0.0 
-7.0186227E-10	0.0 
0 
