# q330_raw_filter_data/FLbelow100-40.txt Quanterra Q330 composite FIR filter parameter file 
# version:	$Revision$Date: 2006/04/09 00:54:48    
#  
# 1 decimation factor 
# type			2 
# npoles		0 
# input sample rate	40 
# decimal factor	1 
# normalization factor	1.0 
# gain factor		1 
theoretical  1  anti_alias   fir    coef_conv 
   40.0000    1       17.2180 
39 
 4.1895179e-013	0.0 
 0.00033031761	0.0 
 0.0010292126	0.0 
-0.003141228	0.0 
 0.00020570927	0.0 
 0.0015252131	0.0 
-0.0062319267	0.0 
 0.010480133	0.0 
-0.013120247	0.0 
 0.010782143	0.0 
-0.00144455	0.0 
-0.015872946	0.0 
 0.039507404	0.0 
-0.06510363	0.0 
 0.085371559	0.0 
-0.089191342	0.0 
 0.050061889	0.0 
 0.83723276	0.0 
 0.26672305	0.0 
-0.16669311	0.0 
 0.095283986	0.0 
-0.050921772	0.0 
 0.016145837	0.0 
 0.007063624	0.0 
-0.018387713	0.0 
 0.01994141	0.0 
-0.015489507	0.0 
 0.0085273541	0.0 
-0.0025578868	0.0 
-0.0018110264	0.0 
 0.0024264926	0.0 
-0.0037576946	0.0 
 0.00046729273	0.0 
 0.00063307212	0.0 
-1.5687414e-006	0.0 
-1.2547978e-005	0.0 
 3.2104054e-007	0.0 
-2.633241e-008	0.0 
-5.0999748e-008	0.0 
0 
