# q330_raw_filter_data/FLinear-50.txt Quanterra Q330 composite FIR filter parameter file 
# $Id$
#  
# 1 decimation factor 
# type			2 
# npoles		0 
# input sample rate	50 
# decimal factor	1 
# normalization factor	1.0 
# gain factor		1 
theoretical  1  anti_alias   fir    coef_conv 
   50.0000    1       41.0000 
81 
-3.2785829e-016	0.0 
-3.6274268e-011	0.0 
 6.4003716e-011	0.0 
 8.2684627e-010	0.0 
-1.3581664e-009	0.0 
-8.5028615e-009	0.0 
-1.4891489e-007	0.0 
 9.7977295e-008	0.0 
-6.4163297e-008	0.0 
-1.141486e-007	0.0 
 3.5896618e-007	0.0 
-6.20365e-007	0.0 
 1.1409656e-006	0.0 
-9.2862118e-007	0.0 
-2.9369098e-007	0.0 
-9.0778662e-007	0.0 
-5.8348817e-007	0.0 
 0.00025589763	0.0 
 0.00015293822	0.0 
-0.00041434821	0.0 
 0.0007768736	0.0 
-0.0011237264	0.0 
 0.001264892	0.0 
-0.00098171481	0.0 
 7.271305e-005	0.0 
 0.00157065	0.0 
-0.0038837692	0.0 
 0.0065687666	0.0 
-0.0090560443	0.0 
 0.010520104	0.0 
-0.010674191	0.0 
 0.0073819326	0.0 
-0.00088499897	0.0 
-0.009262029	0.0 
 0.022777609	0.0 
-0.038735122	0.0 
 0.055625559	0.0 
-0.070369971	0.0 
 0.077024583	0.0 
-0.082661069	0.0 
 0.059462036	0.0 
 0.88495398	0.0 
 0.1757805	0.0 
-0.12873133	0.0 
 0.096676835	0.0 
-0.075838499	0.0 
 0.052041504	0.0 
-0.030537702	0.0 
 0.012961277	0.0 
 0.0001371563	0.0 
-0.0086141566	0.0 
 0.012857308	0.0 
-0.013791932	0.0 
 0.011649262	0.0 
-0.0087902597	0.0 
 0.0054550829	0.0 
-0.0024440359	0.0 
 0.00019614708	0.0 
 0.0011510374	0.0 
-0.0016812514	0.0 
 0.0016137638	0.0 
-0.0012135806	0.0 
 0.00071765682	0.0 
-0.00029887938	0.0 
 3.3025759e-005	0.0 
 0.00030754638	0.0 
 4.9420138e-006	0.0 
-5.2561064e-007	0.0 
 1.3904545e-007	0.0 
-1.1180537e-006	0.0 
 1.1259922e-006	0.0 
-5.391858e-007	0.0 
 1.8595953e-007	0.0 
-4.632244e-009	0.0 
-1.4432983e-007	0.0 
 1.4658031e-007	0.0 
-1.4838247e-007	0.0 
-2.0005829e-008	0.0 
-1.3583961e-009	0.0 
 7.8591015e-010	0.0 
 1.6879806e-010	0.0 
0 
