# FLinear-20 Quanterra Q330  FIR filter parameter file 
# All Linear	Filter scheme selected
# coefficients are non-symetric, listed in time order;	
# type			2 
# npoles		0 
# input sample rate	20 
# decimal factor	1 
# normalization factor	1.0 
# gain factor		1.000000 
theoretical  1  anti_alias   fir    coef_conv 
20 1 34 
67 
 3.7716220E-17	0.0 
-1.6971263E-10	0.0 
 1.7183769E-08	0.0 
-2.4396441E-07	0.0 
 2.5825193E-07	0.0 
 1.5608987E-06	0.0 
-1.8170374E-06	0.0 
 2.4137647E-06	0.0 
-3.7049074E-06	0.0 
 8.7327567E-07	0.0 
 3.6423511E-05	0.0 
-2.4683311E-04	0.0 
-3.9359882E-04	0.0 
 6.5596116E-04	0.0 
-1.0202520E-03	0.0 
 1.2305107E-03	0.0 
-1.0604299E-03	0.0 
 2.8861329E-04	0.0 
 1.2268313E-03	0.0 
-3.4585489E-03	0.0 
 6.1462784E-03	0.0 
-8.7582095E-03	0.0 
 1.0517854E-02	0.0 
-1.0495466E-02	0.0 
 7.7688228E-03	0.0 
-1.6282018E-03	0.0 
-7.6409597E-03	0.0 
 1.9894414E-02	0.0 
-3.8761941E-02	0.0 
 5.5104411E-02	0.0 
-7.1369635E-02	0.0 
 8.3303570E-02	0.0 
-8.6719458E-02	0.0 
 6.2876883E-02	0.0 
 8.8995076E-01	0.0 
 1.6700170E-01	0.0 
-1.2868654E-01	0.0 
 1.0072625E-01	0.0 
-7.5500737E-02	0.0 
 5.1595197E-02	0.0 
-3.1114641E-02	0.0 
 1.1006032E-02	0.0 
 4.7617321E-04	0.0 
-8.2388155E-03	0.0 
 1.2421118E-02	0.0 
-1.3133279E-02	0.0 
 1.1441660E-02	0.0 
-8.4523488E-03	0.0 
 5.1364373E-03	0.0 
-2.2056665E-03	0.0 
 6.4757742E-05	0.0 
 1.1723495E-03	0.0 
-1.6096229E-03	0.0 
 1.4835919E-03	0.0 
-1.0652902E-03	0.0 
 5.9053200E-04	0.0 
-2.7357644E-04	0.0 
-3.2148402E-04	0.0 
 3.9851542E-05	0.0 
 1.0833027E-06	0.0 
-4.6429730E-06	0.0 
 2.8844792E-06	0.0 
-1.6208104E-06	0.0 
 1.3161658E-06	0.0 
 4.7251905E-07	0.0 
-3.2963658E-07	0.0 
 2.7142341E-08	0.0 
0 
