# FLinear-10 Quanterra Q330  FIR filter parameter file 
# All Linear	Filter scheme selected
# coefficients are non-symetric, listed in time order;	
# type			2 
# npoles		0 
# input sample rate	10 
# decimal factor	1 
# normalization factor	1.0 
# gain factor		1.000000 
theoretical  1  anti_alias   fir    coef_conv 
10 1 40 
81 
-2.7466516E-16	0.0 
 7.4482324E-13	0.0 
 5.5024186E-12	0.0 
-6.7663246E-12	0.0 
-6.9708842E-10	0.0 
 2.2806433E-09	0.0 
-2.3125315E-08	0.0 
 1.7977802E-07	0.0 
-3.9412734E-08	0.0 
-3.8529310E-08	0.0 
 3.7648552E-07	0.0 
-5.5005753E-07	0.0 
 9.2447306E-07	0.0 
-1.3856665E-06	0.0 
 5.3588471E-07	0.0 
-4.1162510E-07	0.0 
-1.2800224E-07	0.0 
 3.3330684E-05	0.0 
-2.2269452E-04	0.0 
-4.2732934E-04	0.0 
 6.7166016E-04	0.0 
-1.0051564E-03	0.0 
 1.1620295E-03	0.0 
-9.1904148E-04	0.0 
 7.2069461E-05	0.0 
 1.4947287E-03	0.0 
-3.7244772E-03	0.0 
 6.3230454E-03	0.0 
-8.7258369E-03	0.0 
 1.0110166E-02	0.0 
-1.0172132E-02	0.0 
 6.7867209E-03	0.0 
-2.2180644E-04	0.0 
-9.9405912E-03	0.0 
 2.3357210E-02	0.0 
-3.9007042E-02	0.0 
 5.5214189E-02	0.0 
-6.9454213E-02	0.0 
 7.5936072E-02	0.0 
-7.6180261E-02	0.0 
 4.4648774E-02	0.0 
 8.8259889E-01	0.0 
 1.9067837E-01	0.0 
-1.3433898E-01	0.0 
 1.0054890E-01	0.0 
-7.5771721E-02	0.0 
 5.0531253E-02	0.0 
-2.8671177E-02	0.0 
 1.1082905E-02	0.0 
 1.7342692E-03	0.0 
-9.7496609E-03	0.0 
 1.3467400E-02	0.0 
-1.3909546E-02	0.0 
 1.1395713E-02	0.0 
-8.3214780E-03	0.0 
 4.9189266E-03	0.0 
-1.9661751E-03	0.0 
-1.4500543E-04	0.0 
 1.3256912E-03	0.0 
-1.7036577E-03	0.0 
 1.5283706E-03	0.0 
-1.0757465E-03	0.0 
 5.8335340E-04	0.0 
-2.5859073E-04	0.0 
-3.2968029E-04	0.0 
 4.0726374E-05	0.0 
-1.6193610E-06	0.0 
-1.3709706E-06	0.0 
 1.1395865E-06	0.0 
-1.3443739E-06	0.0 
 1.0305080E-06	0.0 
-3.4705078E-07	0.0 
 1.9843955E-07	0.0 
 6.5106441E-08	0.0 
-1.5204382E-07	0.0 
 1.9993686E-07	0.0 
-9.1221251E-09	0.0 
 2.3446343E-09	0.0 
-7.4841053E-10	0.0 
-5.3995831E-11	0.0 
 3.0192499E-11	0.0 
0 
