# FLinear-100 Quanterra Q330  FIR filter parameter file 
# All Linear	Filter scheme selected
# coefficients are non-symetric, listed in time order;	
# type			2 
# npoles		0 
# input sample rate	100 
# decimal factor	1 
# normalization factor	1.0 
# gain factor		1.000000 
theoretical  1  anti_alias   fir    coef_conv 
100 1 33 
65 
 6.4371121E-14	0.0 
 6.5825770E-08	0.0 
-7.5311766E-07	0.0 
 6.2674271E-07	0.0 
 2.4706855E-06	0.0 
-3.1525577E-06	0.0 
 5.4823981E-06	0.0 
-7.7811291E-06	0.0 
 5.1055875E-06	0.0 
 3.3156799E-05	0.0 
-2.6823760E-04	0.0 
-3.5305647E-04	0.0 
 6.2248861E-04	0.0 
-1.0100592E-03	0.0 
 1.2727643E-03	0.0 
-1.1843099E-03	0.0 
 5.1269711E-04	0.0 
 9.1009111E-04	0.0 
-3.0904521E-03	0.0 
 5.8110683E-03	0.0 
-8.5778671E-03	0.0 
 1.0634378E-02	0.0 
-1.1039933E-02	0.0 
 8.8130836E-03	0.0 
-3.0777773E-03	0.0 
-4.6480785E-03	0.0 
 1.6016954E-02	0.0 
-3.7208849E-02	0.0 
 5.3601278E-02	0.0 
-7.2616284E-02	0.0 
 8.7855121E-02	0.0 
-9.7927630E-02	0.0 
 9.4678153E-02	0.0 
 8.8889072E-01	0.0 
 1.3842249E-01	0.0 
-1.1533106E-01	0.0 
 9.5115758E-02	0.0 
-7.4319789E-02	0.0 
 5.2126403E-02	0.0 
-3.3968415E-02	0.0 
 1.2283097E-02	0.0 
-1.4023866E-03	0.0 
-5.8583670E-03	0.0 
 1.0761799E-02	0.0 
-1.2148814E-02	0.0 
 1.1027588E-02	0.0 
-8.4566284E-03	0.0 
 5.3943745E-03	0.0 
-2.5707246E-03	0.0 
 4.2672806E-04	0.0 
 8.8109333E-04	0.0 
-1.4139076E-03	0.0 
 1.3792807E-03	0.0 
-1.0299300E-03	0.0 
 5.9629897E-04	0.0 
-3.0377813E-04	0.0 
-2.9877333E-04	0.0 
 3.4109403E-05	0.0 
 5.2698132E-06	0.0 
-8.0926861E-06	0.0 
 5.5645899E-06	0.0 
-2.9538289E-06	0.0 
 2.2618430E-06	0.0 
 7.6908485E-07	0.0 
-7.4975938E-07	0.0 
0 
