# FS+Lbelow100-50.txt Quanterra Q330 composite FIR filter parameter file 
# Quanterra File Date:  8/18/2012 (231)  1:33:18.000     
#  
# 1 decimation factor 
# type			2 
# npoles		0 
# input sample rate	50 
# decimal factor	1 
# normalization factor	1.0 
# gain factor		1 
theoretical  1  anti_alias   fir    coef_conv 
   50.0000    1       26.8430 
84 
-8.5205008e-017	0.0 
-1.1432062e-012	0.0 
-1.7419649e-009	0.0 
-1.8070358e-006	0.0 
-7.1860265e-005	0.0 
-0.00035980724	0.0 
 6.7163387e-006	0.0 
 0.00029490569	0.0 
-0.00067945555	0.0 
 0.0010263804	0.0 
-0.001098182	0.0 
 0.0006264948	0.0 
 0.00057482481	0.0 
-0.0024876428	0.0 
 0.0047905481	0.0 
-0.0068277295	0.0 
 0.0076856101	0.0 
-0.0063806555	0.0 
 0.0021478986	0.0 
 0.005240915	0.0 
-0.015201188	0.0 
 0.026182818	0.0 
-0.035689809	0.0 
 0.040458328	0.0 
-0.036675565	0.0 
 0.01992439	0.0 
 0.015945011	0.0 
-0.074297973	0.0 
 0.75195894	0.0 
 0.45198092	0.0 
-0.21949368	0.0 
 0.10031026	0.0 
-0.034228142	0.0 
-0.0027155785	0.0 
 0.023760435	0.0 
-0.031875504	0.0 
 0.030958074	0.0 
-0.024596827	0.0 
 0.015467576	0.0 
-0.0079493494	0.0 
 0.00018459202	0.0 
 0.004437257	0.0 
-0.0061971015	0.0 
 0.005908471	0.0 
-0.0044095032	0.0 
 0.0025125347	0.0 
-0.00083661145	0.0 
-0.00028352528	0.0 
 0.00078723807	0.0 
-0.00080885636	0.0 
 0.0005767279	0.0 
-0.0003338719	0.0 
-0.0002542005	0.0 
 8.8977458e-006	0.0 
-4.4814703e-006	0.0 
 4.1221185e-006	0.0 
-3.8639555e-006	0.0 
 2.4610822e-006	0.0 
-1.4378772e-006	0.0 
 4.0998911e-007	0.0 
 3.3081847e-007	0.0 
-4.315667e-007	0.0 
 5.7979553e-007	0.0 
-1.0684949e-008	0.0 
-3.3090846e-008	0.0 
 1.4039563e-008	0.0 
 8.371326e-009	0.0 
 3.7354047e-010	0.0 
-3.0921484e-009	0.0 
-9.5194983e-010	0.0 
-4.2743246e-010	0.0 
 2.931036e-010	0.0 
 1.4877124e-010	0.0 
-1.257053e-010	0.0 
 3.7176658e-011	0.0 
 2.2207732e-012	0.0 
-9.8553838e-012	0.0 
 5.7407472e-012	0.0 
-1.068986e-012	0.0 
-5.3752957e-013	0.0 
 2.6974676e-013	0.0 
-1.1579322e-014	0.0 
-5.3279132e-016	0.0 
 1.0161363e-014	0.0 
0 
