# FS+Linear-200.txt Quanterra Q330 composite FIR filter parameter file 
# Quanterra File Date:  8/18/2012 (231)  1:32:58.000     
#  
# 1 decimation factor 
# type			2 
# npoles		0 
# input sample rate	200 
# decimal factor	1 
# normalization factor	1.0 
# gain factor		1 
theoretical  1  anti_alias   fir    coef_conv 
  200.0000    1       18.0000 
47 
 6.3316389e-017	0.0 
 1.7302001e-010	0.0 
 2.7866964e-008	0.0 
 4.0086454e-008	0.0 
-1.3307247e-007	0.0 
 4.2362078e-008	0.0 
 3.172812e-006	0.0 
 0.00036363304	0.0 
 0.00065831952	0.0 
-0.0012580192	0.0 
 0.00130633	0.0 
 0.00012705967	0.0 
-0.0033889271	0.0 
 0.0075259471	0.0 
-0.010044759	0.0 
 0.0075930557	0.0 
 0.0024091941	0.0 
-0.019725388	0.0 
 0.039784827	0.0 
-0.05320792	0.0 
 0.047333512	0.0 
-0.0048712294	0.0 
-0.11201314	0.0 
 0.6467058	0.0 
 0.5640493	0.0 
-0.14666579	0.0 
 0.027492283	0.0 
 0.026426561	0.0 
-0.044161856	0.0 
 0.039639626	0.0 
-0.024322713	0.0 
 0.0079878278	0.0 
 0.003408431	0.0 
-0.0080491846	0.0 
 0.0073376451	0.0 
-0.0041185446	0.0 
 0.00096578553	0.0 
 0.00078555149	0.0 
-0.0011031424	0.0 
 0.00074115968	0.0 
 0.0002856313	0.0 
 2.3394034e-008	0.0 
-1.9634918e-008	0.0 
-9.938176e-008	0.0 
 5.735579e-008	0.0 
 2.3550142e-008	0.0 
-4.2784585e-011	0.0 
0 
