# FS+Lbelow40-20.txt Quanterra Q330 composite FIR filter parameter file 
# Quanterra File Date:  8/18/2012 (231)  1:33:10.000     
#  
# 1 decimation factor 
# type			2 
# npoles		0 
# input sample rate	20 
# decimal factor	1 
# normalization factor	1.0 
# gain factor		1 
theoretical  1  anti_alias   fir    coef_conv 
   20.0000    1       25.6130 
69 
 6.6691164e-017	0.0 
 1.4634501e-008	0.0 
 8.4605467e-006	0.0 
 0.00010673771	0.0 
 6.521621e-006	0.0 
-0.00069678848	0.0 
 0.00021018273	0.0 
 9.1334536e-005	0.0 
-0.00095114515	0.0 
 0.0018423947	0.0 
-0.0024408325	0.0 
 0.0020848187	0.0 
-0.00030919015	0.0 
-0.002975972	0.0 
 0.0071996986	0.0 
-0.011059317	0.0 
 0.012701305	0.0 
-0.010190218	0.0 
 0.0021711322	0.0 
 0.011439299	0.0 
-0.028943793	0.0 
 0.046697676	0.0 
-0.059297484	0.0 
 0.059840888	0.0 
-0.03937337	0.0 
-0.009986545	0.0 
 0.79909444	0.0 
 0.35527464	0.0 
-0.19745255	0.0 
 0.10301685	0.0 
-0.041567993	0.0 
 0.0011010794	0.0 
 0.020588083	0.0 
-0.034114543	0.0 
 0.028701146	0.0 
-0.019963005	0.0 
 0.010532371	0.0 
-0.0019489299	0.0 
-0.0038870241	0.0 
 0.0064418262	0.0 
-0.0062354564	0.0 
 0.0043829	0.0 
-0.00208198	0.0 
 0.00017681519	0.0 
 0.00086707832	0.0 
-0.0011685842	0.0 
 0.0007761207	0.0 
-0.00059157738	0.0 
-0.00033877653	0.0 
 0.00020404415	0.0 
 1.5356823e-005	0.0 
-2.4245041e-006	0.0 
 5.0803226e-006	0.0 
-3.9120375e-006	0.0 
 3.9019351e-006	0.0 
 2.4275613e-007	0.0 
-1.2685271e-006	0.0 
 2.2567433e-007	0.0 
 2.2261072e-008	0.0 
-1.4001941e-008	0.0 
 1.5953818e-008	0.0 
-1.7621349e-008	0.0 
 7.6219291e-009	0.0 
 2.7090204e-009	0.0 
-3.7206271e-009	0.0 
 3.8906374e-010	0.0 
 2.4075671e-010	0.0 
 1.3694765e-011	0.0 
 1.0853292e-013	0.0 
0 
