# FS+Lbelow20-250.txt Quanterra Q330 composite FIR filter parameter file 
# Quanterra File Date:  8/18/2012 (231)  1:33:38.000     
#  
# 1 decimation factor 
# type			2 
# npoles		0 
# input sample rate	250 
# decimal factor	1 
# normalization factor	1.0 
# gain factor		1 
theoretical  1  anti_alias   fir    coef_conv 
  250.0000    1        3.7830 
57 
 7.2984052e-018	0.0 
-5.8027325e-010	0.0 
 2.4788781e-007	0.0 
 5.4875901e-006	0.0 
 2.8792048e-005	0.0 
 4.8917953e-005	0.0 
 8.4296572e-006	0.0 
-2.6749754e-005	0.0 
 0.00099775553	0.0 
 0.036997268	0.0 
 0.26614153	0.0 
 0.62159016	0.0 
 0.32937607	0.0 
-0.33378713	0.0 
-0.0011480009	0.0 
 0.20584873	0.0 
-0.20694602	0.0 
 0.094275465	0.0 
 0.030784753	0.0 
-0.10814063	0.0 
 0.12286619	0.0 
-0.089541682	0.0 
 0.034578081	0.0 
 0.017258364	0.0 
-0.050267881	0.0 
 0.059665102	0.0 
-0.049479433	0.0 
 0.028492622	0.0 
-0.0061049365	0.0 
-0.011162139	0.0 
 0.018668454	0.0 
-0.020422444	0.0 
 0.014988043	0.0 
-0.0075830979	0.0 
 0.0015381518	0.0 
 0.0020659955	0.0 
-0.0034291731	0.0 
 0.0032806193	0.0 
-0.0024032652	0.0 
 0.0013899196	0.0 
-0.00057441663	0.0 
 6.7478073e-005	0.0 
 0.00016258751	0.0 
-0.00020834723	0.0 
 0.00016464697	0.0 
-9.9108742e-005	0.0 
 4.6307603e-005	0.0 
-1.5496845e-005	0.0 
 2.5597509e-006	0.0 
 8.1618962e-007	0.0 
 4.2842787e-007	0.0 
-4.1607124e-008	0.0 
 3.8188609e-008	0.0 
-5.717449e-009	0.0 
-3.4285297e-009	0.0 
 1.549653e-009	0.0 
-2.6191996e-010	0.0 
0 
