# FS+Linear-500.txt Quanterra Q330 composite FIR filter parameter file 
# Quanterra File Date:  8/18/2012 (231)  1:33:52.000     
#  
# 1 decimation factor 
# type			2 
# npoles		0 
# input sample rate	500 
# decimal factor	1 
# normalization factor	1.0 
# gain factor		1 
theoretical  1  anti_alias   fir    coef_conv 
  500.0000    1       26.0000 
79 
-1.4069728e-016	0.0 
 1.3650494e-013	0.0 
 2.419308e-010	0.0 
-9.1124607e-009	0.0 
-3.3654512e-008	0.0 
 2.8322671e-008	0.0 
-1.6609098e-008	0.0 
-2.2687781e-008	0.0 
 7.763439e-008	0.0 
-1.4568108e-007	0.0 
 2.259048e-007	0.0 
-2.1344373e-007	0.0 
 1.2983063e-007	0.0 
-1.4298328e-008	0.0 
-4.4605381e-007	0.0 
-1.2634624e-005	0.0 
-0.00028543128	0.0 
-0.00024534566	0.0 
 0.00048941414	0.0 
-0.00071344304	0.0 
 0.00072365766	0.0 
-0.00030452583	0.0 
-0.0006797135	0.0 
 0.0021856236	0.0 
-0.0039135369	0.0 
 0.0052935144	0.0 
-0.0055675669	0.0 
 0.004035236	0.0 
 5.4222626e-005	0.0 
-0.0064696454	0.0 
 0.014553927	0.0 
-0.022728693	0.0 
 0.028661915	0.0 
-0.02950618	0.0 
 0.022214717	0.0 
-0.003724393	0.0 
-0.029479831	0.0 
 0.084015964	0.0 
-0.18347871	0.0 
 0.51702003	0.0 
 0.71269375	0.0 
-0.13231744	0.0 
 0.024596749	0.0 
 0.020716413	0.0 
-0.04009518	0.0 
 0.044193702	0.0 
-0.0388164	0.0 
 0.028366057	0.0 
-0.016412124	0.0 
 0.0056203914	0.0 
 0.0023742777	0.0 
-0.006964525	0.0 
 0.008455274	0.0 
-0.0074598473	0.0 
 0.0052764262	0.0 
-0.002781986	0.0 
 0.00068851571	0.0 
 0.0006474014	0.0 
-0.0011946187	0.0 
 0.0011438727	0.0 
-0.00077850207	0.0 
 0.00036057832	0.0 
-4.2283426e-005	0.0 
-0.00037038576	0.0 
-3.8299446e-005	0.0 
 1.3547805e-007	0.0 
-2.714227e-007	0.0 
 3.7404724e-007	0.0 
-2.8781066e-007	0.0 
 2.2608012e-007	0.0 
-1.1481342e-007	0.0 
 1.8015903e-008	0.0 
 2.4887602e-008	0.0 
-4.3248292e-008	0.0 
 4.0049931e-008	0.0 
-2.8627323e-008	0.0 
-1.6196892e-008	0.0 
 2.0835605e-010	0.0 
-5.240534e-013	0.0 
0 
