# FS+Lbelow20-20.txt Quanterra Q330 composite FIR filter parameter file 
# Quanterra File Date:  8/18/2012 (231)  1:32:50.000     
#  
# 1 decimation factor 
# type			2 
# npoles		0 
# input sample rate	20 
# decimal factor	1 
# normalization factor	1.0 
# gain factor		1 
theoretical  1  anti_alias   fir    coef_conv 
   20.0000    1        4.4860 
69 
 2.2230388e-017	0.0 
 3.8909461e-007	0.0 
 0.00034179834	0.0 
 0.013116431	0.0 
 0.12748244	0.0 
 0.45683411	0.0 
 0.58430444	0.0 
-0.028157971	0.0 
-0.31949837	0.0 
 0.21451618	0.0 
 0.024902794	0.0 
-0.17496872	0.0 
 0.17885348	0.0 
-0.098534194	0.0 
-0.0079132746	0.0 
 0.086858716	0.0 
-0.11417651	0.0 
 0.095130959	0.0 
-0.049497208	0.0 
-0.0007060779	0.0 
 0.038825896	0.0 
-0.056796094	0.0 
 0.054718731	0.0 
-0.038626918	0.0 
 0.016547437	0.0 
 0.0033654339	0.0 
-0.017433211	0.0 
 0.021683724	0.0 
-0.020417555	0.0 
 0.014311129	0.0 
-0.0062382478	0.0 
-0.0002296888	0.0 
 0.0039043212	0.0 
-0.0050327685	0.0 
 0.0044764928	0.0 
-0.0031297829	0.0 
 0.0016887969	0.0 
-0.00055462299	0.0 
-0.00014324568	0.0 
 0.00044788335	0.0 
-0.00048133026	0.0 
 0.00037560386	0.0 
-0.00023278636	0.0 
 0.00011201365	0.0 
-3.4452777e-005	0.0 
-2.84161e-006	0.0 
 1.3554239e-005	0.0 
-1.1210822e-005	0.0 
 6.022639e-006	0.0 
-1.7926756e-006	0.0 
-2.611262e-008	0.0 
 1.5348979e-007	0.0 
-4.0028051e-009	0.0 
-3.4813329e-008	0.0 
 3.823706e-008	0.0 
-4.7378195e-008	0.0 
 2.2692143e-008	0.0 
 3.7453343e-009	0.0 
 1.1804801e-009	0.0 
-2.1689129e-009	0.0 
-1.5469787e-009	0.0 
-4.3782037e-010	0.0 
 5.2764649e-010	0.0 
 1.1083301e-011	0.0 
 9.3022486e-011	0.0 
-2.1212325e-011	0.0 
 9.4904211e-013	0.0 
 2.1883594e-013	0.0 
 4.0311103e-015	0.0 
0 
