# FS+Linear-50.txt Quanterra Q330 composite FIR filter parameter file 
# Quanterra File Date:  8/18/2012 (231)  1:33:00.000     
#  
# 1 decimation factor 
# type			2 
# npoles		0 
# input sample rate	50 
# decimal factor	1 
# normalization factor	1.0 
# gain factor		1 
theoretical  1  anti_alias   fir    coef_conv 
   50.0000    1       41.0000 
84 
 6.0742009e-017	0.0 
-1.647523e-016	0.0 
-6.2024381e-013	0.0 
-1.3996729e-011	0.0 
 6.3641125e-011	0.0 
 1.1690217e-010	0.0 
-7.492198e-010	0.0 
-2.3098512e-008	0.0 
 8.4566968e-008	0.0 
 2.5270274e-007	0.0 
-2.8683258e-007	0.0 
 3.1056953e-007	0.0 
-1.5862193e-007	0.0 
-2.4389851e-007	0.0 
 9.0950838e-007	0.0 
-1.8809755e-006	0.0 
 2.3252843e-006	0.0 
-2.3384492e-006	0.0 
-3.0005901e-005	0.0 
-0.00035158698	0.0 
-9.741268e-005	0.0 
 0.00041254518	0.0 
-0.00079802598	0.0 
 0.0010868605	0.0 
-0.0010204097	0.0 
 0.00034140072	0.0 
 0.0010901867	0.0 
-0.0031776829	0.0 
 0.0055033799	0.0 
-0.0073279751	0.0 
 0.0077090049	0.0 
-0.0055713997	0.0 
-0.0001640013	0.0 
 0.0079321363	0.0 
-0.018496397	0.0 
 0.029351386	0.0 
-0.037807534	0.0 
 0.040245216	0.0 
-0.032160751	0.0 
 0.0093636864	0.0 
 0.040090356	0.0 
-0.14980996	0.0 
 0.67503266	0.0 
 0.56351138	0.0 
-0.17868954	0.0 
 0.07397312	0.0 
-0.019269631	0.0 
-0.01138337	0.0 
 0.027608436	0.0 
-0.032417515	0.0 
 0.029460887	0.0 
-0.022058983	0.0 
 0.012972146	0.0 
-0.0052217877	0.0 
-0.0014867853	0.0 
 0.0051401996	0.0 
-0.0062211196	0.0 
 0.0055053592	0.0 
-0.0038254977	0.0 
 0.0019517414	0.0 
-0.0004248356	0.0 
-0.00050436844	0.0 
 0.00084120694	0.0 
-0.0007577982	0.0 
 0.00048545727	0.0 
-0.00021429407	0.0 
-0.00030117263	0.0 
-1.7230534e-005	0.0 
-1.5407969e-006	0.0 
 1.8715485e-006	0.0 
-1.8924489e-006	0.0 
 1.1152543e-006	0.0 
-4.9453467e-007	0.0 
 5.817433e-008	0.0 
 1.8571627e-007	0.0 
-2.3733637e-007	0.0 
 2.7147263e-007	0.0 
 5.0667746e-008	0.0 
-1.9019234e-008	0.0 
-3.8024426e-010	0.0 
 1.4180266e-010	0.0 
 4.2546241e-011	0.0 
-1.2426848e-011	0.0 
-2.490682e-013	0.0 
0 
