# FS+Lbelow20-40.txt Quanterra Q330 composite FIR filter parameter file 
# Quanterra File Date:  8/18/2012 (231)  1:32:50.000     
#  
# 1 decimation factor 
# type			2 
# npoles		0 
# input sample rate	40 
# decimal factor	1 
# normalization factor	1.0 
# gain factor		1 
theoretical  1  anti_alias   fir    coef_conv 
   40.0000    1        3.2260 
42 
 3.1641559e-015	0.0 
 9.6845939e-008	0.0 
 0.0012321017	0.0 
 0.059614528	0.0 
 0.38139649	0.0 
 0.66480643	0.0 
 0.068304637	0.0 
-0.33192745	0.0 
 0.20952004	0.0 
-0.0027091775	0.0 
-0.13040891	0.0 
 0.16000342	0.0 
-0.11601003	0.0 
 0.042762177	0.0 
 0.022897247	0.0 
-0.062148948	0.0 
 0.069549905	0.0 
-0.055995601	0.0 
 0.027275248	0.0 
-0.0057026792	0.0 
-0.013777547	0.0 
 0.022636365	0.0 
-0.019155051	0.0 
 0.011795217	0.0 
-0.0050245862	0.0 
 0.00049925285	0.0 
 0.0017144756	0.0 
-0.0022474124	0.0 
 0.0018734772	0.0 
-0.0012054144	0.0 
 0.00061025331	0.0 
-0.0002181435	0.0 
 3.1196526e-005	0.0 
 3.0188386e-005	0.0 
-2.7734342e-005	0.0 
-8.6208149e-007	0.0 
 4.6532235e-006	0.0 
 1.5207027e-006	0.0 
 5.2675464e-007	0.0 
 9.7539511e-008	0.0 
 8.8499466e-009	0.0 
 5.5137812e-011	0.0 
0 
