# FS+Lbelow100-20.txt Quanterra Q330 composite FIR filter parameter file 
# Quanterra File Date:  8/18/2012 (231)  1:33:18.000     
#  
# 1 decimation factor 
# type			2 
# npoles		0 
# input sample rate	20 
# decimal factor	1 
# normalization factor	1.0 
# gain factor		1 
theoretical  1  anti_alias   fir    coef_conv 
   20.0000    1       32.5630 
69 
 3.1492548e-017	0.0 
 2.627651e-009	0.0 
 7.1218867e-008	0.0 
-2.7054677e-007	0.0 
-5.3704103e-007	0.0 
 1.8328857e-006	0.0 
-5.5383628e-007	0.0 
-1.6768414e-007	0.0 
 2.8204454e-006	0.0 
 1.3985883e-006	0.0 
 0.00013615741	0.0 
-3.942695e-005	0.0 
-0.0007526441	0.0 
 0.00043353118	0.0 
-0.00024322713	0.0 
-0.00063350901	0.0 
 0.0017861995	0.0 
-0.00293341	0.0 
 0.0033377434	0.0 
-0.0022950895	0.0 
-0.00066745349	0.0 
 0.0053980669	0.0 
-0.010898986	0.0 
 0.015322086	0.0 
-0.016308959	0.0 
 0.012083635	0.0 
-0.00096562658	0.0 
-0.021077869	0.0 
 0.044311775	0.0 
-0.069312255	0.0 
 0.088016176	0.0 
-0.090890796	0.0 
 0.051649867	0.0 
 0.83560589	0.0 
 0.25587069	0.0 
-0.15792122	0.0 
 0.1029305	0.0 
-0.057913095	0.0 
 0.021667912	0.0 
 0.0033050648	0.0 
-0.020479743	0.0 
 0.023588408	0.0 
-0.020524262	0.0 
 0.014023808	0.0 
-0.0064683032	0.0 
 0.00017141792	0.0 
 0.0036766521	0.0 
-0.0049549199	0.0 
 0.0042961499	0.0 
-0.0026705581	0.0 
 0.0009527746	0.0 
 0.00023204548	0.0 
-0.00081728754	0.0 
 0.00068378928	0.0 
-0.0006747928	0.0 
-0.00022650378	0.0 
 0.00016763344	0.0 
 1.5261045e-005	0.0 
 7.2014053e-007	0.0 
 1.4248035e-006	0.0 
-1.5018489e-006	0.0 
 1.9827118e-006	0.0 
-1.3827909e-007	0.0 
-4.580068e-007	0.0 
 6.6370647e-008	0.0 
 8.7562913e-009	0.0 
 3.8348084e-010	0.0 
 1.9326936e-011	0.0 
 1.4722945e-013	0.0 
0 
