# FS+Lbelow20-500.txt Quanterra Q330 composite FIR filter parameter file 
# Quanterra File Date:  8/18/2012 (231)  1:33:38.000     
#  
# 1 decimation factor 
# type			2 
# npoles		0 
# input sample rate	500 
# decimal factor	1 
# normalization factor	1.0 
# gain factor		1 
theoretical  1  anti_alias   fir    coef_conv 
  500.0000    1        4.0260 
79 
-1.2530852e-016	0.0 
 1.7650403e-011	0.0 
-1.4163796e-008	0.0 
 3.9750952e-007	0.0 
 8.965475e-006	0.0 
 3.7911822e-005	0.0 
 4.5243162e-005	0.0 
-9.7109855e-006	0.0 
-1.8425579e-005	0.0 
 2.0226529e-005	0.0 
-8.5758411e-006	0.0 
-3.8489474e-006	0.0 
 1.0695458e-005	0.0 
-1.1543091e-005	0.0 
 8.4941151e-006	0.0 
 0.00053414004	0.0 
 0.031664685	0.0 
 0.25429429	0.0 
 0.62527928	0.0 
 0.34370431	0.0 
-0.33806037	0.0 
 0.0082124805	0.0 
 0.19915255	0.0 
-0.215286	0.0 
 0.1181002	0.0 
 0.0025484129	0.0 
-0.090178667	0.0 
 0.1248388	0.0 
-0.11199612	0.0 
 0.069627065	0.0 
-0.017981086	0.0 
-0.026450779	0.0 
 0.054391402	0.0 
-0.063116108	0.0 
 0.055470507	0.0 
-0.037461825	0.0 
 0.015895172	0.0 
 0.0034565957	0.0 
-0.016916055	0.0 
 0.023175494	0.0 
-0.023003062	0.0 
 0.017868346	0.0 
-0.011762668	0.0 
 0.0044715369	0.0 
 0.0010215078	0.0 
-0.0040753362	0.0 
 0.0050504523	0.0 
-0.0046382096	0.0 
 0.0035262543	0.0 
-0.0022458111	0.0 
 0.0011277404	0.0 
-0.00032157196	0.0 
-0.00015550295	0.0 
 0.00036306043	0.0 
-0.00038998807	0.0 
 0.00032135477	0.0 
-0.00022171575	0.0 
 0.00012995049	0.0 
-6.2887311e-005	0.0 
 2.2424068e-005	0.0 
-2.8994842e-006	0.0 
-3.6799936e-006	0.0 
 4.0862494e-006	0.0 
-2.3252928e-006	0.0 
 6.7412078e-007	0.0 
 8.3373166e-008	0.0 
-2.1256879e-009	0.0 
 7.899146e-009	0.0 
-1.0129053e-009	0.0 
-1.5060057e-008	0.0 
 7.1871737e-009	0.0 
-4.5392957e-009	0.0 
 4.6832183e-009	0.0 
-1.8694383e-009	0.0 
 5.1212203e-010	0.0 
-2.8834904e-010	0.0 
 9.9983609e-011	0.0 
 2.4587839e-012	0.0 
-2.9017474e-014	0.0 
0 
