# FS+Lbelow100-40.txt Quanterra Q330 composite FIR filter parameter file 
# Quanterra File Date:  8/18/2012 (231)  1:33:18.000     
#  
# 1 decimation factor 
# type			2 
# npoles		0 
# input sample rate	40 
# decimal factor	1 
# normalization factor	1.0 
# gain factor		1 
theoretical  1  anti_alias   fir    coef_conv 
   40.0000    1       17.1260 
42 
 3.1865673e-015	0.0 
 1.7307929e-008	0.0 
 0.00022122652	0.0 
 0.0011096926	0.0 
-0.0026082787	0.0 
-0.00083232442	0.0 
 0.0026437901	0.0 
-0.0069455147	0.0 
 0.0098198897	0.0 
-0.010264457	0.0 
 0.0053143959	0.0 
 0.0060538195	0.0 
-0.023499	0.0 
 0.043872242	0.0 
-0.0614618	0.0 
 0.067731366	0.0 
-0.049457954	0.0 
-0.029008265	0.0 
 0.79195988	0.0 
 0.37067007	0.0 
-0.1767244	0.0 
 0.092867711	0.0 
-0.03654826	0.0 
 0.0011142217	0.0 
 0.018488247	0.0 
-0.024895487	0.0 
 0.022049494	0.0 
-0.01459803	0.0 
 0.006270971	0.0 
-0.00021967211	0.0 
-0.0034386018	0.0 
 0.0032538326	0.0 
-0.0037785579	0.0 
 9.0184706e-005	0.0 
 0.00075907428	0.0 
-1.7521322e-005	0.0 
 3.7647594e-006	0.0 
 3.3188436e-006	0.0 
 7.6733367e-007	0.0 
 1.3485627e-007	0.0 
 1.1698066e-008	0.0 
 1.3008047e-010	0.0 
0 
