# FS+Linear-100.txt Quanterra Q330 composite FIR filter parameter file 
# Quanterra File Date:  8/18/2012 (231)  1:33:00.000     
#  
# 1 decimation factor 
# type			2 
# npoles		0 
# input sample rate	100 
# decimal factor	1 
# normalization factor	1.0 
# gain factor		1 
theoretical  1  anti_alias   fir    coef_conv 
  100.0000    1       33.0000 
71 
 9.2672684e-017	0.0 
 3.4056053e-013	0.0 
 5.0277132e-012	0.0 
 1.9080176e-011	0.0 
 3.0626505e-008	0.0 
 8.4583163e-008	0.0 
-3.0153583e-007	0.0 
-1.3713844e-007	0.0 
 3.4745157e-007	0.0 
-7.4098848e-007	0.0 
 8.884647e-007	0.0 
-9.7838491e-007	0.0 
 3.1896887e-005	0.0 
 0.00016824237	0.0 
-0.00034981136	0.0 
-0.00055222739	0.0 
 0.00073138941	0.0 
-0.0010892099	0.0 
 0.00078763126	0.0 
 0.00022243886	0.0 
-0.0020448456	0.0 
 0.0042103636	0.0 
-0.0058696588	0.0 
 0.0058707188	0.0 
-0.0031785851	0.0 
-0.0026546015	0.0 
 0.011011644	0.0 
-0.019878441	0.0 
 0.027199155	0.0 
-0.027351218	0.0 
 0.017783944	0.0 
 0.0046094643	0.0 
-0.04168295	0.0 
 0.095554036	0.0 
-0.17582313	0.0 
 0.36454633	0.0 
 0.79328867	0.0 
-0.028967877	0.0 
-0.050930136	0.0 
 0.070318879	0.0 
-0.065396998	0.0 
 0.048683304	0.0 
-0.027989981	0.0 
 0.0089229921	0.0 
 0.0055969293	0.0 
-0.012591497	0.0 
 0.01418437	0.0 
-0.01158857	0.0 
 0.0069942123	0.0 
-0.0023704935	0.0 
-0.00099722121	0.0 
 0.0026309462	0.0 
-0.0027560066	0.0 
 0.0019394327	0.0 
-0.00090598658	0.0 
-1.0250162e-005	0.0 
 0.00029419756	0.0 
-0.00073770175	0.0 
 1.7551301e-005	0.0 
 0.00011654188	0.0 
 2.5313143e-006	0.0 
 8.6552476e-007	0.0 
-7.3040753e-008	0.0 
-3.4220558e-007	0.0 
 3.3903657e-007	0.0 
-4.0640981e-007	0.0 
-6.8111644e-008	0.0 
 8.3347467e-008	0.0 
 5.5563294e-009	0.0 
-2.5648324e-013	0.0 
 3.0875411e-012	0.0 
0 
