# FS+Linear-250.txt Quanterra Q330 composite FIR filter parameter file 
# Quanterra File Date:  8/18/2012 (231)  1:33:52.000     
#  
# 1 decimation factor 
# type			2 
# npoles		0 
# input sample rate	250 
# decimal factor	1 
# normalization factor	1.0 
# gain factor		1 
theoretical  1  anti_alias   fir    coef_conv 
  250.0000    1       22.0000 
57 
 2.3354908e-016	0.0 
-5.2101942e-011	0.0 
 3.3579023e-009	0.0 
-3.4352047e-008	0.0 
-5.3159165e-008	0.0 
 1.0135764e-007	0.0 
-1.5061445e-007	0.0 
-2.3921591e-008	0.0 
 2.8591301e-005	0.0 
-0.00018654422	0.0 
-0.00087497005	0.0 
 0.00065315752	0.0 
-0.00018807101	0.0 
-0.00098382489	0.0 
 0.0026936262	0.0 
-0.0042985741	0.0 
 0.0047503296	0.0 
-0.0029195501	0.0 
-0.0018889258	0.0 
 0.0093776098	0.0 
-0.017876527	0.0 
 0.024343317	0.0 
-0.024824226	0.0 
 0.015507398	0.0 
 0.0069068178	0.0 
-0.043857357	0.0 
 0.096473436	0.0 
-0.1716287	0.0 
 0.33328645	0.0 
 0.80567614	0.0 
-0.0035138701	0.0 
-0.065359664	0.0 
 0.076723246	0.0 
-0.065728059	0.0 
 0.044978374	0.0 
-0.022461155	0.0 
 0.0038222335	0.0 
 0.0083198703	0.0 
-0.01343257	0.0 
 0.012907154	0.0 
-0.0090858427	0.0 
 0.0043551365	0.0 
-0.00047112574	0.0 
-0.0017392007	0.0 
 0.0023035286	0.0 
-0.0017852508	0.0 
 0.00088747519	0.0 
-0.00018325854	0.0 
-0.00070746952	0.0 
-8.3985044e-006	0.0 
 9.6072934e-006	0.0 
-2.1190642e-007	0.0 
 5.5484891e-008	0.0 
 3.4550736e-008	0.0 
-7.2675189e-008	0.0 
-7.5057207e-009	0.0 
 1.730011e-009	0.0 
0 
