# FS+Linear-1000.txt Quanterra Q330 composite FIR filter parameter file 
# Quanterra File Date:  8/18/2012 (231)  1:33:54.000     
#  
# 1 decimation factor 
# type			2 
# npoles		0 
# input sample rate	1000 
# decimal factor	1 
# normalization factor	1.0 
# gain factor		1 
theoretical  1  anti_alias   fir    coef_conv 
 1000.0000    1        3.0000 
61 
-5.0485193e-018	0.0 
 7.929599e-009	0.0 
-5.4556637e-008	0.0 
-1.0533357e-006	0.0 
-4.8563385e-006	0.0 
 8.5037936e-005	0.0 
 3.5602361e-005	0.0 
-0.00016061264	0.0 
 0.00032544467	0.0 
-0.00041094757	0.0 
 0.00026252663	0.0 
 0.00025331419	0.0 
-0.0011493288	0.0 
 0.0022259663	0.0 
-0.0030375431	0.0 
 0.0029647949	0.0 
-0.0014099731	0.0 
-0.0019167947	0.0 
 0.0067052438	0.0 
-0.011864696	0.0 
 0.015566651	0.0 
-0.015571342	0.0 
 0.0098106334	0.0 
 0.0028971717	0.0 
-0.022189903	0.0 
 0.045745853	0.0 
-0.06917385	0.0 
 0.085804222	0.0 
-0.085802408	0.0 
 0.041391397	0.0 
 0.83155138	0.0 
 0.26306373	0.0 
-0.1598555	0.0 
 0.10282032	0.0 
-0.057613863	0.0 
 0.021685173	0.0 
 0.0037567187	0.0 
-0.01840862	0.0 
 0.023434761	0.0 
-0.02127025	0.0 
 0.014977741	0.0 
-0.0075012548	0.0 
 0.0010692822	0.0 
 0.0031064949	0.0 
-0.0048096489	0.0 
 0.0045502465	0.0 
-0.0031829105	0.0 
 0.0015478864	0.0 
-0.00023270429	0.0 
-0.00050983275	0.0 
 0.00071175506	0.0 
-0.00056637961	0.0 
 0.00029781575	0.0 
-6.8757372e-005	0.0 
-4.7380059e-005	0.0 
 0.0001117807	0.0 
 4.4101879e-006	0.0 
-2.9221341e-006	0.0 
 1.0187318e-008	0.0 
 8.9886534e-009	0.0 
 4.2791495e-012	0.0 
0 
