# FS+Linear-20.txt Quanterra Q330 composite FIR filter parameter file 
# Quanterra File Date:  8/18/2012 (231)  1:32:58.000     
#  
# 1 decimation factor 
# type			2 
# npoles		0 
# input sample rate	20 
# decimal factor	1 
# normalization factor	1.0 
# gain factor		1 
theoretical  1  anti_alias   fir    coef_conv 
   20.0000    1       34.0000 
69 
 1.1237883e-017	0.0 
 4.4902073e-012	0.0 
 5.1552963e-011	0.0 
 3.2443891e-008	0.0 
-1.393662e-009	0.0 
-6.9234115e-007	0.0 
 7.3839269e-007	0.0 
 1.400949e-006	0.0 
-1.9612576e-006	0.0 
 3.4165465e-006	0.0 
-3.1457384e-006	0.0 
 5.5923061e-005	0.0 
 0.000156715	0.0 
-0.00053167251	0.0 
-0.00029244767	0.0 
 0.00062599605	0.0 
-0.0012936245	0.0 
 0.0015064366	0.0 
-0.001025729	0.0 
-0.00053413717	0.0 
 0.0030643055	0.0 
-0.0059758761	0.0 
 0.008128692	0.0 
-0.0080897485	0.0 
 0.0045774677	0.0 
 0.002942417	0.0 
-0.013596689	0.0 
 0.025919322	0.0 
-0.038012718	0.0 
 0.038344825	0.0 
-0.028207232	0.0 
-0.00099067482	0.0 
 0.057421555	0.0 
-0.16825072	0.0 
 0.57266299	0.0 
 0.66342041	0.0 
-0.13943972	0.0 
 0.026270625	0.0 
 0.023470608	0.0 
-0.043849533	0.0 
 0.04564698	0.0 
-0.038480441	0.0 
 0.022060753	0.0 
-0.0082253039	0.0 
-0.0021484643	0.0 
 0.0082961443	0.0 
-0.010037418	0.0 
 0.0085056668	0.0 
-0.0053230053	0.0 
 0.0019953438	0.0 
 0.0004644237	0.0 
-0.001687534	0.0 
 0.0017853929	0.0 
-0.001281452	0.0 
 0.00048208132	0.0 
-0.00011547479	0.0 
-0.00061897775	0.0 
 0.00012980982	0.0 
 7.4362676e-005	0.0 
-3.7190394e-006	0.0 
 3.728922e-006	0.0 
-1.7719024e-006	0.0 
 1.003212e-006	0.0 
 1.0541775e-006	0.0 
-7.2245106e-007	0.0 
-4.7705463e-008	0.0 
 4.3146509e-008	0.0 
 6.2005249e-011	0.0 
 6.630891e-012	0.0 
0 
