# FS+Lbelow40-50.txt Quanterra Q330 composite FIR filter parameter file 
# Quanterra File Date:  8/18/2012 (231)  1:33:10.000     
#  
# 1 decimation factor 
# type			2 
# npoles		0 
# input sample rate	50 
# decimal factor	1 
# normalization factor	1.0 
# gain factor		1 
theoretical  1  anti_alias   fir    coef_conv 
   50.0000    1        4.8700 
84 
 8.1211023e-017	0.0 
 5.0448318e-011	0.0 
 8.1755296e-008	0.0 
 9.3574922e-005	0.0 
 0.0061082412	0.0 
 0.084321703	0.0 
 0.38819909	0.0 
 0.62824551	0.0 
 0.090021605	0.0 
-0.35514018	0.0 
 0.1742326	0.0 
 0.070786503	0.0 
-0.19151368	0.0 
 0.17946418	0.0 
-0.092633261	0.0 
-0.0074461288	0.0 
 0.079970337	0.0 
-0.111162	0.0 
 0.10118303	0.0 
-0.066580359	0.0 
 0.022883908	0.0 
 0.016783924	0.0 
-0.043622018	0.0 
 0.05435165	0.0 
-0.050522117	0.0 
 0.036751579	0.0 
-0.018744178	0.0 
 0.0016290974	0.0 
 0.011078427	0.0 
-0.018036393	0.0 
 0.018680143	0.0 
-0.016438767	0.0 
 0.011010057	0.0 
-0.0052001044	0.0 
 0.00063163471	0.0 
 0.0021841327	0.0 
-0.0033969004	0.0 
 0.0034458966	0.0 
-0.0028266471	0.0 
 0.00195734	0.0 
-0.0011225904	0.0 
 0.00047462014	0.0 
-5.4498257e-005	0.0 
-0.00016094155	0.0 
 0.0002283626	0.0 
-0.00020957784	0.0 
 0.00015469173	0.0 
-9.6203488e-005	0.0 
 5.0153932e-005	0.0 
-2.0703613e-005	0.0 
 5.393079e-006	0.0 
 5.8694423e-007	0.0 
-1.738493e-006	0.0 
 1.1590624e-006	0.0 
-1.7678655e-007	0.0 
-8.2641458e-008	0.0 
-2.4593296e-008	0.0 
 3.2081518e-009	0.0 
 1.3864029e-007	0.0 
-7.0404121e-008	0.0 
-1.1308118e-009	0.0 
-4.0871581e-008	0.0 
 1.4904931e-008	0.0 
 1.0781853e-008	0.0 
 7.1348982e-009	0.0 
-1.9925824e-009	0.0 
-2.9442965e-009	0.0 
-1.0781268e-009	0.0 
 1.1234765e-010	0.0 
 3.1503143e-010	0.0 
 1.3205854e-010	0.0 
-1.0615721e-011	0.0 
-1.7543626e-011	0.0 
-5.2482384e-012	0.0 
 2.0292511e-012	0.0 
 5.2993781e-013	0.0 
-3.8337919e-013	0.0 
 1.3425861e-013	0.0 
-3.183407e-014	0.0 
 4.8883506e-015	0.0 
 5.9447583e-015	0.0 
 7.0520634e-015	0.0 
-2.9534107e-015	0.0 
-3.8104836e-014	0.0 
0 
