# FS+Lbelow100-10.txt Quanterra Q330 composite FIR filter parameter file 
# Quanterra File Date:  8/18/2012 (231)  1:33:18.000     
#  
# 1 decimation factor 
# type			2 
# npoles		0 
# input sample rate	10 
# decimal factor	1 
# normalization factor	1.0 
# gain factor		1 
theoretical  1  anti_alias   fir    coef_conv 
   10.0000    1       40.2810 
82 
 1.8190256e-017	0.0 
 1.0051919e-012	0.0 
-1.247748e-011	0.0 
-1.8647005e-011	0.0 
 3.6412782e-010	0.0 
 1.5765226e-009	0.0 
 8.1168464e-009	0.0 
-1.0723788e-007	0.0 
 1.1619641e-008	0.0 
 4.5558403e-007	0.0 
-3.7521996e-007	0.0 
 3.8200366e-007	0.0 
 9.4136356e-008	0.0 
-8.288413e-007	0.0 
 1.6259014e-006	0.0 
-2.8913645e-006	0.0 
 3.9620894e-006	0.0 
 5.0363609e-005	0.0 
 0.00015505784	0.0 
-0.0004909179	0.0 
-0.00036404434	0.0 
 0.00068938036	0.0 
-0.0013095578	0.0 
 0.001417586	0.0 
-0.00079100732	0.0 
-0.0009041226	0.0 
 0.0034771077	0.0 
-0.0062555521	0.0 
 0.0080462933	0.0 
-0.0073106741	0.0 
 0.0026339853	0.0 
 0.004900436	0.0 
-0.016046065	0.0 
 0.027431074	0.0 
-0.035286138	0.0 
 0.034773022	0.0 
-0.020715899	0.0 
-0.01260638	0.0 
 0.067725087	0.0 
-0.17579081	0.0 
 0.52604157	0.0 
 0.70265915	0.0 
-0.11835462	0.0 
 0.0071894441	0.0 
 0.034533149	0.0 
-0.050959588	0.0 
 0.048421036	0.0 
-0.035983145	0.0 
 0.020069074	0.0 
-0.0054360536	0.0 
-0.0051096421	0.0 
 0.0099143523	0.0 
-0.011135741	0.0 
 0.0086839889	0.0 
-0.0048487651	0.0 
 0.0012873927	0.0 
 0.0011002038	0.0 
-0.0020952568	0.0 
 0.0019480136	0.0 
-0.0012632874	0.0 
 0.00038965037	0.0 
-8.7138913e-006	0.0 
-0.00066276239	0.0 
 0.00010454617	0.0 
 8.0506963e-005	0.0 
 6.5584775e-006	0.0 
-2.5982608e-006	0.0 
 9.8725222e-007	0.0 
-1.4507002e-007	0.0 
-4.7504845e-007	0.0 
 6.8520757e-007	0.0 
-4.6192338e-007	0.0 
 3.7519783e-007	0.0 
 1.3825561e-007	0.0 
-1.3617794e-007	0.0 
-1.2015633e-009	0.0 
 3.5488951e-009	0.0 
 3.8757759e-010	0.0 
 3.4494488e-011	0.0 
-2.5484328e-011	0.0 
 1.7170283e-012	0.0 
 5.3750237e-015	0.0 
0 
