# FS+Lbelow20-10.txt Quanterra Q330 composite FIR filter parameter file 
# Quanterra File Date:  8/18/2012 (231)  1:32:50.000     
#  
# 1 decimation factor 
# type			2 
# npoles		0 
# input sample rate	10 
# decimal factor	1 
# normalization factor	1.0 
# gain factor		1 
theoretical  1  anti_alias   fir    coef_conv 
   10.0000    1       26.2430 
82 
-1.6921438e-017	0.0 
 4.0316935e-009	0.0 
 2.3610421e-006	0.0 
 5.5664084e-005	0.0 
 0.00012269638	0.0 
-0.00045589699	0.0 
-0.00038077096	0.0 
 0.00063582828	0.0 
-0.0011069431	0.0 
 0.0010524433	0.0 
-0.00031686503	0.0 
-0.001313249	0.0 
 0.0035420855	0.0 
-0.0056500814	0.0 
 0.0065132596	0.0 
-0.0049495193	0.0 
 0.00017586156	0.0 
 0.0076829753	0.0 
-0.017232807	0.0 
 0.025765446	0.0 
-0.029601037	0.0 
 0.02476872	0.0 
-0.0077933314	0.0 
-0.023860187	0.0 
 0.072676889	0.0 
-0.14626816	0.0 
 0.50386184	0.0 
 0.7201746	0.0 
-0.13257843	0.0 
-0.014709285	0.0 
 0.054097646	0.0 
-0.064791395	0.0 
 0.054672596	0.0 
-0.036085158	0.0 
 0.016469628	0.0 
-0.00050045312	0.0 
-0.0097736012	0.0 
 0.012761803	0.0 
-0.012943349	0.0 
 0.0091479606	0.0 
-0.0043294805	0.0 
 0.00036356547	0.0 
 0.0019986414	0.0 
-0.0027341519	0.0 
 0.0022699666	0.0 
-0.0013365977	0.0 
 0.00031719678	0.0 
 9.0679649e-005	0.0 
-0.00073724604	0.0 
 0.00014745829	0.0 
 7.5709114e-005	0.0 
 7.6842421e-006	0.0 
-4.9082179e-006	0.0 
 1.4397486e-006	0.0 
 2.6399724e-007	0.0 
-1.4210081e-006	0.0 
 1.7154084e-006	0.0 
-1.0643235e-006	0.0 
 7.4672756e-007	0.0 
 3.1318957e-007	0.0 
-3.1208181e-007	0.0 
 1.9812629e-008	0.0 
 1.9713059e-009	0.0 
 4.4182211e-010	0.0 
-3.085374e-009	0.0 
 1.4178978e-009	0.0 
 3.928295e-010	0.0 
 2.0707492e-010	0.0 
 2.2160282e-010	0.0 
-4.6873747e-010	0.0 
 1.0584734e-010	0.0 
 3.3930978e-012	0.0 
-7.6541844e-012	0.0 
 1.3564803e-011	0.0 
-1.1307464e-011	0.0 
 3.5880665e-012	0.0 
 8.6420136e-013	0.0 
-6.1206178e-013	0.0 
 1.6665395e-014	0.0 
 2.0032761e-014	0.0 
-3.4907042e-015	0.0 
 7.4695985e-015	0.0 
0 
