# FS+Lbelow40-10.txt Quanterra Q330 composite FIR filter parameter file 
# Quanterra File Date:  8/18/2012 (231)  1:33:10.000     
#  
# 1 decimation factor 
# type			2 
# npoles		0 
# input sample rate	10 
# decimal factor	1 
# normalization factor	1.0 
# gain factor		1 
theoretical  1  anti_alias   fir    coef_conv 
   10.0000    1       36.8060 
82 
 1.6921438e-018	0.0 
 1.0029536e-010	0.0 
 7.9888988e-009	0.0 
-2.5761358e-008	0.0 
-1.4150747e-007	0.0 
 3.0336646e-007	0.0 
 1.6031157e-007	0.0 
-3.6004603e-007	0.0 
 8.3005962e-007	0.0 
-1.0465861e-006	0.0 
 8.4869333e-007	0.0 
 1.6614436e-008	0.0 
-1.5139793e-006	0.0 
 1.1302302e-005	0.0 
 0.00012418707	0.0 
-3.4502147e-005	0.0 
-0.00075545693	0.0 
 0.00042793325	0.0 
-0.00021940826	0.0 
-0.00067193764	0.0 
 0.0018364765	0.0 
-0.0029700258	0.0 
 0.0033259053	0.0 
-0.0021960722	0.0 
-0.00088774402	0.0 
 0.0057880853	0.0 
-0.011387071	0.0 
 0.015000135	0.0 
-0.015993086	0.0 
 0.010712334	0.0 
 0.0017672342	0.0 
-0.021167319	0.0 
 0.04499125	0.0 
-0.068513274	0.0 
 0.084796912	0.0 
-0.083463903	0.0 
 0.039317472	0.0 
 0.8310312	0.0 
 0.27495497	0.0 
-0.16492839	0.0 
 0.099726039	0.0 
-0.056973967	0.0 
 0.018696665	0.0 
 0.007298271	0.0 
-0.021216234	0.0 
 0.024857162	0.0 
-0.02123195	0.0 
 0.013557942	0.0 
-0.0061321044	0.0 
-0.00058891238	0.0 
 0.0044170892	0.0 
-0.0054247314	0.0 
 0.0044781486	0.0 
-0.0026406629	0.0 
 0.00081809736	0.0 
 0.000378997	0.0 
-0.0009199019	0.0 
 0.00073319745	0.0 
-0.00067063101	0.0 
-0.00024407031	0.0 
 0.00015856244	0.0 
 2.5735402e-005	0.0 
 2.4628127e-006	0.0 
-2.5433565e-006	0.0 
 1.5236566e-006	0.0 
-1.2307422e-006	0.0 
 6.46013e-007	0.0 
-4.2414013e-008	0.0 
-1.3398467e-007	0.0 
 4.3426955e-007	0.0 
-9.9400273e-008	0.0 
-6.2759716e-008	0.0 
 9.5363429e-009	0.0 
 5.2013405e-010	0.0 
 5.1023032e-010	0.0 
-8.5295835e-011	0.0 
-3.1031476e-012	0.0 
-5.2771728e-013	0.0 
 7.3925141e-013	0.0 
-2.6117602e-013	0.0 
 7.2568105e-015	0.0 
 6.3080002e-015	0.0 
0 
