# FS+Lbelow100-100.txt Quanterra Q330 composite FIR filter parameter file 
# Quanterra File Date:  8/18/2012 (231)  1:33:18.000     
#  
# 1 decimation factor 
# type			2 
# npoles		0 
# input sample rate	100 
# decimal factor	1 
# normalization factor	1.0 
# gain factor		1 
theoretical  1  anti_alias   fir    coef_conv 
  100.0000    1        4.6870 
71 
 4.9330514e-017	0.0 
 2.1926904e-010	0.0 
 5.5255019e-008	0.0 
 1.5251505e-006	0.0 
 7.7166797e-005	0.0 
 0.0044009756	0.0 
 0.062303458	0.0 
 0.31316241	0.0 
 0.60944447	0.0 
 0.26175441	0.0 
-0.34339936	0.0 
 0.0096048639	0.0 
 0.21359484	0.0 
-0.21118869	0.0 
 0.080851774	0.0 
 0.057009417	0.0 
-0.13178769	0.0 
 0.13399803	0.0 
-0.082973974	0.0 
 0.013660161	0.0 
 0.044319993	0.0 
-0.074827556	0.0 
 0.075523186	0.0 
-0.054038123	0.0 
 0.022485405	0.0 
 0.007330853	0.0 
-0.027629246	0.0 
 0.035019582	0.0 
-0.031869616	0.0 
 0.020515824	0.0 
-0.0088097133	0.0 
-0.0020197433	0.0 
 0.0090516965	0.0 
-0.010877521	0.0 
 0.0091440605	0.0 
-0.0059007254	0.0 
 0.0026682892	0.0 
-0.00026175145	0.0 
-0.0010983319	0.0 
 0.0015577358	0.0 
-0.0014278515	0.0 
 0.0010252375	0.0 
-0.00058464888	0.0 
 0.00023669812	0.0 
-2.2698544e-005	0.0 
-7.3096229e-005	0.0 
 9.0794992e-005	0.0 
-7.0790526e-005	0.0 
 4.2077983e-005	0.0 
-1.9047583e-005	0.0 
 6.0835045e-006	0.0 
-5.3960865e-007	0.0 
-4.7879031e-007	0.0 
 2.878401e-008	0.0 
 1.696689e-007	0.0 
-1.3851928e-007	0.0 
 6.2710531e-008	0.0 
 6.8203826e-011	0.0 
-8.0001711e-009	0.0 
-4.5337061e-009	0.0 
-1.1916255e-009	0.0 
 4.5030427e-009	0.0 
 7.5236796e-010	0.0 
-7.89445e-010	0.0 
-4.7825014e-010	0.0 
-4.0221897e-012	0.0 
 5.4992429e-011	0.0 
 2.1763699e-011	0.0 
-9.9043874e-013	0.0 
-1.7023566e-013	0.0 
-9.9507037e-015	0.0 
0 
