# FS+Linear-40.txt Quanterra Q330 composite FIR filter parameter file 
# Quanterra File Date:  8/18/2012 (231)  1:32:58.000     
#  
# 1 decimation factor 
# type			2 
# npoles		0 
# input sample rate	40 
# decimal factor	1 
# normalization factor	1.0 
# gain factor		1 
theoretical  1  anti_alias   fir    coef_conv 
   40.0000    1       20.0000 
42 
 3.3542362e-015	0.0 
 1.0830062e-011	0.0 
 3.781391e-007	0.0 
 2.0985439e-007	0.0 
-1.4261749e-006	0.0 
 0.00032814065	0.0 
 0.001011856	0.0 
-0.0031756651	0.0 
 0.00034936026	0.0 
 0.0013347815	0.0 
-0.0060728016	0.0 
 0.010454724	0.0 
-0.013383978	0.0 
 0.011440103	0.0 
-0.0024997405	0.0 
-0.014601477	0.0 
 0.038423357	0.0 
-0.064829754	0.0 
 0.087517646	0.0 
-0.093955954	0.0 
 0.058874239	0.0 
 0.83299985	0.0 
 0.25133673	0.0 
-0.15625348	0.0 
 0.09974978	0.0 
-0.053155712	0.0 
 0.017797249	0.0 
 0.0057766124	0.0 
-0.017579969	0.0 
 0.019637812	0.0 
-0.015554105	0.0 
 0.0087772157	0.0 
-0.0028322963	0.0 
-0.0016135552	0.0 
 0.0023368947	0.0 
-0.0037543914	0.0 
 0.00052828493	0.0 
 0.00058975433	0.0 
-1.1458248e-006	0.0 
-8.6666919e-008	0.0 
 5.5367619e-007	0.0 
 9.0812133e-010	0.0 
0 
