# FS+Linear-10.txt Quanterra Q330 composite FIR filter parameter file 
# Quanterra File Date:  8/18/2012 (231)  1:33:00.000     
#  
# 1 decimation factor 
# type			2 
# npoles		0 
# input sample rate	10 
# decimal factor	1 
# normalization factor	1.0 
# gain factor		1 
theoretical  1  anti_alias   fir    coef_conv 
   10.0000    1       41.0000 
82 
-3.2149788e-017	0.0 
 8.003605e-016	0.0 
 2.026281e-012	0.0 
-3.0138212e-011	0.0 
 5.4362146e-011	0.0 
 3.8949923e-010	0.0 
 4.3677628e-009	0.0 
-5.8425438e-009	0.0 
-1.4179787e-007	0.0 
 1.8071773e-007	0.0 
 3.319575e-007	0.0 
-4.5959425e-007	0.0 
 7.5282312e-007	0.0 
-6.4573853e-007	0.0 
 1.0477268e-007	0.0 
 6.7996097e-007	0.0 
-2.3228937e-006	0.0 
 7.6051278e-006	0.0 
 9.1156383e-005	0.0 
 7.8347315e-005	0.0 
-0.00070216159	0.0 
 0.00010837443	0.0 
 0.00025382391	0.0 
-0.001168363	0.0 
 0.0020105288	0.0 
-0.0024216529	0.0 
 0.0017353421	0.0 
 0.00043238424	0.0 
-0.0040340631	0.0 
 0.0083303017	0.0 
-0.011728711	0.0 
 0.011758387	0.0 
-0.0082500124	0.0 
-0.0013925607	0.0 
 0.016161895	0.0 
-0.033792675	0.0 
 0.049899698	0.0 
-0.05811938	0.0 
 0.048893855	0.0 
-0.015586472	0.0 
-0.087338429	0.0 
 0.74579475	0.0 
 0.46398393	0.0 
-0.1802396	0.0 
 0.08077327	0.0 
-0.025809076	0.0 
-0.010315217	0.0 
 0.028412808	0.0 
-0.032802767	0.0 
 0.027901564	0.0 
-0.01823816	0.0 
 0.0076104356	0.0 
 0.00024313459	0.0 
-0.0056957072	0.0 
 0.0073484623	0.0 
-0.0062846605	0.0 
 0.0039136561	0.0 
-0.0014432283	0.0 
-0.0003585164	0.0 
 0.0011761214	0.0 
-0.0012477404	0.0 
 0.00073252769	0.0 
-0.00045742138	0.0 
-0.00042967877	0.0 
 0.00016080258	0.0 
 4.2822112e-005	0.0 
 3.3010165e-006	0.0 
-2.7886987e-006	0.0 
 1.7011104e-006	0.0 
-9.824215e-007	0.0 
 2.5626317e-007	0.0 
 2.7355758e-007	0.0 
-3.2384336e-007	0.0 
 4.6139444e-007	0.0 
-2.148153e-008	0.0 
-9.6303312e-008	0.0 
 9.4030417e-009	0.0 
 1.1840419e-009	0.0 
 3.4774232e-010	0.0 
-2.9314051e-011	0.0 
-9.3538288e-012	0.0 
 8.1051933e-013	0.0 
0 
