# FS+Lbelow100-200.txt Quanterra Q330 composite FIR filter parameter file 
# Quanterra File Date:  8/18/2012 (231)  1:33:18.000     
#  
# 1 decimation factor 
# type			2 
# npoles		0 
# input sample rate	200 
# decimal factor	1 
# normalization factor	1.0 
# gain factor		1 
theoretical  1  anti_alias   fir    coef_conv 
  200.0000    1        3.6280 
47 
 0	0.0 
 1.6302417e-009	0.0 
 6.8608432e-007	0.0 
 9.5471335e-006	0.0 
 3.6856157e-005	0.0 
 4.4586964e-005	0.0 
 2.2762548e-005	0.0 
 0.0085062113	0.0 
 0.12011034	0.0 
 0.47209817	0.0 
 0.58525636	0.0 
-0.070122373	0.0 
-0.28134337	0.0 
 0.22952674	0.0 
-0.025939073	0.0 
-0.12464963	0.0 
 0.15777824	0.0 
-0.10167584	0.0 
 0.015764521	0.0 
 0.050862112	0.0 
-0.076256286	0.0 
 0.06395762	0.0 
-0.0317878	0.0 
-0.00075281838	0.0 
 0.021138698	0.0 
-0.025744109	0.0 
 0.020592867	0.0 
-0.0093549391	0.0 
 0.00060116821	0.0 
 0.0036857521	0.0 
-0.0044397495	0.0 
 0.0033570257	0.0 
-0.0018349886	0.0 
 0.00063919357	0.0 
 1.7314659e-005	0.0 
-0.00023805931	0.0 
 0.00022229065	0.0 
-0.00013325667	0.0 
 5.6883702e-005	0.0 
-1.5727343e-005	0.0 
 1.9274968e-006	0.0 
 7.5290286e-008	0.0 
 3.6612782e-008	0.0 
 2.1865907e-008	0.0 
 2.3070325e-009	0.0 
 5.4021158e-010	0.0 
-6.4679876e-012	0.0 
0 
