# FS2D5 Quanterra FIR linear phase filter parameter file 
# version:      $Revision$Date: 2007/05/26 22:51:26
# 5 decimation factor 
# type			2 
# npoles		0 
# input sample interval	1.0e-03 
# decimation factor	5 
# normalization factor	1.0 
# gain factor		1.0 
theoretical  1  anti_alias   fir    coef_conv 
1000 5 79.5
160 
 4.03246117E-05	0.0 
 7.45328029E-05	0.0 
 1.23455344E-04	0.0 
 1.70188680E-04	0.0 
 1.97310532E-04	0.0 
 1.85489100E-04	0.0 
 1.19345640E-04	0.0 
-5.72310127E-06	0.0 
-1.77923187E-04	0.0 
-3.67325860E-04	0.0 
-5.29510442E-04	0.0 
-6.15008464E-04	0.0 
-5.83235381E-04	0.0 
-4.17283710E-04	0.0 
-1.34951608E-04	0.0 
 2.08332984E-04	0.0 
 5.27709020E-04	0.0 
 7.28189911E-04	0.0 
 7.31258728E-04	0.0 
 5.01920189E-04	0.0 
 6.78317594E-05	0.0 
-4.77149288E-04	0.0 
-9.89158050E-04	0.0 
-1.30891816E-03	0.0 
-1.30735850E-03	0.0 
-9.30016754E-04	0.0 
-2.26254051E-04	0.0 
 6.48347551E-04	0.0 
 1.46170836E-03	0.0 
 1.96322247E-03	0.0 
 1.95662461E-03	0.0 
 1.36772481E-03	0.0 
 2.85462804E-04	0.0 
-1.04038725E-03	0.0 
-2.25067869E-03	0.0 
-2.96906939E-03	0.0 
-2.91273668E-03	0.0 
-1.99058281E-03	0.0 
-3.57353735E-04	0.0 
 1.59883960E-03	0.0 
 3.34097167E-03	0.0 
 4.32376406E-03	0.0 
 4.15563587E-03	0.0 
 2.73600204E-03	0.0 
 3.23430991E-04	0.0 
-2.49475186E-03	0.0 
-4.93494259E-03	0.0 
-6.22519679E-03	0.0 
-5.83613613E-03	0.0 
-3.66896631E-03	0.0 
-1.39409210E-04	0.0 
 3.88022800E-03	0.0 
 7.26123152E-03	0.0 
 8.91935597E-03	0.0 
 8.14025178E-03	0.0 
 4.83704963E-03	0.0 
-3.43478458E-04	0.0 
-6.11566515E-03	0.0 
-1.08477755E-02	0.0 
-1.29927234E-02	0.0 
-1.15499501E-02	0.0 
-6.43037649E-03	0.0 
 1.39119851E-03	0.0 
 1.00057069E-02	0.0 
 1.69805710E-02	0.0 
 1.99734040E-02	0.0 
 1.74066453E-02	0.0 
 9.02946307E-03	0.0 
-3.79496938E-03	0.0 
-1.81830376E-02	0.0 
-3.02229474E-02	0.0 
-3.57833264E-02	0.0 
-3.14689785E-02	0.0 
-1.55044439E-02	0.0 
 1.16723670E-02	0.0 
 4.72683317E-02	0.0 
 8.65081895E-02	0.0 
 1.23466753E-01	0.0 
 1.52194165E-01	0.0 
 1.67893857E-01	0.0 
 1.67893857E-01	0.0 
 1.52194165E-01	0.0 
 1.23466753E-01	0.0 
 8.65081895E-02	0.0 
 4.72683317E-02	0.0 
 1.16723670E-02	0.0 
-1.55044439E-02	0.0 
-3.14689785E-02	0.0 
-3.57833264E-02	0.0 
-3.02229474E-02	0.0 
-1.81830376E-02	0.0 
-3.79496938E-03	0.0 
 9.02946307E-03	0.0 
 1.74066453E-02	0.0 
 1.99734040E-02	0.0 
 1.69805710E-02	0.0 
 1.00057069E-02	0.0 
 1.39119851E-03	0.0 
-6.43037649E-03	0.0 
-1.15499501E-02	0.0 
-1.29927234E-02	0.0 
-1.08477755E-02	0.0 
-6.11566515E-03	0.0 
-3.43478458E-04	0.0 
 4.83704963E-03	0.0 
 8.14025178E-03	0.0 
 8.91935597E-03	0.0 
 7.26123152E-03	0.0 
 3.88022800E-03	0.0 
-1.39409210E-04	0.0 
-3.66896631E-03	0.0 
-5.83613613E-03	0.0 
-6.22519679E-03	0.0 
-4.93494259E-03	0.0 
-2.49475186E-03	0.0 
 3.23430991E-04	0.0 
 2.73600204E-03	0.0 
 4.15563587E-03	0.0 
 4.32376406E-03	0.0 
 3.34097167E-03	0.0 
 1.59883960E-03	0.0 
-3.57353735E-04	0.0 
-1.99058281E-03	0.0 
-2.91273668E-03	0.0 
-2.96906939E-03	0.0 
-2.25067869E-03	0.0 
-1.04038725E-03	0.0 
 2.85462804E-04	0.0 
 1.36772481E-03	0.0 
 1.95662461E-03	0.0 
 1.96322247E-03	0.0 
 1.46170836E-03	0.0 
 6.48347551E-04	0.0 
-2.26254051E-04	0.0 
-9.30016754E-04	0.0 
-1.30735850E-03	0.0 
-1.30891816E-03	0.0 
-9.89158050E-04	0.0 
-4.77149288E-04	0.0 
 6.78317594E-05	0.0 
 5.01920189E-04	0.0 
 7.31258728E-04	0.0 
 7.28189911E-04	0.0 
 5.27709020E-04	0.0 
 2.08332984E-04	0.0 
-1.34951608E-04	0.0 
-4.17283710E-04	0.0 
-5.83235381E-04	0.0 
-6.15008464E-04	0.0 
-5.29510442E-04	0.0 
-3.67325860E-04	0.0 
-1.77923187E-04	0.0 
-5.72310127E-06	0.0 
 1.19345640E-04	0.0 
 1.85489100E-04	0.0 
 1.97310532E-04	0.0 
 1.70188680E-04	0.0 
 1.23455344E-04	0.0 
 7.45328029E-05	0.0 
 4.03246117E-05	0.0 
0 
