# FS2D5M Quanterra FIR minimum phase filter parameter file 
# $Id$
# 5 decimation factor delay=11.641 
# type			2 
# npoles		0 
# input sample interval	1.0e-03 
# decimation factor	5 
# normalization factor	1.0 
# gain factor		1.0 
theoretical  1  anti_alias   fir    coef_conv 
1000 5 11.641
160 
 1.227020548E-04	0.0 
 4.877717583E-04	0.0 
 1.374438638E-03	0.0 
 3.174387850E-03	0.0 
 6.403895561E-03	0.0 
 1.165626757E-02	0.0 
 1.950959489E-02	0.0 
 3.039683960E-02	0.0 
 4.444322363E-02	0.0 
 6.130640954E-02	0.0 
 8.005964011E-02	0.0 
 9.915298969E-02	0.0 
 1.164925918E-01	0.0 
 1.296578944E-01	0.0 
 1.362394989E-01	0.0 
 1.342594028E-01	0.0 
 1.226070076E-01	0.0 
 1.013957262E-01	0.0 
 7.215134799E-02	0.0 
 3.776648641E-02	0.0 
 2.187674399E-03	0.0 
-3.014102951E-02	0.0 
-5.499481782E-02	0.0 
-6.912043691E-02	0.0 
-7.087340206E-02	0.0 
-6.059670448E-02	0.0 
-4.064316303E-02	0.0 
-1.500780974E-02	0.0 
 1.138180774E-02	0.0 
 3.358611837E-02	0.0 
 4.760229960E-02	0.0 
 5.114487186E-02	0.0 
 4.408455268E-02	0.0 
 2.844149619E-02	0.0 
 7.926733233E-03	0.0 
-1.287544053E-02	0.0 
-2.950734086E-02	0.0 
-3.859790042E-02	0.0 
-3.856914118E-02	0.0 
-2.993007377E-02	0.0 
-1.509305742E-02	0.0 
 2.238315064E-03	0.0 
 1.796180196E-02	0.0 
 2.853777260E-02	0.0 
 3.179064766E-02	0.0 
 2.736407146E-02	0.0 
 1.673071459E-02	0.0 
 2.765381476E-03	0.0 
-1.100378577E-02	0.0 
-2.127389796E-02	0.0 
-2.575754374E-02	0.0 
-2.369353548E-02	0.0 
-1.596158929E-02	0.0 
-4.787745886E-03	0.0 
 6.870985031E-03	0.0 
 1.609740034E-02	0.0 
 2.073976770E-02	0.0 
 1.991105825E-02	0.0 
 1.414601784E-02	0.0 
 5.191241857E-03	0.0 
-4.501919262E-03	0.0 
-1.243799366E-02	0.0 
-1.671513729E-02	0.0 
-1.647723839E-02	0.0 
-1.207299344E-02	0.0 
-4.896284547E-03	0.0 
 3.034127178E-03	0.0 
 9.632877074E-03	0.0 
 1.329099759E-02	0.0 
 1.326272171E-02	0.0 
 9.804454632E-03	0.0 
 4.044018220E-03	0.0 
-2.369860886E-03	0.0 
-7.732167840E-03	0.0 
-1.073082164E-02	0.0 
-1.076313760E-02	0.0 
-8.044518530E-03	0.0 
-3.494118107E-03	0.0 
 1.557392301E-03	0.0 
 5.748359952E-03	0.0 
 8.047544397E-03	0.0 
 8.001439273E-03	0.0 
 5.810213275E-03	0.0 
 2.224703087E-03	0.0 
-1.695317449E-03	0.0 
-4.886589013E-03	0.0 
-6.564482115E-03	0.0 
-6.408265792E-03	0.0 
-4.607865587E-03	0.0 
-1.770431991E-03	0.0 
 1.276530675E-03	0.0 
 3.723787609E-03	0.0 
 4.993217997E-03	0.0 
 4.869754426E-03	0.0 
 3.524237080E-03	0.0 
 1.431307290E-03	0.0 
-7.863680366E-04	0.0 
-2.538599074E-03	0.0 
-3.421054920E-03	0.0 
-3.303219564E-03	0.0 
-2.334049437E-03	0.0 
-8.714047144E-04	0.0 
 6.373397773E-04	0.0 
 1.785400091E-03	0.0 
 2.311351011E-03	0.0 
 2.152608708E-03	0.0 
 1.438610721E-03	0.0 
 4.328002688E-04	0.0 
-5.555372336E-04	0.0 
-1.261652331E-03	0.0 
-1.531622256E-03	0.0 
-1.350154169E-03	0.0 
-8.275074651E-04	0.0 
-1.528128923E-04	0.0 
 4.686421307E-04	0.0 
 8.740680059E-04	0.0 
 9.826875757E-04	0.0 
 8.069792530E-04	0.0 
 4.360450257E-04	0.0 
 4.784499765E-07	0.0 
-3.698984219E-04	0.0 
-5.825653207E-04	0.0 
-6.023320602E-04	0.0 
-4.528498102E-04	0.0 
-2.019223757E-04	0.0 
 6.475444388E-05	0.0 
 2.707143140E-04	0.0 
 3.681761154E-04	0.0 
 3.473508987E-04	0.0 
 2.335530298E-04	0.0 
 7.412557898E-05	0.0 
-7.829473907E-05	0.0 
-1.820150501E-04	0.0 
-2.167296334E-04	0.0 
-1.846880914E-04	0.0 
-1.064980970E-04	0.0 
-1.310735934E-05	0.0 
 6.604911323E-05	0.0 
 1.115442719E-04	0.0 
 1.167336595E-04	0.0 
 8.791117580E-05	0.0 
 4.017884567E-05	0.0 
-9.157713066E-06	0.0 
-4.527851343E-05	0.0 
-6.044364636E-05	0.0 
-5.528407564E-05	0.0 
-3.531222319E-05	0.0 
-9.378560208E-06	0.0 
 1.271369365E-05	0.0 
 2.577766281E-05	0.0 
 2.850974306E-05	0.0 
 2.181281889E-05	0.0 
 1.049249931E-05	0.0 
-5.306039839E-07	0.0 
-8.714509931E-06	0.0 
-1.172398970E-05	0.0 
-1.059135775E-05	0.0 
-7.131475286E-06	0.0 
-3.923332770E-06	0.0 
 1.335380875E-05	0.0 
0 
