# FT2-Lbelow100-40.txt Quanterra Q8 composite FIR filter parameter file
# ad200m,165d5
theoretical 1 anti_alias fir Kinemetrics
40 1 17.266080
45
0.000000 0.0
0.000175 0.0
0.001127 0.0
-0.002354 0.0
-0.001281 0.0
0.003049 0.0
-0.007093 0.0
0.009345 0.0
-0.008910 0.0
0.003056 0.0
0.008829 0.0
-0.025932 0.0
0.044666 0.0
-0.059034 0.0
0.060374 0.0
-0.035310 0.0
-0.052804 0.0
0.775548 0.0
0.407125 0.0
-0.179684 0.0
0.088252 0.0
-0.031776 0.0
-0.003385 0.0
0.021713 0.0
-0.026512 0.0
0.022404 0.0
-0.014201 0.0
0.005607 0.0
0.000383 0.0
-0.003819 0.0
0.003421 0.0
-0.003769 0.0
0.000002 0.0
0.000787 0.0
-0.000013 0.0
0.000006 0.0
0.000002 0.0
0.000002 0.0
0.000001 0.0
0.000000 0.0
-0.000000 0.0
-0.000000 0.0
-0.000000 0.0
0.000000 0.0
0.000000 0.0
0
