# FT2-Lbelow100-1.txt Quanterra Q8 composite FIR filter parameter file
# ad200m,165d5,97d2,97d2,239d10
theoretical 1 anti_alias fir Kinemetrics
1 1 15.932149
32
-0.000000 0.0
-0.000000 0.0
-0.000000 0.0
-0.000000 0.0
0.000000 0.0
0.000217 0.0
0.001023 0.0
-0.002386 0.0
-0.007226 0.0
0.010195 0.0
0.002676 0.0
-0.032029 0.0
0.044581 0.0
0.004603 0.0
-0.131105 0.0
0.303536 0.0
0.693343 0.0
0.214392 0.0
-0.136061 0.0
0.027968 0.0
0.031420 0.0
-0.032362 0.0
0.007937 0.0
0.007151 0.0
-0.007555 0.0
-0.001427 0.0
0.000969 0.0
0.000144 0.0
-0.000001 0.0
-0.000000 0.0
0.000000 0.0
0.000000 0.0
0
