# FT2-Lbelow40-10.txt Quanterra Q8 composite FIR filter parameter file
# ad200m,165d5m,97d2,97d2
theoretical 1 anti_alias fir Kinemetrics
10 1 36.831450
83
0.000000 0.0
0.000000 0.0
0.000000 0.0
-0.000000 0.0
-0.000000 0.0
0.000000 0.0
-0.000000 0.0
-0.000000 0.0
0.000001 0.0
-0.000001 0.0
0.000002 0.0
-0.000001 0.0
0.000000 0.0
0.000025 0.0
0.000157 0.0
-0.000241 0.0
-0.000667 0.0
0.000711 0.0
-0.000880 0.0
0.000336 0.0
0.000845 0.0
-0.002621 0.0
0.004393 0.0
-0.005279 0.0
0.004244 0.0
-0.000460 0.0
-0.006148 0.0
0.013403 0.0
-0.020912 0.0
0.024476 0.0
-0.020975 0.0
0.007528 0.0
0.017430 0.0
-0.053936 0.0
0.101395 0.0
-0.163416 0.0
0.290082 0.0
0.828252 0.0
0.024169 0.0
-0.081322 0.0
0.080797 0.0
-0.070188 0.0
0.047160 0.0
-0.023162 0.0
0.003352 0.0
0.009701 0.0
-0.015593 0.0
0.015101 0.0
-0.011815 0.0
0.006358 0.0
-0.001399 0.0
-0.001854 0.0
0.003185 0.0
-0.002994 0.0
0.001950 0.0
-0.000806 0.0
-0.000124 0.0
0.000377 0.0
-0.000763 0.0
0.000002 0.0
0.000116 0.0
0.000012 0.0
-0.000001 0.0
-0.000001 0.0
0.000001 0.0
-0.000001 0.0
0.000001 0.0
-0.000000 0.0
0.000000 0.0
0.000000 0.0
-0.000000 0.0
-0.000000 0.0
0.000000 0.0
0.000000 0.0
0.000000 0.0
-0.000000 0.0
0.000000 0.0
0.000000 0.0
0.000000 0.0
-0.000000 0.0
0.000000 0.0
0.000000 0.0
0.000000 0.0
0
