# FT2-Linear-200.txt Quanterra Q8 composite FIR filter parameter file
# ad200
theoretical 1 anti_alias fir Kinemetrics
200 1 30.125400
61
-0.000000 0.0
0.000000 0.0
-0.000000 0.0
-0.000001 0.0
-0.000005 0.0
0.000085 0.0
0.000036 0.0
-0.000161 0.0
0.000325 0.0
-0.000411 0.0
0.000263 0.0
0.000253 0.0
-0.001149 0.0
0.002226 0.0
-0.003038 0.0
0.002965 0.0
-0.001410 0.0
-0.001917 0.0
0.006705 0.0
-0.011865 0.0
0.015567 0.0
-0.015571 0.0
0.009811 0.0
0.002897 0.0
-0.022190 0.0
0.045746 0.0
-0.069174 0.0
0.085804 0.0
-0.085802 0.0
0.041391 0.0
0.831551 0.0
0.263064 0.0
-0.159856 0.0
0.102820 0.0
-0.057614 0.0
0.021685 0.0
0.003757 0.0
-0.018409 0.0
0.023435 0.0
-0.021270 0.0
0.014978 0.0
-0.007501 0.0
0.001069 0.0
0.003106 0.0
-0.004810 0.0
0.004550 0.0
-0.003183 0.0
0.001548 0.0
-0.000233 0.0
-0.000510 0.0
0.000712 0.0
-0.000566 0.0
0.000298 0.0
-0.000069 0.0
-0.000047 0.0
0.000112 0.0
0.000004 0.0
-0.000003 0.0
0.000000 0.0
0.000000 0.0
0.000000 0.0
0
