# FT2-Lbelow40-50.txt Quanterra Q8 composite FIR filter parameter file
# ad200m,97d2m,99d2m
theoretical 1 anti_alias fir Kinemetrics
50 1 5.023150
88
0.000000 0.0
0.000000 0.0
0.000250 0.0
0.011257 0.0
0.122978 0.0
0.466103 0.0
0.591928 0.0
-0.065827 0.0
-0.299159 0.0
0.248885 0.0
-0.040953 0.0
-0.123428 0.0
0.179273 0.0
-0.144022 0.0
0.063920 0.0
0.017572 0.0
-0.075681 0.0
0.097398 0.0
-0.088675 0.0
0.059928 0.0
-0.023194 0.0
-0.010620 0.0
0.034222 0.0
-0.044745 0.0
0.043186 0.0
-0.033071 0.0
0.018922 0.0
-0.004944 0.0
-0.006163 0.0
0.011926 0.0
-0.014536 0.0
0.012928 0.0
-0.009167 0.0
0.005067 0.0
-0.001680 0.0
-0.000591 0.0
0.001768 0.0
-0.002093 0.0
0.001880 0.0
-0.001413 0.0
0.000904 0.0
-0.000473 0.0
0.000170 0.0
0.000005 0.0
-0.000081 0.0
0.000095 0.0
-0.000078 0.0
0.000052 0.0
-0.000029 0.0
0.000013 0.0
-0.000004 0.0
0.000001 0.0
0.000000 0.0
-0.000000 0.0
0.000000 0.0
-0.000000 0.0
0.000000 0.0
0.000000 0.0
0.000000 0.0
0.000000 0.0
-0.000000 0.0
-0.000000 0.0
-0.000000 0.0
0.000000 0.0
0.000000 0.0
0.000000 0.0
-0.000000 0.0
-0.000000 0.0
-0.000000 0.0
0.000000 0.0
0.000000 0.0
0.000000 0.0
-0.000000 0.0
-0.000000 0.0
-0.000000 0.0
0.000000 0.0
-0.000000 0.0
0.000000 0.0
-0.000000 0.0
-0.000000 0.0
0.000000 0.0
-0.000000 0.0
-0.000000 0.0
0.000000 0.0
0.000000 0.0
0.000000 0.0
0.000000 0.0
-0.000000 0.0
0
