# FT2-Lbelow20-100.txt Quanterra Q8 composite FIR filter parameter file
# ad200m,97d2m
theoretical 1 anti_alias fir Kinemetrics
100 1 5.023000
78
0.000000 0.0
0.000002 0.0
0.000465 0.0
0.014060 0.0
0.127748 0.0
0.450333 0.0
0.581154 0.0
-0.016997 0.0
-0.325992 0.0
0.205517 0.0
0.041231 0.0
-0.183491 0.0
0.179357 0.0
-0.086006 0.0
-0.022448 0.0
0.095633 0.0
-0.115944 0.0
0.091301 0.0
-0.042281 0.0
-0.008473 0.0
0.045064 0.0
-0.060221 0.0
0.055046 0.0
-0.036457 0.0
0.012995 0.0
0.007101 0.0
-0.020417 0.0
0.023444 0.0
-0.020914 0.0
0.013826 0.0
-0.005212 0.0
-0.001367 0.0
0.004854 0.0
-0.005672 0.0
0.004798 0.0
-0.003208 0.0
0.001617 0.0
-0.000412 0.0
-0.000296 0.0
0.000575 0.0
-0.000569 0.0
0.000425 0.0
-0.000254 0.0
0.000116 0.0
-0.000030 0.0
-0.000010 0.0
0.000020 0.0
-0.000016 0.0
0.000009 0.0
-0.000003 0.0
0.000001 0.0
-0.000000 0.0
0.000000 0.0
-0.000000 0.0
0.000000 0.0
-0.000000 0.0
0.000000 0.0
-0.000000 0.0
-0.000000 0.0
-0.000000 0.0
0.000000 0.0
0.000000 0.0
0.000000 0.0
0.000000 0.0
-0.000000 0.0
-0.000000 0.0
-0.000000 0.0
0.000000 0.0
0.000000 0.0
0.000000 0.0
0.000000 0.0
-0.000000 0.0
-0.000000 0.0
-0.000000 0.0
-0.000000 0.0
0.000000 0.0
0.000000 0.0
0.000000 0.0
0
