# FT2-Lbelow100-50.txt Quanterra Q8 composite FIR filter parameter file
# ad200m,97d2m,99d2
theoretical 1 anti_alias fir Kinemetrics
50 1 27.009650
88
-0.000000 0.0
-0.000000 0.0
-0.000004 0.0
-0.000114 0.0
-0.000385 0.0
0.000183 0.0
0.000077 0.0
-0.000517 0.0
0.001085 0.0
-0.001572 0.0
0.001662 0.0
-0.001010 0.0
-0.000620 0.0
0.003213 0.0
-0.006379 0.0
0.009315 0.0
-0.010880 0.0
0.009806 0.0
-0.005017 0.0
-0.004012 0.0
0.016928 0.0
-0.032295 0.0
0.047566 0.0
-0.059210 0.0
0.062883 0.0
-0.053762 0.0
0.060762 0.0
0.851065 0.0
0.221508 0.0
-0.183137 0.0
0.120524 0.0
-0.071093 0.0
0.033253 0.0
-0.005798 0.0
-0.011606 0.0
0.020418 0.0
-0.022252 0.0
0.018621 0.0
-0.014200 0.0
0.007408 0.0
-0.001718 0.0
-0.002013 0.0
0.003801 0.0
-0.003989 0.0
0.003157 0.0
-0.001917 0.0
0.000754 0.0
0.000053 0.0
-0.000436 0.0
0.000492 0.0
-0.000468 0.0
-0.000133 0.0
0.000004 0.0
0.000001 0.0
0.000001 0.0
-0.000002 0.0
0.000002 0.0
-0.000002 0.0
0.000001 0.0
-0.000000 0.0
0.000000 0.0
0.000001 0.0
-0.000000 0.0
-0.000000 0.0
-0.000000 0.0
0.000000 0.0
0.000000 0.0
0.000000 0.0
-0.000000 0.0
-0.000000 0.0
0.000000 0.0
-0.000000 0.0
0.000000 0.0
0.000000 0.0
0.000000 0.0
0.000000 0.0
-0.000000 0.0
0.000000 0.0
-0.000000 0.0
-0.000000 0.0
0.000000 0.0
0.000000 0.0
-0.000000 0.0
-0.000000 0.0
0.000000 0.0
0.000000 0.0
0.000000 0.0
0.000000 0.0
0
