# FT2-Lbelow20-1.txt Quanterra Q8 composite FIR filter parameter file
# ad200m,165d5m,97d2m,97d2,239d10
theoretical 1 anti_alias fir Kinemetrics
1 1 14.526102
32
-0.000000 0.0
-0.000000 0.0
-0.000000 0.0
0.000023 0.0
0.000547 0.0
0.000619 0.0
-0.005594 0.0
-0.002779 0.0
0.015325 0.0
-0.017194 0.0
-0.013139 0.0
0.064330 0.0
-0.079177 0.0
-0.032963 0.0
0.550530 0.0
0.576555 0.0
-0.011156 0.0
-0.089697 0.0
0.063771 0.0
-0.008830 0.0
-0.019791 0.0
0.015321 0.0
-0.001830 0.0
-0.005984 0.0
0.000485 0.0
0.000601 0.0
0.000029 0.0
-0.000000 0.0
-0.000000 0.0
0.000000 0.0
-0.000000 0.0
0.000000 0.0
0
