# FT2-Lbelow20-20.txt Quanterra Q8 composite FIR filter parameter file
# ad200m,165d5m,97d2m
theoretical 1 anti_alias fir Kinemetrics
20 1 4.521060
70
0.000000 0.0
0.000020 0.0
0.002408 0.0
0.044352 0.0
0.263063 0.0
0.596701 0.0
0.362273 0.0
-0.307768 0.0
-0.075541 0.0
0.251343 0.0
-0.187566 0.0
0.025052 0.0
0.100640 0.0
-0.151270 0.0
0.125095 0.0
-0.055062 0.0
-0.018511 0.0
0.068529 0.0
-0.085069 0.0
0.072067 0.0
-0.041346 0.0
0.006544 0.0
0.021281 0.0
-0.036381 0.0
0.037784 0.0
-0.029669 0.0
0.015504 0.0
-0.003174 0.0
-0.006778 0.0
0.011966 0.0
-0.011847 0.0
0.008729 0.0
-0.004805 0.0
0.001471 0.0
0.000705 0.0
-0.001707 0.0
0.001832 0.0
-0.001469 0.0
0.000943 0.0
-0.000465 0.0
0.000131 0.0
0.000049 0.0
-0.000110 0.0
0.000104 0.0
-0.000070 0.0
0.000037 0.0
-0.000014 0.0
0.000003 0.0
0.000001 0.0
-0.000001 0.0
-0.000000 0.0
0.000000 0.0
-0.000000 0.0
0.000000 0.0
-0.000000 0.0
0.000000 0.0
-0.000000 0.0
-0.000000 0.0
0.000000 0.0
0.000000 0.0
0.000000 0.0
-0.000000 0.0
-0.000000 0.0
-0.000000 0.0
0.000000 0.0
0.000000 0.0
-0.000000 0.0
0.000000 0.0
0.000000 0.0
-0.000000 0.0
0
