# FT2-Lbelow40-40.txt Quanterra Q8 composite FIR filter parameter file
# ad200m,165d5m
theoretical 1 anti_alias fir Kinemetrics
40 1 3.329200
45
0.000000 0.0
0.000909 0.0
0.052207 0.0
0.359179 0.0
0.669772 0.0
0.110734 0.0
-0.344485 0.0
0.191194 0.0
0.021710 0.0
-0.145737 0.0
0.162413 0.0
-0.108601 0.0
0.031301 0.0
0.033274 0.0
-0.068477 0.0
0.071254 0.0
-0.054092 0.0
0.023632 0.0
-0.001943 0.0
-0.016698 0.0
0.024112 0.0
-0.019365 0.0
0.011344 0.0
-0.004393 0.0
-0.000050 0.0
0.002085 0.0
-0.002445 0.0
0.001949 0.0
-0.001214 0.0
0.000594 0.0
-0.000198 0.0
0.000017 0.0
0.000038 0.0
-0.000031 0.0
0.000003 0.0
0.000004 0.0
0.000001 0.0
0.000001 0.0
0.000001 0.0
0.000000 0.0
0.000000 0.0
-0.000000 0.0
-0.000000 0.0
0.000000 0.0
0.000000 0.0
0
