# FT2-Lbelow40-20.txt Quanterra Q8 composite FIR filter parameter file
# ad200m,165d5m,97d2
theoretical 1 anti_alias fir Kinemetrics
20 1 25.662880
70
0.000000 0.0
0.000001 0.0
0.000038 0.0
0.000145 0.0
-0.000343 0.0
-0.000542 0.0
0.000684 0.0
-0.000975 0.0
0.000631 0.0
0.000367 0.0
-0.002084 0.0
0.004043 0.0
-0.005418 0.0
0.005148 0.0
-0.002315 0.0
-0.003402 0.0
0.011315 0.0
-0.019537 0.0
0.025125 0.0
-0.024594 0.0
0.014679 0.0
0.006908 0.0
-0.041145 0.0
0.088690 0.0
-0.156308 0.0
0.395690 0.0
0.786596 0.0
-0.063268 0.0
-0.052704 0.0
0.076699 0.0
-0.071015 0.0
0.051917 0.0
-0.032294 0.0
0.006622 0.0
0.006919 0.0
-0.013468 0.0
0.014859 0.0
-0.012100 0.0
0.007327 0.0
-0.002519 0.0
-0.000994 0.0
0.002722 0.0
-0.002890 0.0
0.002072 0.0
-0.001001 0.0
0.000028 0.0
0.000278 0.0
-0.000772 0.0
0.000074 0.0
0.000120 0.0
-0.000014 0.0
0.000008 0.0
-0.000002 0.0
-0.000000 0.0
0.000003 0.0
-0.000002 0.0
-0.000000 0.0
0.000000 0.0
-0.000000 0.0
0.000000 0.0
-0.000000 0.0
-0.000000 0.0
0.000000 0.0
-0.000000 0.0
-0.000000 0.0
0.000000 0.0
0.000000 0.0
0.000000 0.0
-0.000000 0.0
-0.000000 0.0
0
