# FT2-Linear-40.txt Quanterra Q8 composite FIR filter parameter file
# ad200,165d5
theoretical 1 anti_alias fir Kinemetrics
40 1 22.425040
45
0.000000 0.0
0.000000 0.0
0.000000 0.0
-0.000000 0.0
0.000000 0.0
0.000002 0.0
0.000079 0.0
0.001107 0.0
-0.001528 0.0
-0.002482 0.0
0.003869 0.0
-0.006862 0.0
0.007019 0.0
-0.003955 0.0
-0.004215 0.0
0.016698 0.0
-0.031187 0.0
0.042871 0.0
-0.044992 0.0
0.029370 0.0
0.016792 0.0
-0.129723 0.0
0.677603 0.0
0.553549 0.0
-0.169599 0.0
0.058983 0.0
-0.002741 0.0
-0.025364 0.0
0.034546 0.0
-0.031141 0.0
0.021271 0.0
-0.010159 0.0
0.001102 0.0
0.003859 0.0
-0.005667 0.0
0.003957 0.0
-0.003314 0.0
-0.000730 0.0
0.000972 0.0
0.000011 0.0
-0.000000 0.0
-0.000001 0.0
-0.000000 0.0
0.000000 0.0
-0.000000 0.0
0
