# FT2-Lbelow20-10.txt Quanterra Q8 composite FIR filter parameter file
# ad200m,165d5m,97d2m,97d2
theoretical 1 anti_alias fir Kinemetrics
10 1 26.258160
83
-0.000000 0.0
0.000000 0.0
0.000006 0.0
0.000086 0.0
0.000060 0.0
-0.000624 0.0
-0.000028 0.0
0.000373 0.0
-0.001137 0.0
0.001690 0.0
-0.001719 0.0
0.000703 0.0
0.001529 0.0
-0.004705 0.0
0.007913 0.0
-0.009727 0.0
0.008534 0.0
-0.003083 0.0
-0.006889 0.0
0.020159 0.0
-0.033814 0.0
0.043439 0.0
-0.043595 0.0
0.028205 0.0
0.010191 0.0
-0.078949 0.0
0.722403 0.0
0.494491 0.0
-0.210367 0.0
0.075426 0.0
-0.012461 0.0
-0.024928 0.0
0.039478 0.0
-0.038892 0.0
0.029542 0.0
-0.016860 0.0
0.004572 0.0
0.002891 0.0
-0.008142 0.0
0.008968 0.0
-0.006953 0.0
0.003891 0.0
-0.001060 0.0
-0.000826 0.0
0.001552 0.0
-0.001475 0.0
0.000814 0.0
-0.000466 0.0
-0.000453 0.0
0.000201 0.0
0.000030 0.0
0.000007 0.0
-0.000007 0.0
0.000004 0.0
-0.000002 0.0
0.000000 0.0
0.000001 0.0
-0.000001 0.0
0.000001 0.0
-0.000000 0.0
-0.000000 0.0
0.000000 0.0
0.000000 0.0
0.000000 0.0
-0.000000 0.0
-0.000000 0.0
-0.000000 0.0
0.000000 0.0
0.000000 0.0
-0.000000 0.0
0.000000 0.0
0.000000 0.0
-0.000000 0.0
0.000000 0.0
0.000000 0.0
-0.000000 0.0
0.000000 0.0
0.000000 0.0
-0.000000 0.0
-0.000000 0.0
-0.000000 0.0
-0.000000 0.0
0.000000 0.0
0
