# FT2-Linear-10.txt Quanterra Q8 composite FIR filter parameter file
# ad200,165d5,97d2,97d2
theoretical 1 anti_alias fir Kinemetrics
10 1 41.606600
83
0.000000 0.0
0.000000 0.0
0.000000 0.0
-0.000000 0.0
-0.000000 0.0
0.000000 0.0
0.000000 0.0
0.000000 0.0
-0.000000 0.0
-0.000000 0.0
0.000000 0.0
-0.000000 0.0
0.000000 0.0
0.000000 0.0
-0.000001 0.0
0.000002 0.0
-0.000003 0.0
0.000004 0.0
0.000047 0.0
0.000158 0.0
-0.000468 0.0
-0.000401 0.0
0.000709 0.0
-0.001295 0.0
0.001347 0.0
-0.000663 0.0
-0.001064 0.0
0.003613 0.0
-0.006296 0.0
0.007927 0.0
-0.007006 0.0
0.002187 0.0
0.005396 0.0
-0.016458 0.0
0.027613 0.0
-0.035137 0.0
0.034275 0.0
-0.019953 0.0
-0.013462 0.0
0.068507 0.0
-0.176372 0.0
0.526756 0.0
0.703058 0.0
-0.119890 0.0
0.008401 0.0
0.033586 0.0
-0.050408 0.0
0.048310 0.0
-0.036279 0.0
0.020632 0.0
-0.006086 0.0
-0.004546 0.0
0.009543 0.0
-0.010995 0.0
0.008753 0.0
-0.005044 0.0
0.001514 0.0
0.000916 0.0
-0.001990 0.0
0.001921 0.0
-0.001291 0.0
0.000436 0.0
-0.000053 0.0
-0.000646 0.0
0.000115 0.0
0.000076 0.0
0.000006 0.0
-0.000003 0.0
0.000001 0.0
-0.000000 0.0
-0.000000 0.0
0.000001 0.0
-0.000000 0.0
0.000000 0.0
0.000000 0.0
-0.000000 0.0
0.000000 0.0
0.000000 0.0
0.000000 0.0
0.000000 0.0
-0.000000 0.0
0.000000 0.0
-0.000000 0.0
0
