# FT2-Lbelow100-10.txt Quanterra Q8 composite FIR filter parameter file
# ad200m,165d5,97d2,97d2
theoretical 1 anti_alias fir Kinemetrics
10 1 40.316710
83
-0.000000 0.0
0.000000 0.0
-0.000000 0.0
0.000000 0.0
0.000000 0.0
0.000000 0.0
-0.000000 0.0
-0.000000 0.0
0.000000 0.0
0.000000 0.0
-0.000000 0.0
0.000001 0.0
-0.000001 0.0
0.000000 0.0
0.000001 0.0
-0.000002 0.0
0.000007 0.0
0.000088 0.0
0.000086 0.0
-0.000695 0.0
0.000084 0.0
0.000282 0.0
-0.001191 0.0
0.002010 0.0
-0.002387 0.0
0.001666 0.0
0.000521 0.0
-0.004117 0.0
0.008383 0.0
-0.011741 0.0
0.011746 0.0
-0.008249 0.0
-0.001350 0.0
0.016079 0.0
-0.033749 0.0
0.050078 0.0
-0.058818 0.0
0.050457 0.0
-0.018463 0.0
-0.082874 0.0
0.753373 0.0
0.453381 0.0
-0.180973 0.0
0.083429 0.0
-0.028811 0.0
-0.007713 0.0
0.026649 0.0
-0.032001 0.0
0.027951 0.0
-0.018873 0.0
0.008496 0.0
-0.000613 0.0
-0.005062 0.0
0.007034 0.0
-0.006259 0.0
0.004075 0.0
-0.001673 0.0
-0.000157 0.0
0.001052 0.0
-0.001208 0.0
0.000748 0.0
-0.000505 0.0
-0.000395 0.0
0.000163 0.0
0.000039 0.0
0.000003 0.0
-0.000003 0.0
0.000002 0.0
-0.000001 0.0
0.000000 0.0
0.000000 0.0
-0.000000 0.0
0.000000 0.0
-0.000000 0.0
-0.000000 0.0
0.000000 0.0
0.000000 0.0
0.000000 0.0
-0.000000 0.0
-0.000000 0.0
0.000000 0.0
0.000000 0.0
-0.000000 0.0
0
