# FT2-Lbelow20-200.txt Quanterra Q8 composite FIR filter parameter file
# ad200m
theoretical 1 anti_alias fir Kinemetrics
200 1 4.328400
61
0.000000 0.0
0.000084 0.0
0.005635 0.0
0.074458 0.0
0.345616 0.0
0.613347 0.0
0.197064 0.0
-0.355098 0.0
0.063490 0.0
0.180574 0.0
-0.219601 0.0
0.115632 0.0
0.020671 0.0
-0.113145 0.0
0.136515 0.0
-0.102748 0.0
0.040594 0.0
0.020996 0.0
-0.062396 0.0
0.076205 0.0
-0.065483 0.0
0.039589 0.0
-0.009588 0.0
-0.015378 0.0
0.030088 0.0
-0.033557 0.0
0.028085 0.0
-0.017655 0.0
0.006379 0.0
0.002774 0.0
-0.008077 0.0
0.009859 0.0
-0.008712 0.0
0.006037 0.0
-0.003137 0.0
0.000800 0.0
0.000678 0.0
-0.001343 0.0
0.001413 0.0
-0.001149 0.0
0.000769 0.0
-0.000415 0.0
0.000154 0.0
-0.000000 0.0
-0.000068 0.0
0.000080 0.0
-0.000065 0.0
0.000043 0.0
-0.000023 0.0
0.000010 0.0
-0.000003 0.0
0.000000 0.0
0.000000 0.0
-0.000000 0.0
0.000000 0.0
-0.000000 0.0
0.000000 0.0
0.000000 0.0
0.000000 0.0
0.000000 0.0
-0.000000 0.0
0
