# FT2-Lbelow40-1.txt Quanterra Q8 composite FIR filter parameter file
# ad200m,165d5m,97d2,97d2,239d10
theoretical 1 anti_alias fir Kinemetrics
1 1 15.583510
32
-0.000000 0.0
0.000000 0.0
-0.000000 0.0
-0.000000 0.0
0.000017 0.0
0.000492 0.0
0.000745 0.0
-0.005161 0.0
-0.003719 0.0
0.015149 0.0
-0.014357 0.0
-0.017354 0.0
0.064099 0.0
-0.067588 0.0
-0.054569 0.0
0.520230 0.0
0.602311 0.0
0.014974 0.0
-0.100051 0.0
0.062027 0.0
-0.003823 0.0
-0.022389 0.0
0.015054 0.0
-0.000723 0.0
-0.006364 0.0
0.000306 0.0
0.000658 0.0
0.000038 0.0
-0.000000 0.0
-0.000000 0.0
0.000000 0.0
0.000000 0.0
0
