# FT2-Lbelow100-20.txt Quanterra Q8 composite FIR filter parameter file
# ad200m,165d5,97d2
theoretical 1 anti_alias fir Kinemetrics
20 1 32.633400
70
0.000000 0.0
0.000000 0.0
0.000000 0.0
-0.000001 0.0
0.000000 0.0
0.000002 0.0
-0.000002 0.0
0.000003 0.0
-0.000002 0.0
0.000044 0.0
0.000169 0.0
-0.000462 0.0
-0.000408 0.0
0.000693 0.0
-0.001245 0.0
0.001246 0.0
-0.000526 0.0
-0.001194 0.0
0.003653 0.0
-0.006137 0.0
0.007470 0.0
-0.006339 0.0
0.001763 0.0
0.006345 0.0
-0.016663 0.0
0.027305 0.0
-0.035855 0.0
0.031306 0.0
-0.015973 0.0
-0.017697 0.0
0.075470 0.0
-0.178877 0.0
0.501111 0.0
0.721007 0.0
-0.108555 0.0
0.000108 0.0
0.041393 0.0
-0.053690 0.0
0.048877 0.0
-0.036931 0.0
0.017949 0.0
-0.003685 0.0
-0.005945 0.0
0.010737 0.0
-0.011030 0.0
0.008368 0.0
-0.004551 0.0
0.001066 0.0
0.001219 0.0
-0.002123 0.0
0.001918 0.0
-0.001213 0.0
0.000344 0.0
0.000020 0.0
-0.000673 0.0
0.000103 0.0
0.000089 0.0
-0.000004 0.0
0.000004 0.0
-0.000002 0.0
0.000001 0.0
0.000001 0.0
-0.000001 0.0
-0.000000 0.0
0.000000 0.0
0.000000 0.0
0.000000 0.0
0.000000 0.0
-0.000000 0.0
-0.000000 0.0
0
