# FT2-Linear-100.txt Quanterra Q8 composite FIR filter parameter file
# ad200,97d2
theoretical 1 anti_alias fir Kinemetrics
100 1 39.063000
78
-0.000000 0.0
-0.000000 0.0
-0.000000 0.0
0.000000 0.0
0.000000 0.0
-0.000000 0.0
-0.000000 0.0
0.000000 0.0
-0.000000 0.0
0.000000 0.0
-0.000000 0.0
0.000000 0.0
0.000000 0.0
-0.000000 0.0
0.000001 0.0
0.000008 0.0
0.000138 0.0
-0.000070 0.0
-0.000752 0.0
0.000503 0.0
-0.000364 0.0
-0.000482 0.0
0.001686 0.0
-0.002997 0.0
0.003682 0.0
-0.002977 0.0
0.000299 0.0
0.004527 0.0
-0.010407 0.0
0.015730 0.0
-0.018020 0.0
0.014701 0.0
-0.003854 0.0
-0.015013 0.0
0.040398 0.0
-0.068642 0.0
0.094063 0.0
-0.108589 0.0
0.093748 0.0
0.842230 0.0
0.205125 0.0
-0.145785 0.0
0.102256 0.0
-0.062387 0.0
0.027967 0.0
-0.001846 0.0
-0.014444 0.0
0.021237 0.0
-0.020482 0.0
0.015063 0.0
-0.007973 0.0
0.001624 0.0
0.002723 0.0
-0.004462 0.0
0.004225 0.0
-0.002861 0.0
0.001229 0.0
-0.000002 0.0
-0.000686 0.0
0.000646 0.0
-0.000713 0.0
-0.000170 0.0
0.000155 0.0
0.000015 0.0
0.000001 0.0
-0.000000 0.0
0.000000 0.0
0.000000 0.0
-0.000000 0.0
0.000000 0.0
-0.000000 0.0
0.000000 0.0
0.000000 0.0
-0.000000 0.0
0.000000 0.0
0.000000 0.0
-0.000000 0.0
0.000000 0.0
0
