# FT2-Linear-20.txt Quanterra Q8 composite FIR filter parameter file
# ad200,165d5,97d2
theoretical 1 anti_alias fir Kinemetrics
20 1 35.212660
70
0.000000 0.0
0.000000 0.0
0.000000 0.0
0.000000 0.0
0.000000 0.0
-0.000000 0.0
-0.000001 0.0
0.000002 0.0
-0.000000 0.0
-0.000001 0.0
0.000003 0.0
-0.000002 0.0
0.000118 0.0
0.000025 0.0
-0.000741 0.0
0.000283 0.0
0.000002 0.0
-0.000918 0.0
0.001940 0.0
-0.002742 0.0
0.002606 0.0
-0.000972 0.0
-0.002377 0.0
0.006978 0.0
-0.011569 0.0
0.014222 0.0
-0.012801 0.0
0.006005 0.0
0.007151 0.0
-0.029027 0.0
0.048826 0.0
-0.066515 0.0
0.072725 0.0
-0.055646 0.0
-0.020343 0.0
0.805196 0.0
0.351196 0.0
-0.175202 0.0
0.098115 0.0
-0.045298 0.0
0.007925 0.0
0.014710 0.0
-0.027714 0.0
0.026426 0.0
-0.020165 0.0
0.011744 0.0
-0.003545 0.0
-0.002415 0.0
0.005391 0.0
-0.005699 0.0
0.004279 0.0
-0.002234 0.0
0.000424 0.0
0.000643 0.0
-0.001025 0.0
0.000727 0.0
-0.000593 0.0
-0.000318 0.0
0.000174 0.0
0.000025 0.0
-0.000000 0.0
0.000002 0.0
-0.000002 0.0
0.000002 0.0
0.000000 0.0
-0.000001 0.0
0.000000 0.0
0.000000 0.0
-0.000000 0.0
0.000000 0.0
0
