# FT2-Linear-50.txt Quanterra Q8 composite FIR filter parameter file
# ad200,97d2,99d2
theoretical 1 anti_alias fir Kinemetrics
50 1 44.031700
88
0.000000 0.0
0.000000 0.0
-0.000000 0.0
0.000000 0.0
0.000000 0.0
-0.000000 0.0
-0.000000 0.0
0.000000 0.0
-0.000000 0.0
-0.000000 0.0
0.000000 0.0
0.000000 0.0
-0.000000 0.0
0.000001 0.0
-0.000001 0.0
0.000001 0.0
-0.000000 0.0
-0.000001 0.0
0.000002 0.0
-0.000003 0.0
-0.000109 0.0
-0.000430 0.0
0.000296 0.0
-0.000084 0.0
-0.000388 0.0
0.001112 0.0
-0.001910 0.0
0.002444 0.0
-0.002275 0.0
0.000992 0.0
0.001624 0.0
-0.005429 0.0
0.009845 0.0
-0.013690 0.0
0.014565 0.0
-0.012658 0.0
0.005356 0.0
0.007631 0.0
-0.025895 0.0
0.048148 0.0
-0.071545 0.0
0.092522 0.0
-0.106319 0.0
0.102751 0.0
0.864885 0.0
0.159990 0.0
-0.127514 0.0
0.099646 0.0
-0.071219 0.0
0.043942 0.0
-0.020203 0.0
0.002075 0.0
0.009802 0.0
-0.015554 0.0
0.015952 0.0
-0.013836 0.0
0.009150 0.0
-0.004377 0.0
0.000585 0.0
0.001796 0.0
-0.002760 0.0
0.002635 0.0
-0.001895 0.0
0.000994 0.0
-0.000252 0.0
-0.000189 0.0
0.000353 0.0
-0.000426 0.0
-0.000129 0.0
-0.000003 0.0
0.000002 0.0
-0.000000 0.0
-0.000000 0.0
0.000001 0.0
-0.000001 0.0
0.000001 0.0
-0.000000 0.0
0.000000 0.0
0.000000 0.0
-0.000000 0.0
-0.000000 0.0
0.000000 0.0
-0.000000 0.0
-0.000000 0.0
0.000000 0.0
0.000000 0.0
-0.000000 0.0
0.000000 0.0
0
