# FT2-Linear-1.txt Quanterra Q8 composite FIR filter parameter file
# ad200,165d5,97d2,97d2,239d10
theoretical 1 anti_alias fir Kinemetrics
1 1 16.061077
32
-0.000000 0.0
0.000000 0.0
0.000000 0.0
-0.000000 0.0
-0.000001 0.0
0.000148 0.0
0.000973 0.0
-0.001477 0.0
-0.007551 0.0
0.007330 0.0
0.007673 0.0
-0.032419 0.0
0.032206 0.0
0.026776 0.0
-0.136120 0.0
0.219361 0.0
0.693905 0.0
0.298450 0.0
-0.131739 0.0
0.006044 0.0
0.043888 0.0
-0.032127 0.0
0.003005 0.0
0.010032 0.0
-0.007260 0.0
-0.002329 0.0
0.001021 0.0
0.000212 0.0
0.000000 0.0
-0.000000 0.0
-0.000000 0.0
-0.000000 0.0
0
