# FTA-Lbelow100-10.txt Quanterra Q8 composite FIR filter parameter file
# ac200m,165d5,97d2,97d2
theoretical 1 anti_alias fir Kinemetrics
10 1 40.150000
81
0.000000 0.0
0.000000 0.0
-0.000000 0.0
0.000000 0.0
0.000000 0.0
0.000000 0.0
-0.000000 0.0
-0.000000 0.0
0.000000 0.0
0.000000 0.0
-0.000000 0.0
0.000001 0.0
-0.000001 0.0
0.000001 0.0
-0.000000 0.0
-0.000001 0.0
0.000012 0.0
0.000121 0.0
-0.000021 0.0
-0.000761 0.0
0.000418 0.0
-0.000197 0.0
-0.000708 0.0
0.001875 0.0
-0.003005 0.0
0.003348 0.0
-0.002202 0.0
-0.000900 0.0
0.005833 0.0
-0.011491 0.0
0.015208 0.0
-0.016351 0.0
0.011232 0.0
0.001157 0.0
-0.020693 0.0
0.045101 0.0
-0.069755 0.0
0.085630 0.0
-0.089485 0.0
0.047483 0.0
0.835886 0.0
0.261705 0.0
-0.160044 0.0
0.101291 0.0
-0.058179 0.0
0.021302 0.0
0.004586 0.0
-0.019176 0.0
0.023775 0.0
-0.021059 0.0
0.014031 0.0
-0.006929 0.0
0.000233 0.0
0.003797 0.0
-0.005098 0.0
0.004417 0.0
-0.002754 0.0
0.000996 0.0
0.000221 0.0
-0.000825 0.0
0.000702 0.0
-0.000694 0.0
-0.000211 0.0
0.000155 0.0
0.000023 0.0
0.000001 0.0
-0.000002 0.0
0.000002 0.0
-0.000001 0.0
0.000001 0.0
-0.000000 0.0
-0.000000 0.0
0.000000 0.0
-0.000000 0.0
-0.000000 0.0
0.000000 0.0
0.000000 0.0
0.000000 0.0
-0.000000 0.0
-0.000000 0.0
0.000000 0.0
0
