# FTA-Linear-1.txt Quanterra Q8 composite FIR filter parameter file
# ac200m,165d5,97d2,97d2,239d10
theoretical 1 anti_alias fir Kinemetrics
1 1 15.862500
31
0.000000 0.0
-0.000000 0.0
-0.000000 0.0
-0.000000 0.0
0.000001 0.0
0.000229 0.0
0.001025 0.0
-0.002534 0.0
-0.007133 0.0
0.010601 0.0
0.001827 0.0
-0.031739 0.0
0.046303 0.0
0.000895 0.0
-0.129303 0.0
0.316429 0.0
0.691623 0.0
0.201855 0.0
-0.135742 0.0
0.030916 0.0
0.029415 0.0
-0.032180 0.0
0.008588 0.0
0.006694 0.0
-0.007559 0.0
-0.001301 0.0
0.000956 0.0
0.000135 0.0
-0.000001 0.0
-0.000000 0.0
0.000000 0.0
0
