# FTA-Lbelow20-1.txt Quanterra Q8 composite FIR filter parameter file
# ac200m,165d5m,97d2m,97d2,239d10
theoretical 1 anti_alias fir Kinemetrics
1 1 14.502500
31
0.000000 0.0
-0.000000 0.0
-0.000000 0.0
0.000025 0.0
0.000567 0.0
0.000570 0.0
-0.005739 0.0
-0.002434 0.0
0.015338 0.0
-0.018158 0.0
-0.011582 0.0
0.064193 0.0
-0.083085 0.0
-0.024986 0.0
0.560472 0.0
0.567084 0.0
-0.019610 0.0
-0.085912 0.0
0.064117 0.0
-0.010473 0.0
-0.018851 0.0
0.015354 0.0
-0.002194 0.0
-0.005844 0.0
0.000539 0.0
0.000581 0.0
0.000026 0.0
-0.000000 0.0
-0.000000 0.0
0.000000 0.0
-0.000000 0.0
0
