# FTA-Lbelow100-50.txt Quanterra Q8 composite FIR filter parameter file
# ac200m,97d2m,99d2
theoretical 1 anti_alias fir Kinemetrics
50 1 26.030000
78
-0.000000 0.0
-0.000004 0.0
-0.000110 0.0
-0.000383 0.0
0.000169 0.0
0.000090 0.0
-0.000521 0.0
0.001068 0.0
-0.001523 0.0
0.001577 0.0
-0.000901 0.0
-0.000723 0.0
0.003260 0.0
-0.006309 0.0
0.009073 0.0
-0.010440 0.0
0.009193 0.0
-0.004325 0.0
-0.004614 0.0
0.017207 0.0
-0.031986 0.0
0.046421 0.0
-0.057047 0.0
0.059640 0.0
-0.049540 0.0
0.051279 0.0
0.840985 0.0
0.241320 0.0
-0.184071 0.0
0.116793 0.0
-0.066888 0.0
0.029789 0.0
-0.003501 0.0
-0.012976 0.0
0.020846 0.0
-0.022018 0.0
0.018031 0.0
-0.013485 0.0
0.006736 0.0
-0.001225 0.0
-0.002291 0.0
0.003893 0.0
-0.003952 0.0
0.003054 0.0
-0.001801 0.0
0.000660 0.0
0.000111 0.0
-0.000460 0.0
0.000492 0.0
-0.000454 0.0
-0.000144 0.0
0.000005 0.0
0.000000 0.0
0.000001 0.0
-0.000002 0.0
0.000002 0.0
-0.000002 0.0
0.000001 0.0
-0.000000 0.0
-0.000000 0.0
0.000001 0.0
-0.000000 0.0
-0.000000 0.0
-0.000000 0.0
0.000000 0.0
0.000000 0.0
0.000000 0.0
-0.000000 0.0
-0.000000 0.0
0.000000 0.0
-0.000000 0.0
-0.000000 0.0
0.000000 0.0
-0.000000 0.0
0.000000 0.0
0.000000 0.0
0.000000 0.0
-0.000000 0.0
0
