# FTA-Lbelow40-20.txt Quanterra Q8 composite FIR filter parameter file
# ac200m,165d5m,97d2
theoretical 1 anti_alias fir Kinemetrics
20 1 25.275000
66
0.000000 0.0
0.000005 0.0
0.000088 0.0
0.000068 0.0
-0.000641 0.0
-0.000002 0.0
0.000353 0.0
-0.001155 0.0
0.001769 0.0
-0.001879 0.0
0.000927 0.0
0.001307 0.0
-0.004589 0.0
0.008041 0.0
-0.010219 0.0
0.009433 0.0
-0.004296 0.0
-0.005635 0.0
0.019322 0.0
-0.033982 0.0
0.045208 0.0
-0.047378 0.0
0.033911 0.0
0.003951 0.0
-0.082827 0.0
0.727873 0.0
0.486631 0.0
-0.201822 0.0
0.079508 0.0
-0.014472 0.0
-0.021176 0.0
0.035333 0.0
-0.040531 0.0
0.028226 0.0
-0.015910 0.0
0.005198 0.0
0.002970 0.0
-0.007338 0.0
0.008122 0.0
-0.006424 0.0
0.003664 0.0
-0.001046 0.0
-0.000719 0.0
0.001409 0.0
-0.001347 0.0
0.000724 0.0
-0.000413 0.0
-0.000477 0.0
0.000203 0.0
0.000035 0.0
-0.000007 0.0
0.000007 0.0
-0.000004 0.0
0.000003 0.0
0.000001 0.0
-0.000001 0.0
0.000000 0.0
0.000000 0.0
-0.000000 0.0
-0.000000 0.0
-0.000000 0.0
0.000000 0.0
-0.000000 0.0
-0.000000 0.0
0.000000 0.0
0.000000 0.0
0
