# FTA-Lbelow40-100.txt Quanterra Q8 composite FIR filter parameter file
# ac200m,97d2m
theoretical 1 anti_alias fir Kinemetrics
100 1 3.050000
58
0.000177 0.0
0.011470 0.0
0.121785 0.0
0.444647 0.0
0.575906 0.0
-0.003125 0.0
-0.299255 0.0
0.179242 0.0
0.033157 0.0
-0.150417 0.0
0.148171 0.0
-0.075322 0.0
-0.010163 0.0
0.069615 0.0
-0.089072 0.0
0.073615 0.0
-0.038270 0.0
-0.000330 0.0
0.029551 0.0
-0.043290 0.0
0.041679 0.0
-0.029396 0.0
0.012543 0.0
0.002521 0.0
-0.013264 0.0
0.016184 0.0
-0.015308 0.0
0.010641 0.0
-0.004423 0.0
-0.000401 0.0
0.003031 0.0
-0.003763 0.0
0.003272 0.0
-0.002239 0.0
0.001168 0.0
-0.000340 0.0
-0.000157 0.0
0.000361 0.0
-0.000367 0.0
0.000276 0.0
-0.000164 0.0
0.000073 0.0
-0.000017 0.0
-0.000008 0.0
0.000014 0.0
-0.000010 0.0
0.000005 0.0
-0.000002 0.0
0.000000 0.0
0.000000 0.0
-0.000000 0.0
0.000000 0.0
0.000000 0.0
-0.000000 0.0
0.000000 0.0
-0.000000 0.0
-0.000000 0.0
0.000000 0.0
0
