# FTA-Lbelow40-10.txt Quanterra Q8 composite FIR filter parameter file
# ac200m,165d5m,97d2,97d2
theoretical 1 anti_alias fir Kinemetrics
10 1 36.650000
81
0.000000 0.0
0.000000 0.0
0.000000 0.0
-0.000000 0.0
-0.000000 0.0
0.000000 0.0
-0.000000 0.0
0.000000 0.0
0.000000 0.0
-0.000001 0.0
0.000002 0.0
-0.000002 0.0
0.000002 0.0
0.000042 0.0
0.000160 0.0
-0.000424 0.0
-0.000463 0.0
0.000727 0.0
-0.001228 0.0
0.001147 0.0
-0.000330 0.0
-0.001454 0.0
0.003894 0.0
-0.006236 0.0
0.007293 0.0
-0.005680 0.0
0.000308 0.0
0.007439 0.0
-0.017993 0.0
0.027708 0.0
-0.032868 0.0
0.029030 0.0
-0.011921 0.0
-0.022424 0.0
0.079538 0.0
-0.178031 0.0
0.481177 0.0
0.735759 0.0
-0.099271 0.0
-0.010067 0.0
0.043634 0.0
-0.056713 0.0
0.050260 0.0
-0.035113 0.0
0.017866 0.0
-0.002987 0.0
-0.007096 0.0
0.011158 0.0
-0.011644 0.0
0.008630 0.0
-0.004500 0.0
0.000879 0.0
0.001425 0.0
-0.002282 0.0
0.002011 0.0
-0.001249 0.0
0.000346 0.0
0.000034 0.0
-0.000681 0.0
0.000101 0.0
0.000083 0.0
0.000008 0.0
-0.000003 0.0
0.000001 0.0
-0.000000 0.0
-0.000001 0.0
0.000001 0.0
-0.000000 0.0
0.000000 0.0
0.000000 0.0
-0.000000 0.0
-0.000000 0.0
0.000000 0.0
0.000000 0.0
0.000000 0.0
-0.000000 0.0
0.000000 0.0
-0.000000 0.0
-0.000000 0.0
0.000000 0.0
0.000000 0.0
0
