# FTA-Lbelow40-50.txt Quanterra Q8 composite FIR filter parameter file
# ac200m,97d2m,99d2m
theoretical 1 anti_alias fir Kinemetrics
50 1 4.035000
78
0.000000 0.0
0.000211 0.0
0.010559 0.0
0.119020 0.0
0.458956 0.0
0.595193 0.0
-0.050940 0.0
-0.302746 0.0
0.240301 0.0
-0.030885 0.0
-0.127943 0.0
0.177053 0.0
-0.137920 0.0
0.057288 0.0
0.022265 0.0
-0.077322 0.0
0.096143 0.0
-0.085512 0.0
0.056080 0.0
-0.019747 0.0
-0.012940 0.0
0.035139 0.0
-0.044380 0.0
0.041919 0.0
-0.031390 0.0
0.017275 0.0
-0.003650 0.0
-0.006942 0.0
0.012200 0.0
-0.014409 0.0
0.012538 0.0
-0.008687 0.0
0.004629 0.0
-0.001351 0.0
-0.000794 0.0
0.001860 0.0
-0.002106 0.0
0.001847 0.0
-0.001361 0.0
0.000851 0.0
-0.000430 0.0
0.000140 0.0
0.000023 0.0
-0.000090 0.0
0.000098 0.0
-0.000077 0.0
0.000050 0.0
-0.000027 0.0
0.000012 0.0
-0.000004 0.0
0.000000 0.0
0.000000 0.0
-0.000000 0.0
0.000000 0.0
-0.000000 0.0
0.000000 0.0
0.000000 0.0
0.000000 0.0
0.000000 0.0
-0.000000 0.0
-0.000000 0.0
-0.000000 0.0
0.000000 0.0
0.000000 0.0
0.000000 0.0
-0.000000 0.0
-0.000000 0.0
-0.000000 0.0
0.000000 0.0
0.000000 0.0
0.000000 0.0
-0.000000 0.0
-0.000000 0.0
0.000000 0.0
-0.000000 0.0
0.000000 0.0
-0.000000 0.0
-0.000000 0.0
0
