# FTA-Linear-50.txt Quanterra Q8 composite FIR filter parameter file
# ac200m,97d2,99d2
theoretical 1 anti_alias fir Kinemetrics
50 1 36.600000
78
-0.000000 0.0
-0.000000 0.0
0.000000 0.0
0.000000 0.0
-0.000000 0.0
0.000000 0.0
0.000000 0.0
-0.000001 0.0
0.000001 0.0
-0.000002 0.0
0.000002 0.0
-0.000001 0.0
-0.000014 0.0
-0.000272 0.0
-0.000264 0.0
0.000489 0.0
-0.000685 0.0
0.000665 0.0
-0.000224 0.0
-0.000754 0.0
0.002214 0.0
-0.003853 0.0
0.005118 0.0
-0.005286 0.0
0.003642 0.0
0.000405 0.0
-0.007068 0.0
0.014216 0.0
-0.022073 0.0
0.027578 0.0
-0.028198 0.0
0.021024 0.0
-0.003175 0.0
-0.028686 0.0
0.080944 0.0
-0.176756 0.0
0.519761 0.0
0.706961 0.0
-0.131769 0.0
0.023768 0.0
0.020256 0.0
-0.038970 0.0
0.042973 0.0
-0.037868 0.0
0.027856 0.0
-0.016371 0.0
0.005855 0.0
0.001470 0.0
-0.006604 0.0
0.008160 0.0
-0.007347 0.0
0.005276 0.0
-0.002867 0.0
0.000811 0.0
0.000534 0.0
-0.001119 0.0
0.001113 0.0
-0.000783 0.0
0.000384 0.0
-0.000073 0.0
-0.000360 0.0
-0.000031 0.0
-0.000002 0.0
0.000002 0.0
-0.000002 0.0
0.000001 0.0
-0.000000 0.0
-0.000000 0.0
0.000000 0.0
-0.000000 0.0
0.000000 0.0
0.000000 0.0
-0.000000 0.0
-0.000000 0.0
-0.000000 0.0
0.000000 0.0
0.000000 0.0
-0.000000 0.0
0
