# FTA-Linear-20.txt Quanterra Q8 composite FIR filter parameter file
# ac200m,165d5,97d2
theoretical 1 anti_alias fir Kinemetrics
20 1 32.300000
66
0.000000 0.0
0.000000 0.0
-0.000000 0.0
-0.000001 0.0
0.000002 0.0
0.000000 0.0
-0.000001 0.0
0.000004 0.0
-0.000002 0.0
0.000113 0.0
0.000041 0.0
-0.000732 0.0
0.000235 0.0
0.000071 0.0
-0.000985 0.0
0.001954 0.0
-0.002646 0.0
0.002357 0.0
-0.000579 0.0
-0.002830 0.0
0.007322 0.0
-0.011580 0.0
0.013679 0.0
-0.011583 0.0
0.004150 0.0
0.009358 0.0
-0.030869 0.0
0.049338 0.0
-0.064646 0.0
0.067207 0.0
-0.045093 0.0
-0.038606 0.0
0.792202 0.0
0.379395 0.0
-0.177994 0.0
0.095018 0.0
-0.040658 0.0
0.003535 0.0
0.018001 0.0
-0.029539 0.0
0.026892 0.0
-0.019728 0.0
0.010858 0.0
-0.002586 0.0
-0.003178 0.0
0.005840 0.0
-0.005843 0.0
0.004208 0.0
-0.002064 0.0
0.000252 0.0
0.000761 0.0
-0.001076 0.0
0.000729 0.0
-0.000563 0.0
-0.000345 0.0
0.000175 0.0
0.000028 0.0
-0.000001 0.0
0.000002 0.0
-0.000002 0.0
0.000002 0.0
0.000000 0.0
-0.000001 0.0
0.000000 0.0
0.000000 0.0
0.000000 0.0
0
