# FTA-Lbelow40-1.txt Quanterra Q8 composite FIR filter parameter file
# ac200m,165d5m,97d2,97d2,239d10
theoretical 1 anti_alias fir Kinemetrics
1 1 15.517000
31
0.000000 0.0
0.000000 0.0
-0.000000 0.0
-0.000000 0.0
0.000018 0.0
0.000511 0.0
0.000705 0.0
-0.005314 0.0
-0.003406 0.0
0.015238 0.0
-0.015350 0.0
-0.015950 0.0
0.064303 0.0
-0.071663 0.0
-0.047430 0.0
0.530913 0.0
0.593727 0.0
0.005743 0.0
-0.096545 0.0
0.062737 0.0
-0.005594 0.0
-0.021506 0.0
0.015170 0.0
-0.001114 0.0
-0.006236 0.0
0.000370 0.0
0.000638 0.0
0.000035 0.0
-0.000000 0.0
-0.000000 0.0
0.000000 0.0
0
