# FTA-Lbelow100-40.txt Quanterra Q8 composite FIR filter parameter file
# ac200m,165d5
theoretical 1 anti_alias fir Kinemetrics
40 1 16.500000
36
0.000055 0.0
0.001051 0.0
-0.001209 0.0
-0.002824 0.0
0.003914 0.0
-0.006379 0.0
0.005727 0.0
-0.001870 0.0
-0.006686 0.0
0.018632 0.0
-0.031237 0.0
0.039482 0.0
-0.037021 0.0
0.016175 0.0
0.034172 0.0
-0.145915 0.0
0.629374 0.0
0.604361 0.0
-0.156388 0.0
0.042173 0.0
0.010631 0.0
-0.033844 0.0
0.038288 0.0
-0.031427 0.0
0.019549 0.0
-0.007771 0.0
-0.000994 0.0
0.005210 0.0
-0.006215 0.0
0.003962 0.0
-0.002997 0.0
-0.001053 0.0
0.001039 0.0
0.000034 0.0
0.000000 0.0
0.000000 0.0
0
