# FTA-Lbelow40-40.txt Quanterra Q8 composite FIR filter parameter file
# ac200m,165d5m
theoretical 1 anti_alias fir Kinemetrics
40 1 2.540000
36
0.000156 0.0
0.027958 0.0
0.266513 0.0
0.655288 0.0
0.294471 0.0
-0.352295 0.0
0.079801 0.0
0.132090 0.0
-0.193088 0.0
0.143333 0.0
-0.050627 0.0
-0.032628 0.0
0.079505 0.0
-0.087193 0.0
0.064986 0.0
-0.032036 0.0
-0.002549 0.0
0.020008 0.0
-0.030476 0.0
0.027990 0.0
-0.016183 0.0
0.005533 0.0
0.001128 0.0
-0.003992 0.0
0.004283 0.0
-0.003298 0.0
0.002004 0.0
-0.000932 0.0
0.000263 0.0
0.000050 0.0
-0.000127 0.0
0.000103 0.0
-0.000053 0.0
0.000016 0.0
0.000000 0.0
0.000000 0.0
0
