# FTA-Lbelow20-20.txt Quanterra Q8 composite FIR filter parameter file
# ac200m,165d5m,97d2m
theoretical 1 anti_alias fir Kinemetrics
20 1 4.123000
66
0.000000 0.0
0.000180 0.0
0.008886 0.0
0.100313 0.0
0.407493 0.0
0.610097 0.0
0.072735 0.0
-0.350498 0.0
0.157883 0.0
0.096399 0.0
-0.206522 0.0
0.161684 0.0
-0.052961 0.0
-0.055229 0.0
0.115726 0.0
-0.117459 0.0
0.077287 0.0
-0.021099 0.0
-0.028468 0.0
0.057897 0.0
-0.063788 0.0
0.050636 0.0
-0.027311 0.0
0.002822 0.0
0.015392 0.0
-0.025169 0.0
0.024549 0.0
-0.019294 0.0
0.010627 0.0
-0.001808 0.0
-0.003968 0.0
0.006312 0.0
-0.006105 0.0
0.004553 0.0
-0.002645 0.0
0.001015 0.0
0.000062 0.0
-0.000589 0.0
0.000706 0.0
-0.000589 0.0
0.000390 0.0
-0.000203 0.0
0.000072 0.0
-0.000002 0.0
-0.000023 0.0
0.000023 0.0
-0.000015 0.0
0.000007 0.0
-0.000002 0.0
-0.000000 0.0
0.000000 0.0
0.000000 0.0
-0.000000 0.0
0.000000 0.0
-0.000000 0.0
0.000000 0.0
-0.000000 0.0
-0.000000 0.0
-0.000000 0.0
-0.000000 0.0
0.000000 0.0
0.000000 0.0
0.000000 0.0
0.000000 0.0
-0.000000 0.0
0.000000 0.0
0
