# FTA-Linear-100.txt Quanterra Q8 composite FIR filter parameter file
# ac200m,97d2
theoretical 1 anti_alias fir Kinemetrics
100 1 24.200000
58
0.000007 0.0
0.000109 0.0
0.000001 0.0
-0.000664 0.0
0.000203 0.0
0.000004 0.0
-0.000753 0.0
0.001558 0.0
-0.002178 0.0
0.002031 0.0
-0.000694 0.0
-0.001984 0.0
0.005600 0.0
-0.009133 0.0
0.011056 0.0
-0.009696 0.0
0.003758 0.0
0.007100 0.0
-0.021840 0.0
0.037875 0.0
-0.051208 0.0
0.056629 0.0
-0.047039 0.0
0.006582 0.0
0.748319 0.0
0.375754 0.0
-0.158230 0.0
0.068093 0.0
-0.024910 0.0
-0.001954 0.0
0.017253 0.0
-0.022854 0.0
0.021186 0.0
-0.015195 0.0
0.007777 0.0
-0.001219 0.0
-0.003141 0.0
0.004968 0.0
-0.004711 0.0
0.003233 0.0
-0.001452 0.0
0.000012 0.0
0.000736 0.0
-0.000931 0.0
0.000574 0.0
-0.000476 0.0
-0.000354 0.0
0.000162 0.0
0.000040 0.0
-0.000004 0.0
0.000000 0.0
0.000000 0.0
-0.000000 0.0
0.000000 0.0
0.000000 0.0
-0.000000 0.0
0.000000 0.0
0.000000 0.0
0
