# FTA-Lbelow20-10.txt Quanterra Q8 composite FIR filter parameter file
# ac200m,165d5m,97d2m,97d2
theoretical 1 anti_alias fir Kinemetrics
10 1 26.065000
81
0.000000 0.0
0.000000 0.0
0.000012 0.0
0.000112 0.0
-0.000034 0.0
-0.000695 0.0
0.000274 0.0
-0.000007 0.0
-0.000828 0.0
0.001769 0.0
-0.002497 0.0
0.002349 0.0
-0.000802 0.0
-0.002339 0.0
0.006617 0.0
-0.010827 0.0
0.013138 0.0
-0.011521 0.0
0.004405 0.0
0.008615 0.0
-0.026213 0.0
0.045092 0.0
-0.060145 0.0
0.064829 0.0
-0.051449 0.0
0.032871 0.0
0.820440 0.0
0.298823 0.0
-0.199658 0.0
0.108156 0.0
-0.051677 0.0
0.008544 0.0
0.017423 0.0
-0.028738 0.0
0.028989 0.0
-0.022381 0.0
0.012385 0.0
-0.004584 0.0
-0.002554 0.0
0.006111 0.0
-0.006476 0.0
0.004906 0.0
-0.002626 0.0
0.000581 0.0
0.000657 0.0
-0.001139 0.0
0.000847 0.0
-0.000718 0.0
-0.000237 0.0
0.000183 0.0
0.000015 0.0
0.000004 0.0
-0.000005 0.0
0.000004 0.0
-0.000003 0.0
0.000001 0.0
0.000000 0.0
-0.000000 0.0
0.000001 0.0
-0.000000 0.0
-0.000000 0.0
0.000000 0.0
0.000000 0.0
0.000000 0.0
-0.000000 0.0
-0.000000 0.0
-0.000000 0.0
0.000000 0.0
-0.000000 0.0
0.000000 0.0
0.000000 0.0
-0.000000 0.0
0.000000 0.0
-0.000000 0.0
0.000000 0.0
0.000000 0.0
-0.000000 0.0
0.000000 0.0
0.000000 0.0
-0.000000 0.0
-0.000000 0.0
0
