# FTK-Lbelow40-40.txt Quanterra Q8 composite FIR filter parameter file
# ad1000m,175d5m,165d5m
theoretical 1 anti_alias fir Kinemetrics
40 1 3.244560
42
0.000000 0.0
0.001514 0.0
0.065501 0.0
0.398780 0.0
0.660664 0.0
0.034788 0.0
-0.320292 0.0
0.223331 0.0
-0.024724 0.0
-0.114758 0.0
0.156328 0.0
-0.122705 0.0
0.054688 0.0
0.011140 0.0
-0.054293 0.0
0.066904 0.0
-0.057944 0.0
0.031819 0.0
-0.010830 0.0
-0.009481 0.0
0.020270 0.0
-0.018684 0.0
0.012449 0.0
-0.006073 0.0
0.001475 0.0
0.001019 0.0
-0.001856 0.0
0.001715 0.0
-0.001185 0.0
0.000648 0.0
-0.000265 0.0
0.000066 0.0
0.000011 0.0
-0.000020 0.0
-0.000007 0.0
0.000004 0.0
0.000002 0.0
0.000001 0.0
0.000000 0.0
0.000000 0.0
-0.000000 0.0
0.000000 0.0
0
