# FTK-Lbelow100-40.txt Quanterra Q8 composite FIR filter parameter file
# ad1000m,175d5m,165d5
theoretical 1 anti_alias fir Kinemetrics
40 1 17.181600
42
0.000000 0.0
0.000254 0.0
0.001090 0.0
-0.002790 0.0
-0.000482 0.0
0.002280 0.0
-0.006751 0.0
0.010141 0.0
-0.011412 0.0
0.007438 0.0
0.003193 0.0
-0.020679 0.0
0.042494 0.0
-0.063518 0.0
0.075757 0.0
-0.066834 0.0
0.004419 0.0
0.812925 0.0
0.320784 0.0
-0.170751 0.0
0.097722 0.0
-0.044549 0.0
0.008717 0.0
0.012918 0.0
-0.021870 0.0
0.021262 0.0
-0.015304 0.0
0.007616 0.0
-0.001535 0.0
-0.002557 0.0
0.002838 0.0
-0.003810 0.0
0.000338 0.0
0.000671 0.0
-0.000020 0.0
0.000002 0.0
0.000003 0.0
0.000001 0.0
0.000000 0.0
0.000000 0.0
-0.000000 0.0
0.000000 0.0
0
