# FTK-Lbelow100-50.txt Quanterra Q8 composite FIR filter parameter file
# ad1000m,175d5m,97d2m,99d2
theoretical 1 anti_alias fir Kinemetrics
50 1 26.904200
84
0.000000 0.0
-0.000000 0.0
-0.000007 0.0
-0.000144 0.0
-0.000381 0.0
0.000276 0.0
-0.000077 0.0
-0.000346 0.0
0.000986 0.0
-0.001679 0.0
0.002113 0.0
-0.001889 0.0
0.000643 0.0
0.001795 0.0
-0.005240 0.0
0.009054 0.0
-0.012144 0.0
0.013107 0.0
-0.010511 0.0
0.003259 0.0
0.009030 0.0
-0.025726 0.0
0.045059 0.0
-0.064217 0.0
0.079750 0.0
-0.089126 0.0
0.151225 0.0
0.862921 0.0
0.111495 0.0
-0.144789 0.0
0.113828 0.0
-0.077462 0.0
0.046293 0.0
-0.019548 0.0
-0.000205 0.0
0.012466 0.0
-0.017998 0.0
0.017422 0.0
-0.015222 0.0
0.009751 0.0
-0.004335 0.0
0.000206 0.0
0.002295 0.0
-0.003234 0.0
0.003001 0.0
-0.002127 0.0
0.001103 0.0
-0.000271 0.0
-0.000217 0.0
0.000389 0.0
-0.000484 0.0
-0.000089 0.0
-0.000000 0.0
0.000003 0.0
-0.000001 0.0
-0.000001 0.0
0.000002 0.0
-0.000002 0.0
0.000001 0.0
-0.000001 0.0
0.000000 0.0
0.000000 0.0
-0.000000 0.0
-0.000000 0.0
-0.000000 0.0
0.000000 0.0
0.000000 0.0
0.000000 0.0
0.000000 0.0
-0.000000 0.0
0.000000 0.0
-0.000000 0.0
0.000000 0.0
0.000000 0.0
-0.000000 0.0
0.000000 0.0
-0.000000 0.0
0.000000 0.0
0.000000 0.0
-0.000000 0.0
-0.000000 0.0
0.000000 0.0
0.000000 0.0
-0.000000 0.0
0
