# FTK-Lbelow100-20.txt Quanterra Q8 composite FIR filter parameter file
# ad1000m,175d5m,165d5,97d2
theoretical 1 anti_alias fir Kinemetrics
20 1 32.591040
69
-0.000000 0.0
0.000000 0.0
0.000000 0.0
-0.000001 0.0
0.000001 0.0
0.000002 0.0
-0.000002 0.0
0.000003 0.0
-0.000003 0.0
0.000050 0.0
0.000163 0.0
-0.000501 0.0
-0.000345 0.0
0.000659 0.0
-0.001277 0.0
0.001396 0.0
-0.000806 0.0
-0.000832 0.0
0.003342 0.0
-0.006075 0.0
0.007871 0.0
-0.007343 0.0
0.003340 0.0
0.004477 0.0
-0.015031 0.0
0.026675 0.0
-0.037220 0.0
0.035366 0.0
-0.022849 0.0
-0.008498 0.0
0.065794 0.0
-0.174071 0.0
0.541169 0.0
0.689698 0.0
-0.126289 0.0
0.015206 0.0
0.031328 0.0
-0.048338 0.0
0.047276 0.0
-0.037988 0.0
0.020382 0.0
-0.006292 0.0
-0.003820 0.0
0.009405 0.0
-0.010521 0.0
0.008488 0.0
-0.005012 0.0
0.001600 0.0
0.000795 0.0
-0.001885 0.0
0.001851 0.0
-0.001258 0.0
0.000425 0.0
-0.000056 0.0
-0.000644 0.0
0.000118 0.0
0.000080 0.0
-0.000004 0.0
0.000004 0.0
-0.000002 0.0
0.000001 0.0
0.000001 0.0
-0.000001 0.0
-0.000000 0.0
0.000000 0.0
0.000000 0.0
0.000000 0.0
0.000000 0.0
-0.000000 0.0
0
