# FTK-Lbelow100-100.txt Quanterra Q8 composite FIR filter parameter file
# ad1000m,175d5m,97d2m
theoretical 1 anti_alias fir Kinemetrics
100 1 4.811900
71
0.000000 0.0
0.000005 0.0
0.000996 0.0
0.024292 0.0
0.181913 0.0
0.526584 0.0
0.504655 0.0
-0.174032 0.0
-0.232253 0.0
0.264364 0.0
-0.081564 0.0
-0.098059 0.0
0.172987 0.0
-0.143301 0.0
0.059926 0.0
0.028463 0.0
-0.085796 0.0
0.100407 0.0
-0.079268 0.0
0.038757 0.0
0.003609 0.0
-0.034850 0.0
0.048852 0.0
-0.046379 0.0
0.032302 0.0
-0.014240 0.0
-0.003044 0.0
0.013060 0.0
-0.017724 0.0
0.016496 0.0
-0.011066 0.0
0.004949 0.0
-0.000197 0.0
-0.002535 0.0
0.003457 0.0
-0.003159 0.0
0.002272 0.0
-0.001287 0.0
0.000492 0.0
0.000012 0.0
-0.000244 0.0
0.000288 0.0
-0.000232 0.0
0.000147 0.0
-0.000073 0.0
0.000025 0.0
-0.000002 0.0
-0.000005 0.0
0.000005 0.0
-0.000002 0.0
0.000000 0.0
-0.000000 0.0
-0.000000 0.0
0.000000 0.0
0.000000 0.0
-0.000000 0.0
0.000000 0.0
0.000000 0.0
0.000000 0.0
-0.000000 0.0
-0.000000 0.0
0.000000 0.0
0.000000 0.0
0.000000 0.0
-0.000000 0.0
-0.000000 0.0
0.000000 0.0
-0.000000 0.0
-0.000000 0.0
0.000000 0.0
-0.000000 0.0
0
