# FTK-Linear-1.txt Quanterra Q8 composite FIR filter parameter file
# ad1000,175d5,165d5,97d2,97d2,239d10
theoretical 1 anti_alias fir Kinemetrics
1 1 16.027604
32
0.000000 0.0
0.000000 0.0
-0.000000 0.0
-0.000000 0.0
-0.000001 0.0
0.000164 0.0
0.000991 0.0
-0.001702 0.0
-0.007513 0.0
0.008099 0.0
0.006479 0.0
-0.032563 0.0
0.035560 0.0
0.021421 0.0
-0.135916 0.0
0.241015 0.0
0.695552 0.0
0.276453 0.0
-0.133973 0.0
0.012128 0.0
0.040803 0.0
-0.032435 0.0
0.004387 0.0
0.009311 0.0
-0.007383 0.0
-0.002083 0.0
0.001013 0.0
0.000193 0.0
-0.000000 0.0
-0.000000 0.0
-0.000000 0.0
-0.000000 0.0
0
