# FTK-Lbelow20-10.txt Quanterra Q8 composite FIR filter parameter file
# ad1000m,175d5m,165d5m,97d2m,97d2
theoretical 1 anti_alias fir Kinemetrics
10 1 26.236970
82
-0.000000 0.0
0.000000 0.0
0.000007 0.0
0.000089 0.0
0.000051 0.0
-0.000635 0.0
0.000005 0.0
0.000337 0.0
-0.001116 0.0
0.001718 0.0
-0.001823 0.0
0.000890 0.0
0.001293 0.0
-0.004502 0.0
0.007865 0.0
-0.009964 0.0
0.009143 0.0
-0.004049 0.0
-0.005728 0.0
0.019131 0.0
-0.033388 0.0
0.044150 0.0
-0.045941 0.0
0.032533 0.0
0.003725 0.0
-0.069032 0.0
0.735730 0.0
0.473679 0.0
-0.211284 0.0
0.080317 0.0
-0.017317 0.0
-0.021218 0.0
0.037319 0.0
-0.038150 0.0
0.029823 0.0
-0.017720 0.0
0.005563 0.0
0.002041 0.0
-0.007572 0.0
0.008732 0.0
-0.006977 0.0
0.004058 0.0
-0.001260 0.0
-0.000666 0.0
0.001462 0.0
-0.001450 0.0
0.000828 0.0
-0.000499 0.0
-0.000429 0.0
0.000200 0.0
0.000028 0.0
0.000007 0.0
-0.000007 0.0
0.000004 0.0
-0.000002 0.0
0.000000 0.0
0.000001 0.0
-0.000001 0.0
0.000001 0.0
-0.000000 0.0
-0.000000 0.0
0.000000 0.0
0.000000 0.0
0.000000 0.0
-0.000000 0.0
-0.000000 0.0
-0.000000 0.0
0.000000 0.0
0.000000 0.0
-0.000000 0.0
0.000000 0.0
0.000000 0.0
-0.000000 0.0
0.000000 0.0
0.000000 0.0
-0.000000 0.0
0.000000 0.0
0.000000 0.0
-0.000000 0.0
-0.000000 0.0
-0.000000 0.0
-0.000000 0.0
0
