# FTK-Lbelow40-1.txt Quanterra Q8 composite FIR filter parameter file
# ad1000m,175d5m,165d5m,97d2,97d2,239d10
theoretical 1 anti_alias fir Kinemetrics
1 1 15.581392
32
0.000000 0.0
0.000000 0.0
-0.000000 0.0
-0.000000 0.0
0.000017 0.0
0.000494 0.0
0.000741 0.0
-0.005178 0.0
-0.003685 0.0
0.015160 0.0
-0.014465 0.0
-0.017205 0.0
0.064127 0.0
-0.068029 0.0
-0.053813 0.0
0.521393 0.0
0.601401 0.0
0.013965 0.0
-0.099678 0.0
0.062110 0.0
-0.004016 0.0
-0.022295 0.0
0.015068 0.0
-0.000766 0.0
-0.006351 0.0
0.000313 0.0
0.000656 0.0
0.000038 0.0
-0.000000 0.0
-0.000000 0.0
0.000000 0.0
0.000000 0.0
0
