# FTK-Linear-200.txt Quanterra Q8 composite FIR filter parameter file
# ad1000,175d5
theoretical 1 anti_alias fir Kinemetrics
200 1 23.425400
47
0.000000 0.0
0.000000 0.0
0.000000 0.0
0.000000 0.0
-0.000000 0.0
0.000000 0.0
0.000003 0.0
0.000368 0.0
0.000652 0.0
-0.001267 0.0
0.001347 0.0
0.000050 0.0
-0.003306 0.0
0.007519 0.0
-0.010234 0.0
0.008073 0.0
0.001670 0.0
-0.018987 0.0
0.039584 0.0
-0.054292 0.0
0.050462 0.0
-0.010486 0.0
-0.104638 0.0
0.660631 0.0
0.547984 0.0
-0.151669 0.0
0.033459 0.0
0.021977 0.0
-0.041843 0.0
0.039215 0.0
-0.025106 0.0
0.009197 0.0
0.002370 0.0
-0.007466 0.0
0.007204 0.0
-0.004257 0.0
0.001175 0.0
0.000635 0.0
-0.001047 0.0
0.000758 0.0
0.000263 0.0
-0.000000 0.0
0.000000 0.0
-0.000000 0.0
0.000000 0.0
0.000000 0.0
-0.000000 0.0
0
