# FTK-Linear-40.txt Quanterra Q8 composite FIR filter parameter file
# ad1000,175d5,165d5
theoretical 1 anti_alias fir Kinemetrics
40 1 21.085520
42
0.000000 0.0
0.000000 0.0
0.000000 0.0
0.000000 0.0
-0.000001 0.0
0.000337 0.0
0.000999 0.0
-0.003220 0.0
0.000461 0.0
0.001185 0.0
-0.005937 0.0
0.010462 0.0
-0.013693 0.0
0.012194 0.0
-0.003724 0.0
-0.013105 0.0
0.037175 0.0
-0.064746 0.0
0.090041 0.0
-0.101456 0.0
0.077358 0.0
0.838368 0.0
0.228033 0.0
-0.150665 0.0
0.100025 0.0
-0.055916 0.0
0.021204 0.0
0.002812 0.0
-0.015607 0.0
0.018755 0.0
-0.015546 0.0
0.009270 0.0
-0.003469 0.0
-0.001106 0.0
0.002035 0.0
-0.003705 0.0
0.000641 0.0
0.000539 0.0
0.000001 0.0
0.000000 0.0
0.000001 0.0
0.000000 0.0
0
