# FTK-Min-250.txt Quanterra Q8 composite FIR filter parameter file
# ad1000m,171d4m
theoretical 1 anti_alias fir Kinemetrics
250 1 4.096000
57
0.000000 0.0
0.000046 0.0
0.007320 0.0
0.106738 0.0
0.448227 0.0
0.607743 0.0
-0.029364 0.0
-0.308145 0.0
0.228466 0.0
-0.013629 0.0
-0.138464 0.0
0.173431 0.0
-0.119711 0.0
0.031695 0.0
0.045099 0.0
-0.086439 0.0
0.088907 0.0
-0.063116 0.0
0.025348 0.0
0.009441 0.0
-0.031797 0.0
0.038904 0.0
-0.033510 0.0
0.020375 0.0
-0.007858 0.0
-0.003928 0.0
0.009727 0.0
-0.010245 0.0
0.007869 0.0
-0.004652 0.0
0.001853 0.0
0.000003 0.0
-0.000908 0.0
0.001109 0.0
-0.000921 0.0
0.000602 0.0
-0.000310 0.0
0.000112 0.0
-0.000009 0.0
-0.000027 0.0
0.000028 0.0
-0.000017 0.0
0.000007 0.0
-0.000002 0.0
0.000000 0.0
-0.000000 0.0
0.000000 0.0
-0.000000 0.0
-0.000000 0.0
0.000000 0.0
-0.000000 0.0
-0.000000 0.0
0.000000 0.0
0.000000 0.0
-0.000000 0.0
-0.000000 0.0
0.000000 0.0
0
