# FTK-Lbelow40-50.txt Quanterra Q8 composite FIR filter parameter file
# ad1000m,175d5m,97d2m,99d2m
theoretical 1 anti_alias fir Kinemetrics
50 1 4.917700
84
0.000000 0.0
0.000001 0.0
0.000405 0.0
0.015416 0.0
0.149191 0.0
0.507093 0.0
0.553368 0.0
-0.146010 0.0
-0.247102 0.0
0.269657 0.0
-0.097483 0.0
-0.073772 0.0
0.159620 0.0
-0.156026 0.0
0.095732 0.0
-0.018811 0.0
-0.047125 0.0
0.083235 0.0
-0.089464 0.0
0.072252 0.0
-0.041627 0.0
0.008338 0.0
0.019070 0.0
-0.035771 0.0
0.040765 0.0
-0.036035 0.0
0.025246 0.0
-0.012450 0.0
0.000667 0.0
0.006835 0.0
-0.011597 0.0
0.012080 0.0
-0.009811 0.0
0.006489 0.0
-0.003291 0.0
0.000829 0.0
0.000718 0.0
-0.001442 0.0
0.001566 0.0
-0.001337 0.0
0.000965 0.0
-0.000590 0.0
0.000292 0.0
-0.000094 0.0
-0.000013 0.0
0.000055 0.0
-0.000058 0.0
0.000044 0.0
-0.000027 0.0
0.000014 0.0
-0.000005 0.0
0.000001 0.0
0.000000 0.0
-0.000000 0.0
0.000000 0.0
-0.000000 0.0
0.000000 0.0
-0.000000 0.0
0.000000 0.0
0.000000 0.0
-0.000000 0.0
-0.000000 0.0
-0.000000 0.0
0.000000 0.0
0.000000 0.0
0.000000 0.0
-0.000000 0.0
-0.000000 0.0
-0.000000 0.0
-0.000000 0.0
0.000000 0.0
0.000000 0.0
-0.000000 0.0
-0.000000 0.0
-0.000000 0.0
0.000000 0.0
-0.000000 0.0
0.000000 0.0
-0.000000 0.0
-0.000000 0.0
0.000000 0.0
-0.000000 0.0
-0.000000 0.0
-0.000000 0.0
0
