# FTK-Linear-10.txt Quanterra Q8 composite FIR filter parameter file
# ad1000,175d5,165d5,97d2,97d2
theoretical 1 anti_alias fir Kinemetrics
10 1 41.271480
82
-0.000000 0.0
0.000000 0.0
0.000000 0.0
-0.000000 0.0
0.000000 0.0
0.000000 0.0
0.000000 0.0
-0.000000 0.0
-0.000000 0.0
0.000000 0.0
0.000000 0.0
-0.000000 0.0
0.000001 0.0
-0.000001 0.0
0.000000 0.0
0.000001 0.0
-0.000002 0.0
0.000008 0.0
0.000096 0.0
0.000065 0.0
-0.000718 0.0
0.000164 0.0
0.000181 0.0
-0.001106 0.0
0.002023 0.0
-0.002580 0.0
0.002088 0.0
-0.000093 0.0
-0.003468 0.0
0.007983 0.0
-0.011946 0.0
0.012823 0.0
-0.010314 0.0
0.001537 0.0
0.012989 0.0
-0.031501 0.0
0.050080 0.0
-0.062674 0.0
0.059674 0.0
-0.034764 0.0
-0.057009 0.0
0.777982 0.0
0.409373 0.0
-0.179766 0.0
0.089952 0.0
-0.036835 0.0
-0.000638 0.0
0.021771 0.0
-0.029555 0.0
0.027563 0.0
-0.019854 0.0
0.010075 0.0
-0.002193 0.0
-0.003858 0.0
0.006387 0.0
-0.006111 0.0
0.004253 0.0
-0.001981 0.0
0.000130 0.0
0.000866 0.0
-0.001136 0.0
0.000754 0.0
-0.000558 0.0
-0.000352 0.0
0.000163 0.0
0.000034 0.0
0.000002 0.0
-0.000003 0.0
0.000002 0.0
-0.000001 0.0
0.000000 0.0
0.000000 0.0
-0.000000 0.0
0.000000 0.0
-0.000000 0.0
-0.000000 0.0
0.000000 0.0
0.000000 0.0
0.000000 0.0
-0.000000 0.0
-0.000000 0.0
0.000000 0.0
0
