# FTK-Lbelow100-1.txt Quanterra Q8 composite FIR filter parameter file
# ad1000m,175d5m,165d5,97d2,97d2,239d10
theoretical 1 anti_alias fir Kinemetrics
1 1 15.930033
32
0.000000 0.0
-0.000000 0.0
-0.000000 0.0
-0.000000 0.0
0.000001 0.0
0.000218 0.0
0.001023 0.0
-0.002402 0.0
-0.007217 0.0
0.010239 0.0
0.002585 0.0
-0.032000 0.0
0.044769 0.0
0.004206 0.0
-0.130921 0.0
0.304927 0.0
0.693174 0.0
0.213036 0.0
-0.136036 0.0
0.028291 0.0
0.031205 0.0
-0.032345 0.0
0.008008 0.0
0.007101 0.0
-0.007556 0.0
-0.001413 0.0
0.000967 0.0
0.000143 0.0
-0.000001 0.0
-0.000000 0.0
0.000000 0.0
0.000000 0.0
0
