# FTK-Lbelow20-20.txt Quanterra Q8 composite FIR filter parameter file
# ad1000m,175d5m,165d5m,97d2m
theoretical 1 anti_alias fir Kinemetrics
20 1 4.478700
69
-0.000000 0.0
0.000026 0.0
0.002815 0.0
0.048912 0.0
0.277929 0.0
0.603539 0.0
0.333126 0.0
-0.321442 0.0
-0.047495 0.0
0.240258 0.0
-0.197839 0.0
0.044730 0.0
0.084539 0.0
-0.145550 0.0
0.130108 0.0
-0.066536 0.0
-0.006198 0.0
0.059750 0.0
-0.081836 0.0
0.074101 0.0
-0.046851 0.0
0.013153 0.0
0.015605 0.0
-0.032893 0.0
0.036790 0.0
-0.030744 0.0
0.017757 0.0
-0.005691 0.0
-0.004651 0.0
0.010649 0.0
-0.011392 0.0
0.008903 0.0
-0.005301 0.0
0.002032 0.0
0.000238 0.0
-0.001398 0.0
0.001677 0.0
-0.001427 0.0
0.000968 0.0
-0.000516 0.0
0.000181 0.0
0.000011 0.0
-0.000088 0.0
0.000093 0.0
-0.000067 0.0
0.000037 0.0
-0.000015 0.0
0.000004 0.0
0.000000 0.0
-0.000001 0.0
-0.000000 0.0
0.000000 0.0
-0.000000 0.0
0.000000 0.0
-0.000000 0.0
0.000000 0.0
-0.000000 0.0
-0.000000 0.0
-0.000000 0.0
0.000000 0.0
0.000000 0.0
0.000000 0.0
-0.000000 0.0
-0.000000 0.0
0.000000 0.0
-0.000000 0.0
0.000000 0.0
0.000000 0.0
0.000000 0.0
0
