# FTK-Lbelow40-20.txt Quanterra Q8 composite FIR filter parameter file
# ad1000m,175d5m,165d5m,97d2
theoretical 1 anti_alias fir Kinemetrics
20 1 25.620540
69
0.000000 0.0
0.000001 0.0
0.000043 0.0
0.000143 0.0
-0.000380 0.0
-0.000496 0.0
0.000683 0.0
-0.001044 0.0
0.000799 0.0
0.000121 0.0
-0.001836 0.0
0.003934 0.0
-0.005618 0.0
0.005790 0.0
-0.003418 0.0
-0.002008 0.0
0.010023 0.0
-0.018925 0.0
0.025843 0.0
-0.027175 0.0
0.019307 0.0
0.000629 0.0
-0.034420 0.0
0.083863 0.0
-0.157930 0.0
0.437144 0.0
0.762854 0.0
-0.089191 0.0
-0.034752 0.0
0.067274 0.0
-0.067779 0.0
0.052647 0.0
-0.035309 0.0
0.010286 0.0
0.003931 0.0
-0.011524 0.0
0.013992 0.0
-0.012116 0.0
0.007880 0.0
-0.003250 0.0
-0.000355 0.0
0.002306 0.0
-0.002729 0.0
0.002090 0.0
-0.001109 0.0
0.000140 0.0
0.000197 0.0
-0.000752 0.0
0.000098 0.0
0.000108 0.0
-0.000013 0.0
0.000008 0.0
-0.000002 0.0
0.000000 0.0
0.000003 0.0
-0.000002 0.0
-0.000000 0.0
0.000000 0.0
-0.000000 0.0
0.000000 0.0
0.000000 0.0
-0.000000 0.0
0.000000 0.0
-0.000000 0.0
-0.000000 0.0
0.000000 0.0
0.000000 0.0
0.000000 0.0
-0.000000 0.0
0
