# FTK-Lbelow20-1.txt Quanterra Q8 composite FIR filter parameter file
# ad1000m,175d5m,165d5m,97d2m,97d2,239d10
theoretical 1 anti_alias fir Kinemetrics
1 1 14.523984
32
0.000000 0.0
-0.000000 0.0
-0.000000 0.0
0.000023 0.0
0.000549 0.0
0.000614 0.0
-0.005610 0.0
-0.002743 0.0
0.015328 0.0
-0.017299 0.0
-0.012974 0.0
0.064321 0.0
-0.079601 0.0
-0.032115 0.0
0.551615 0.0
0.575547 0.0
-0.012081 0.0
-0.089293 0.0
0.063815 0.0
-0.009009 0.0
-0.019690 0.0
0.015326 0.0
-0.001870 0.0
-0.005969 0.0
0.000491 0.0
0.000598 0.0
0.000029 0.0
-0.000000 0.0
-0.000000 0.0
0.000000 0.0
-0.000000 0.0
0.000000 0.0
0
