# FTK-Linear-500.txt Quanterra Q8 composite FIR filter parameter file
# ad1000,99d2
theoretical 1 anti_alias fir Kinemetrics
500 1 39.563000
79
0.000000 0.0
0.000000 0.0
0.000000 0.0
-0.000000 0.0
-0.000000 0.0
0.000000 0.0
-0.000000 0.0
-0.000000 0.0
0.000000 0.0
-0.000000 0.0
0.000000 0.0
-0.000000 0.0
0.000000 0.0
-0.000000 0.0
-0.000000 0.0
-0.000014 0.0
-0.000294 0.0
-0.000229 0.0
0.000485 0.0
-0.000733 0.0
0.000784 0.0
-0.000414 0.0
-0.000531 0.0
0.002041 0.0
-0.003850 0.0
0.005417 0.0
-0.005983 0.0
0.004814 0.0
-0.001064 0.0
-0.005182 0.0
0.013428 0.0
-0.022259 0.0
0.029447 0.0
-0.032144 0.0
0.027150 0.0
-0.011052 0.0
-0.020277 0.0
0.074623 0.0
-0.179251 0.0
0.564711 0.0
0.674686 0.0
-0.151177 0.0
0.041480 0.0
0.007907 0.0
-0.031626 0.0
0.039741 0.0
-0.037664 0.0
0.029558 0.0
-0.018929 0.0
0.008543 0.0
-0.000257 0.0
-0.005040 0.0
0.007381 0.0
-0.007149 0.0
0.005502 0.0
-0.003284 0.0
0.001238 0.0
0.000204 0.0
-0.000923 0.0
0.001037 0.0
-0.000786 0.0
0.000424 0.0
-0.000119 0.0
-0.000343 0.0
-0.000027 0.0
-0.000000 0.0
-0.000000 0.0
0.000000 0.0
-0.000000 0.0
0.000000 0.0
-0.000000 0.0
0.000000 0.0
0.000000 0.0
-0.000000 0.0
0.000000 0.0
-0.000000 0.0
-0.000000 0.0
0.000000 0.0
-0.000000 0.0
0
