# FTK-Lbelow100-10.txt Quanterra Q8 composite FIR filter parameter file
# ad1000m,175d5m,165d5,97d2,97d2
theoretical 1 anti_alias fir Kinemetrics
10 1 40.295530
82
-0.000000 0.0
0.000000 0.0
-0.000000 0.0
0.000000 0.0
0.000000 0.0
0.000000 0.0
-0.000000 0.0
-0.000000 0.0
0.000000 0.0
0.000000 0.0
-0.000000 0.0
0.000001 0.0
-0.000001 0.0
0.000000 0.0
0.000001 0.0
-0.000002 0.0
0.000008 0.0
0.000092 0.0
0.000076 0.0
-0.000707 0.0
0.000122 0.0
0.000234 0.0
-0.001152 0.0
0.002018 0.0
-0.002481 0.0
0.001868 0.0
0.000231 0.0
-0.003814 0.0
0.008203 0.0
-0.011852 0.0
0.012272 0.0
-0.009239 0.0
0.000020 0.0
0.014631 0.0
-0.032722 0.0
0.050139 0.0
-0.060714 0.0
0.054894 0.0
-0.026194 0.0
-0.070907 0.0
0.765230 0.0
0.432616 0.0
-0.180470 0.0
0.086613 0.0
-0.032681 0.0
-0.004338 0.0
0.024337 0.0
-0.030857 0.0
0.027789 0.0
-0.019358 0.0
0.009258 0.0
-0.001369 0.0
-0.004490 0.0
0.006730 0.0
-0.006193 0.0
0.004163 0.0
-0.001822 0.0
-0.000020 0.0
0.000963 0.0
-0.001174 0.0
0.000751 0.0
-0.000530 0.0
-0.000375 0.0
0.000163 0.0
0.000037 0.0
0.000003 0.0
-0.000003 0.0
0.000002 0.0
-0.000001 0.0
0.000000 0.0
0.000000 0.0
-0.000000 0.0
0.000000 0.0
-0.000000 0.0
-0.000000 0.0
0.000000 0.0
0.000000 0.0
0.000000 0.0
-0.000000 0.0
-0.000000 0.0
0.000000 0.0
0.000000 0.0
0
