# FTK-Linear-100.txt Quanterra Q8 composite FIR filter parameter file
# ad1000,175d5,97d2
theoretical 1 anti_alias fir Kinemetrics
100 1 35.713000
71
0.000000 0.0
0.000000 0.0
0.000000 0.0
0.000000 0.0
0.000000 0.0
0.000000 0.0
-0.000000 0.0
-0.000000 0.0
0.000000 0.0
-0.000001 0.0
0.000001 0.0
-0.000001 0.0
0.000035 0.0
0.000168 0.0
-0.000378 0.0
-0.000518 0.0
0.000730 0.0
-0.001145 0.0
0.000931 0.0
-0.000001 0.0
-0.001805 0.0
0.004086 0.0
-0.006038 0.0
0.006495 0.0
-0.004322 0.0
-0.001129 0.0
0.009503 0.0
-0.019030 0.0
0.027864 0.0
-0.030332 0.0
0.023485 0.0
-0.003530 0.0
-0.032538 0.0
0.088782 0.0
-0.179739 0.0
0.422440 0.0
0.764891 0.0
-0.066799 0.0
-0.028004 0.0
0.057945 0.0
-0.060901 0.0
0.049637 0.0
-0.032056 0.0
0.014053 0.0
0.001019 0.0
-0.009472 0.0
0.012723 0.0
-0.011555 0.0
0.007870 0.0
-0.003579 0.0
0.000085 0.0
0.001925 0.0
-0.002471 0.0
0.001972 0.0
-0.001099 0.0
0.000193 0.0
0.000146 0.0
-0.000707 0.0
0.000067 0.0
0.000100 0.0
0.000000 0.0
0.000001 0.0
-0.000000 0.0
-0.000000 0.0
0.000000 0.0
-0.000000 0.0
-0.000000 0.0
0.000000 0.0
0.000000 0.0
0.000000 0.0
0.000000 0.0
0
