# FTK-Linear-50.txt Quanterra Q8 composite FIR filter parameter file
# ad1000,175d5,97d2,99d2
theoretical 1 anti_alias fir Kinemetrics
50 1 42.356550
84
0.000000 0.0
-0.000000 0.0
-0.000000 0.0
-0.000000 0.0
0.000000 0.0
0.000000 0.0
-0.000000 0.0
-0.000000 0.0
0.000000 0.0
0.000000 0.0
-0.000000 0.0
0.000000 0.0
-0.000000 0.0
-0.000000 0.0
0.000001 0.0
-0.000002 0.0
0.000002 0.0
-0.000002 0.0
-0.000037 0.0
-0.000370 0.0
-0.000043 0.0
0.000365 0.0
-0.000789 0.0
0.001167 0.0
-0.001238 0.0
0.000715 0.0
0.000604 0.0
-0.002706 0.0
0.005264 0.0
-0.007598 0.0
0.008763 0.0
-0.007581 0.0
0.002692 0.0
0.004620 0.0
-0.015463 0.0
0.027748 0.0
-0.039050 0.0
0.045851 0.0
-0.043473 0.0
0.027432 0.0
0.014860 0.0
-0.119509 0.0
0.735549 0.0
0.485802 0.0
-0.184643 0.0
0.089992 0.0
-0.035990 0.0
0.002701 0.0
0.017527 0.0
-0.026662 0.0
0.027523 0.0
-0.022961 0.0
0.015522 0.0
-0.008405 0.0
0.001511 0.0
0.002926 0.0
-0.004958 0.0
0.005090 0.0
-0.004008 0.0
0.002438 0.0
-0.000962 0.0
-0.000079 0.0
0.000591 0.0
-0.000668 0.0
0.000504 0.0
-0.000296 0.0
-0.000256 0.0
-0.000011 0.0
-0.000001 0.0
0.000001 0.0
-0.000002 0.0
0.000001 0.0
-0.000001 0.0
0.000000 0.0
0.000000 0.0
-0.000000 0.0
0.000000 0.0
0.000000 0.0
-0.000000 0.0
-0.000000 0.0
0.000000 0.0
0.000000 0.0
-0.000000 0.0
-0.000000 0.0
0
