# FTK-Lbelow20-200.txt Quanterra Q8 composite FIR filter parameter file
# ad1000m,175d5m
theoretical 1 anti_alias fir Kinemetrics
200 1 3.905000
47
0.000000 0.0
0.000163 0.0
0.015143 0.0
0.163101 0.0
0.533087 0.0
0.519942 0.0
-0.182191 0.0
-0.204181 0.0
0.253388 0.0
-0.101402 0.0
-0.061876 0.0
0.139712 0.0
-0.125007 0.0
0.058161 0.0
0.012988 0.0
-0.056862 0.0
0.064855 0.0
-0.046143 0.0
0.017367 0.0
0.006976 0.0
-0.018778 0.0
0.020353 0.0
-0.013079 0.0
0.005019 0.0
0.000378 0.0
-0.002689 0.0
0.002841 0.0
-0.002002 0.0
0.001028 0.0
-0.000330 0.0
-0.000020 0.0
0.000121 0.0
-0.000102 0.0
0.000055 0.0
-0.000020 0.0
0.000005 0.0
-0.000001 0.0
-0.000000 0.0
-0.000000 0.0
-0.000000 0.0
-0.000000 0.0
0.000000 0.0
0.000000 0.0
0.000000 0.0
-0.000000 0.0
-0.000000 0.0
0.000000 0.0
0
