# FTK-Linear-20.txt Quanterra Q8 composite FIR filter parameter file
# ad1000,175d5,165d5,97d2
theoretical 1 anti_alias fir Kinemetrics
20 1 34.542940
69
0.000000 0.0
0.000000 0.0
0.000000 0.0
0.000000 0.0
-0.000000 0.0
-0.000001 0.0
0.000001 0.0
0.000001 0.0
-0.000002 0.0
0.000003 0.0
-0.000003 0.0
0.000058 0.0
0.000155 0.0
-0.000542 0.0
-0.000274 0.0
0.000613 0.0
-0.001298 0.0
0.001543 0.0
-0.001102 0.0
-0.000428 0.0
0.002961 0.0
-0.005930 0.0
0.008204 0.0
-0.008337 0.0
0.005005 0.0
0.002396 0.0
-0.013070 0.0
0.025623 0.0
-0.038220 0.0
0.039291 0.0
-0.030016 0.0
0.001644 0.0
0.054326 0.0
-0.165932 0.0
0.583222 0.0
0.654068 0.0
-0.143466 0.0
0.030005 0.0
0.020748 0.0
-0.042236 0.0
0.044998 0.0
-0.038589 0.0
0.022610 0.0
-0.008872 0.0
-0.001580 0.0
0.007909 0.0
-0.009859 0.0
0.008499 0.0
-0.005420 0.0
0.002126 0.0
0.000352 0.0
-0.001619 0.0
0.001761 0.0
-0.001288 0.0
0.000501 0.0
-0.000136 0.0
-0.000610 0.0
0.000134 0.0
0.000072 0.0
-0.000004 0.0
0.000004 0.0
-0.000002 0.0
0.000001 0.0
0.000001 0.0
-0.000001 0.0
-0.000000 0.0
0.000000 0.0
0.000000 0.0
0.000000 0.0
0
