# FTK-Min-500.txt Quanterra Q8 composite FIR filter parameter file
# ad1000m,99d2m
theoretical 1 anti_alias fir Kinemetrics
500 1 4.678000
79
0.000000 0.0
0.000006 0.0
0.001164 0.0
0.030032 0.0
0.221340 0.0
0.585330 0.0
0.425471 0.0
-0.288960 0.0
-0.098978 0.0
0.256596 0.0
-0.192300 0.0
0.044066 0.0
0.081949 0.0
-0.141264 0.0
0.134896 0.0
-0.086156 0.0
0.023011 0.0
0.032214 0.0
-0.066385 0.0
0.076557 0.0
-0.066237 0.0
0.043162 0.0
-0.016017 0.0
-0.007946 0.0
0.024202 0.0
-0.031230 0.0
0.030023 0.0
-0.023222 0.0
0.013466 0.0
-0.005011 0.0
-0.002602 0.0
0.006905 0.0
-0.008076 0.0
0.007167 0.0
-0.005263 0.0
0.003186 0.0
-0.001428 0.0
0.000197 0.0
0.000501 0.0
-0.000771 0.0
0.000761 0.0
-0.000607 0.0
0.000412 0.0
-0.000239 0.0
0.000112 0.0
-0.000035 0.0
-0.000002 0.0
0.000015 0.0
-0.000014 0.0
0.000009 0.0
-0.000005 0.0
0.000002 0.0
-0.000000 0.0
-0.000000 0.0
0.000000 0.0
0.000000 0.0
-0.000000 0.0
-0.000000 0.0
-0.000000 0.0
0.000000 0.0
0.000000 0.0
0.000000 0.0
-0.000000 0.0
-0.000000 0.0
-0.000000 0.0
0.000000 0.0
0.000000 0.0
0.000000 0.0
-0.000000 0.0
-0.000000 0.0
-0.000000 0.0
0.000000 0.0
0.000000 0.0
0.000000 0.0
-0.000000 0.0
-0.000000 0.0
0.000000 0.0
0.000000 0.0
0.000000 0.0
0
