# FTK-Lbelow40-10.txt Quanterra Q8 composite FIR filter parameter file
# ad1000m,175d5m,165d5m,97d2,97d2
theoretical 1 anti_alias fir Kinemetrics
10 1 36.810280
82
0.000000 0.0
0.000000 0.0
0.000000 0.0
-0.000000 0.0
-0.000000 0.0
0.000000 0.0
-0.000000 0.0
-0.000000 0.0
0.000001 0.0
-0.000001 0.0
0.000002 0.0
-0.000002 0.0
0.000000 0.0
0.000026 0.0
0.000158 0.0
-0.000260 0.0
-0.000650 0.0
0.000722 0.0
-0.000926 0.0
0.000427 0.0
0.000727 0.0
-0.002524 0.0
0.004390 0.0
-0.005446 0.0
0.004628 0.0
-0.001038 0.0
-0.005509 0.0
0.012911 0.0
-0.020842 0.0
0.025129 0.0
-0.022539 0.0
0.009984 0.0
0.014426 0.0
-0.051164 0.0
0.100285 0.0
-0.166932 0.0
0.310903 0.0
0.821097 0.0
0.008654 0.0
-0.073488 0.0
0.077295 0.0
-0.069407 0.0
0.048094 0.0
-0.024863 0.0
0.005114 0.0
0.008302 0.0
-0.014766 0.0
0.014815 0.0
-0.011934 0.0
0.006704 0.0
-0.001787 0.0
-0.001548 0.0
0.003010 0.0
-0.002942 0.0
0.001979 0.0
-0.000868 0.0
-0.000068 0.0
0.000341 0.0
-0.000758 0.0
0.000015 0.0
0.000112 0.0
0.000012 0.0
-0.000001 0.0
-0.000000 0.0
0.000001 0.0
-0.000001 0.0
0.000001 0.0
-0.000000 0.0
0.000000 0.0
0.000000 0.0
-0.000000 0.0
-0.000000 0.0
0.000000 0.0
0.000000 0.0
0.000000 0.0
-0.000000 0.0
-0.000000 0.0
0.000000 0.0
0.000000 0.0
-0.000000 0.0
0.000000 0.0
0.000000 0.0
0
