# FTK-Linear-250.txt Quanterra Q8 composite FIR filter parameter file
# ad1000,171d4
theoretical 1 anti_alias fir Kinemetrics
250 1 28.781750
57
0.000000 0.0
-0.000000 0.0
0.000000 0.0
-0.000000 0.0
-0.000000 0.0
0.000000 0.0
-0.000000 0.0
-0.000000 0.0
0.000029 0.0
-0.000192 0.0
-0.000875 0.0
0.000672 0.0
-0.000225 0.0
-0.000936 0.0
0.002663 0.0
-0.004333 0.0
0.004905 0.0
-0.003227 0.0
-0.001456 0.0
0.008940 0.0
-0.017662 0.0
0.024654 0.0
-0.025956 0.0
0.017626 0.0
0.003934 0.0
-0.040666 0.0
0.094539 0.0
-0.174464 0.0
0.357115 0.0
0.796441 0.0
-0.021154 0.0
-0.055754 0.0
0.072148 0.0
-0.064626 0.0
0.046075 0.0
-0.024616 0.0
0.006115 0.0
0.006501 0.0
-0.012368 0.0
0.012583 0.0
-0.009296 0.0
0.004824 0.0
-0.000953 0.0
-0.001394 0.0
0.002140 0.0
-0.001769 0.0
0.000948 0.0
-0.000266 0.0
-0.000674 0.0
0.000002 0.0
0.000008 0.0
-0.000000 0.0
0.000000 0.0
0.000000 0.0
-0.000000 0.0
-0.000000 0.0
0.000000 0.0
0
