# MP Quanterra FIR linear phase filter parameter file 
# $Id$
# 4 decimation factor 
# type			2 
# npoles		0 
# input sample interval	1.0e-03 
# decimation factor	4 
# normalization factor	1.0 
# gain factor		1.0 
theoretical  1  anti_alias   fir    coef_conv 
1000 4 24.5
50 
-2.54066472E-05	0.0 
-6.09197377E-05	0.0 
-8.40882202E-05	0.0 
-8.40244538E-05	0.0 
 1.63391334E-04	0.0 
 5.16510103E-04	0.0 
 7.65687436E-04	0.0 
 7.80274858E-04	0.0 
-4.45842306E-04	0.0 
-2.25522625E-03	0.0 
-3.62849165E-03	0.0 
-3.78991523E-03	0.0 
 3.44818312E-04	0.0 
 6.77778524E-03	0.0 
 1.20854378E-02	0.0 
 1.30976140E-02	0.0 
 2.24578497E-03	0.0 
-1.63416173E-02	0.0 
-3.37996147E-02	0.0 
-3.94811071E-02	0.0 
-1.46564310E-02	0.0 
 4.01543528E-02	0.0 
 1.14328198E-01	0.0 
 1.89809903E-01	0.0 
 2.33582660E-01	0.0 
 2.33582660E-01	0.0 
 1.89809903E-01	0.0 
 1.14328198E-01	0.0 
 4.01543528E-02	0.0 
-1.46564310E-02	0.0 
-3.94811071E-02	0.0 
-3.37996147E-02	0.0 
-1.63416173E-02	0.0 
 2.24578497E-03	0.0 
 1.30976140E-02	0.0 
 1.20854378E-02	0.0 
 6.77778524E-03	0.0 
 3.44818312E-04	0.0 
-3.78991523E-03	0.0 
-3.62849165E-03	0.0 
-2.25522625E-03	0.0 
-4.45842306E-04	0.0 
 7.80274858E-04	0.0 
 7.65687436E-04	0.0 
 5.16510103E-04	0.0 
 1.63391334E-04	0.0 
-8.40244538E-05	0.0 
-8.40882202E-05	0.0 
-6.09197377E-05	0.0 
-2.54066472E-05	0.0 
0 
