# n2Phase0-L50.txt Quanterra Q330 composite FIR filter parameter file 
# 1 decimation factor 
# type			2 
# npoles		0 
# input sample rate	L50 
# decimal factor	1 
# normalization factor	1.0 
# gain factor		1 
theoretical  1  anti_alias   fir    coef_conv 
50 1 
81 
 1.574926335e-008	0.0 
-1.494634951e-008	0.0 
 1.458771438e-008	0.0 
-1.304611251e-008	0.0 
-5.262397128e-009	0.0 
-1.542341679e-007	0.0 
 1.219002114e-007	0.0 
-9.494953018e-008	0.0 
-7.958232105e-008	0.0 
 3.087392987e-007	0.0 
-6.322011368e-007	0.0 
 1.197199199e-006	0.0 
-1.085406347e-006	0.0 
-7.194671564e-008	0.0 
-6.166871493e-007	0.0 
 1.528833656e-006	0.0 
 0.000282326831	0.0 
 9.498260683e-005	0.0 
-0.0003630557825	0.0 
 0.0007586710483	0.0 
-0.001184460666	0.0 
 0.001456526213	0.0 
-0.001344009884	0.0 
 0.0006108430228	0.0 
 0.000908449587	0.0 
-0.003222629761	0.0 
 0.006109837428	0.0 
-0.009057849328	0.0 
 0.01124375362	0.0 
-0.01239057993	0.0 
 0.0102338703	0.0 
-0.004768629419	0.0 
-0.004694367995	0.0 
 0.01820524271	0.0 
-0.03521532417	0.0 
 0.05466759496	0.0 
-0.07414053023	0.0 
 0.08796037802	0.0 
-0.1065017196	0.0 
 0.115682725	0.0 
 0.8893350827	0.0 
 0.115682725	0.0 
-0.1065017196	0.0 
 0.08796037802	0.0 
-0.07414053023	0.0 
 0.05466759496	0.0 
-0.03521532417	0.0 
 0.01820524271	0.0 
-0.004694367995	0.0 
-0.004768629419	0.0 
 0.0102338703	0.0 
-0.01239057993	0.0 
 0.01124375362	0.0 
-0.009057849328	0.0 
 0.006109837428	0.0 
-0.003222629761	0.0 
 0.000908449587	0.0 
 0.0006108430228	0.0 
-0.001344009884	0.0 
 0.001456526213	0.0 
-0.001184460666	0.0 
 0.0007586710483	0.0 
-0.0003630557825	0.0 
 9.498260683e-005	0.0 
 0.000282326831	0.0 
 1.528833656e-006	0.0 
-6.166871492e-007	0.0 
-7.194671564e-008	0.0 
-1.085406347e-006	0.0 
 1.197199199e-006	0.0 
-6.322011367e-007	0.0 
 3.087392986e-007	0.0 
-7.958232098e-008	0.0 
-9.494953021e-008	0.0 
 1.219002114e-007	0.0 
-1.542341679e-007	0.0 
-5.262397128e-009	0.0 
-1.304611245e-008	0.0 
 1.458771433e-008	0.0 
-1.494634945e-008	0.0 
 1.574926335e-008	0.0 
0 
