# n2Phase0-L10.txt Quanterra Q330 composite FIR filter parameter file 
# 1 decimation factor 
# type			2 
# npoles		0 
# input sample rate	L10 
# decimal factor	1 
# normalization factor	1.0 
# gain factor		1 
theoretical  1  anti_alias   fir    coef_conv 
10 1 
81 
 3.51345308e-008	0.0 
-3.527519041e-008	0.0 
 3.461581367e-008	0.0 
-3.359458511e-008	0.0 
 3.176594357e-008	0.0 
-4.096258408e-008	0.0 
 2.080262766e-007	0.0 
-9.985983505e-008	0.0 
-1.113788269e-009	0.0 
 3.265827293e-007	0.0 
-5.266165933e-007	0.0 
 1.085425823e-006	0.0 
-1.508592344e-006	0.0 
 9.852720868e-007	0.0 
-8.922341011e-007	0.0 
-1.119811404e-006	0.0 
 3.793669678e-005	0.0 
-0.0002754796823	0.0 
-0.0003502924249	0.0 
 0.0006431313594	0.0 
-0.001062961295	0.0 
 0.001370760994	0.0 
-0.001331221578	0.0 
 0.0006996157249	0.0 
 0.0007096074654	0.0 
-0.002931164171	0.0 
 0.005767526972	0.0 
-0.008728441421	0.0 
 0.01099787415	0.0 
-0.01228635428	0.0 
 0.01030819626	0.0 
-0.005020699319	0.0 
-0.004302959155	0.0 
 0.01773911752	0.0 
-0.03474031897	0.0 
 0.05417486064	0.0 
-0.07425065831	0.0 
 0.09001229069	0.0 
-0.1065357395	0.0 
 0.1146010583	0.0 
 0.8895117621	0.0 
 0.1146010583	0.0 
-0.1065357395	0.0 
 0.09001229069	0.0 
-0.07425065831	0.0 
 0.05417486064	0.0 
-0.03474031897	0.0 
 0.01773911752	0.0 
-0.004302959155	0.0 
-0.005020699319	0.0 
 0.01030819626	0.0 
-0.01228635428	0.0 
 0.01099787415	0.0 
-0.008728441421	0.0 
 0.005767526972	0.0 
-0.002931164171	0.0 
 0.0007096074654	0.0 
 0.0006996157249	0.0 
-0.001331221578	0.0 
 0.001370760994	0.0 
-0.001062961295	0.0 
 0.0006431313594	0.0 
-0.0003502924249	0.0 
-0.0002754796823	0.0 
 3.793669678e-005	0.0 
-1.119811404e-006	0.0 
-8.922341011e-007	0.0 
 9.852720868e-007	0.0 
-1.508592344e-006	0.0 
 1.085425823e-006	0.0 
-5.266165932e-007	0.0 
 3.265827293e-007	0.0 
-1.113788204e-009	0.0 
-9.985983508e-008	0.0 
 2.080262766e-007	0.0 
-4.096258411e-008	0.0 
 3.176594357e-008	0.0 
-3.359458506e-008	0.0 
 3.461581362e-008	0.0 
-3.527519035e-008	0.0 
 3.513453075e-008	0.0 
0 
