# n2Phase0-L100.txt Quanterra Q330 composite FIR filter parameter file 
# 1 decimation factor 
# type			2 
# npoles		0 
# input sample rate	L100 
# decimal factor	1 
# normalization factor	1.0 
# gain factor		1 
theoretical  1  anti_alias   fir    coef_conv 
100 1 
65 
 3.452125446e-008	0.0 
-7.525537711e-007	0.0 
 6.967436162e-007	0.0 
 2.371473617e-006	0.0 
-3.064047428e-006	0.0 
 5.535609841e-006	0.0 
-7.939531563e-006	0.0 
 5.17111316e-006	0.0 
 3.371385836e-005	0.0 
-0.0002834508516	0.0 
-0.0003290527241	0.0 
 0.0006107598743	0.0 
-0.001021973407	0.0 
 0.001328281061	0.0 
-0.001300879848	0.0 
 0.0006969909758	0.0 
 0.0006714345812	0.0 
-0.002838126616	0.0 
 0.005615646385	0.0 
-0.008535378883	0.0 
 0.01085258437	0.0 
-0.01161582698	0.0 
 0.009803215817	0.0 
-0.004470197633	0.0 
-0.003041939798	0.0 
 0.01419292556	0.0 
-0.035667086	0.0 
 0.05297879142	0.0 
-0.07361386365	0.0 
 0.09164471133	0.0 
-0.1067453306	0.0 
 0.1162786292	0.0 
 0.8895067394	0.0 
 0.1162786292	0.0 
-0.1067453306	0.0 
 0.09164471133	0.0 
-0.07361386365	0.0 
 0.05297879142	0.0 
-0.035667086	0.0 
 0.01419292556	0.0 
-0.003041939798	0.0 
-0.004470197633	0.0 
 0.009803215817	0.0 
-0.01161582698	0.0 
 0.01085258437	0.0 
-0.008535378883	0.0 
 0.005615646385	0.0 
-0.002838126616	0.0 
 0.0006714345812	0.0 
 0.0006969909758	0.0 
-0.001300879848	0.0 
 0.001328281061	0.0 
-0.001021973407	0.0 
 0.0006107598743	0.0 
-0.0003290527241	0.0 
-0.0002834508516	0.0 
 3.371385836e-005	0.0 
 5.17111316e-006	0.0 
-7.939531563e-006	0.0 
 5.535609841e-006	0.0 
-3.064047428e-006	0.0 
 2.371473617e-006	0.0 
 6.967436162e-007	0.0 
-7.525537711e-007	0.0 
 3.452125446e-008	0.0  
0 
