# n2Phase0-L20.txt Quanterra Q330 composite FIR filter parameter file 
# 1 decimation factor 
# type			2 
# npoles		0 
# input sample rate	L20 
# decimal factor	1 
# normalization factor	1.0 
# gain factor		1 
theoretical  1  anti_alias   fir    coef_conv 
20 1 
67 
-3.981535356e-009	0.0 
 1.835582588e-008	0.0 
-2.711483925e-007	0.0 
 3.326564791e-007	0.0 
 1.492796836e-006	0.0 
-1.801944718e-006	0.0 
 2.734263289e-006	0.0 
-4.191309682e-006	0.0 
 8.630183196e-007	0.0 
 3.863111058e-005	0.0 
-0.0002838919443	0.0 
-0.0003371408619	0.0 
 0.0006309594212	0.0 
-0.001053996093	0.0 
 0.001369915982	0.0 
-0.001345197232	0.0 
 0.0007312410261	0.0 
 0.0006626698594	0.0 
-0.002874531096	0.0 
 0.005714316212	0.0 
-0.008707797196	0.0 
 0.01110206328	0.0 
-0.01193605046	0.0 
 0.01018493801	0.0 
-0.004953202148	0.0 
-0.003674428809	0.0 
 0.01570100591	0.0 
-0.03538738224	0.0 
 0.05400460686	0.0 
-0.07426517771	0.0 
 0.09292070895	0.0 
-0.1083513193	0.0 
 0.113392576	0.0 
 0.8934346082	0.0 
 0.113392576	0.0 
-0.1083513193	0.0 
 0.09292070895	0.0 
-0.07426517771	0.0 
 0.05400460686	0.0 
-0.03538738224	0.0 
 0.01570100591	0.0 
-0.003674428809	0.0 
-0.004953202148	0.0 
 0.01018493801	0.0 
-0.01193605046	0.0 
 0.01110206328	0.0 
-0.008707797196	0.0 
 0.005714316212	0.0 
-0.002874531096	0.0 
 0.0006626698594	0.0 
 0.0007312410261	0.0 
-0.001345197232	0.0 
 0.001369915982	0.0 
-0.001053996093	0.0 
 0.0006309594212	0.0 
-0.0003371408619	0.0 
-0.0002838919443	0.0 
 3.863111058e-005	0.0 
 8.630183196e-007	0.0 
-4.191309682e-006	0.0 
 2.734263289e-006	0.0 
-1.801944718e-006	0.0 
 1.492796836e-006	0.0 
 3.326564791e-007	0.0 
-2.711483925e-007	0.0 
 1.835582588e-008	0.0 
-3.981535356e-009	0.0 
0 
