# n2Phase0-L200.txt Quanterra Q330 composite FIR filter parameter file 
# 1 decimation factor 
# type			2 
# npoles		0 
# input sample rate	L200 
# decimal factor	1 
# normalization factor	1.0 
# gain factor		1 
theoretical  1  anti_alias   fir    coef_conv 
200 1 
35 
 9.37144604e-005	0.0 
 0.001737228726	0.0 
 0.0001553986048	0.0 
-0.005283459538	0.0 
 0.003083620521	0.0 
-0.003138901354	0.0 
-0.002497380738	0.0 
 0.008741416759	0.0 
-0.01650460364	0.0 
 0.02015692238	0.0 
-0.01689231241	0.0 
 0.002551662334	0.0 
 0.02329254073	0.0 
-0.05885285564	0.0 
 0.09855277392	0.0 
-0.1352299738	0.0 
 0.1606778172	0.0 
 0.8387174795	0.0 
 0.1606778172	0.0 
-0.1352299738	0.0 
 0.09855277392	0.0 
-0.05885285564	0.0 
 0.02329254073	0.0 
 0.002551662334	0.0 
-0.01689231241	0.0 
 0.02015692238	0.0 
-0.01650460364	0.0 
 0.008741416759	0.0 
-0.002497380738	0.0 
-0.003138901354	0.0 
 0.003083620521	0.0 
-0.005283459538	0.0 
 0.0001553986048	0.0 
 0.001737228726	0.0 
 9.37144604e-005	0.0 
0 
