# n2Phase0-L40.txt Quanterra Q330 composite FIR filter parameter file 
# 1 decimation factor 
# type			2 
# npoles		0 
# input sample rate	L40 
# decimal factor	1 
# normalization factor	1.0 
# gain factor		1 
theoretical  1  anti_alias   fir    coef_conv 
40 1 
39 
 2.163541262e-007	0.0 
-4.516975862e-006	0.0 
 7.414647288e-006	0.0 
 0.0004665824273	0.0 
 0.0008072821551	0.0 
-0.003550980225	0.0 
 0.001370475876	0.0 
-5.786925547e-005	0.0 
-0.004701340528	0.0 
 0.01006657792	0.0 
-0.01504451851	0.0 
 0.01604741307	0.0 
-0.01016692297	0.0 
-0.005034568124	0.0 
 0.02977296781	0.0 
-0.06158655777	0.0 
 0.09556699642	0.0 
-0.1325608831	0.0 
 0.152389976	0.0 
 0.8524244523	0.0 
 0.152389976	0.0 
-0.1325608831	0.0 
 0.09556699642	0.0 
-0.06158655777	0.0 
 0.02977296781	0.0 
-0.005034568124	0.0 
-0.01016692297	0.0 
 0.01604741307	0.0 
-0.01504451851	0.0 
 0.01006657792	0.0 
-0.004701340528	0.0 
-5.786925547e-005	0.0 
 0.001370475876	0.0 
-0.003550980225	0.0 
 0.0008072821551	0.0 
 0.0004665824273	0.0 
 7.414647288e-006	0.0 
-4.516975862e-006	0.0 
 2.163541262e-007	0.0 
0 
