# Phase0-L100.txt Quanterra Q330 composite FIR filter parameter file 
# 1 decimation factor 
# type			2 
# npoles		0 
# input sample rate	L100 
# decimal factor	1 
# normalization factor	1.0 
# gain factor		1 
theoretical  1  anti_alias   fir    coef_conv 
100 1 
65 
 3.436234235e-008	0.0 
-7.524585888e-007	0.0 
 6.96671586e-007	0.0 
 2.370381805e-006	0.0 
-3.061069215e-006	0.0 
 5.532399327e-006	0.0 
-7.938017719e-006	0.0 
 5.17416855e-006	0.0 
 3.373056842e-005	0.0 
-0.0002834513515	0.0 
-0.0003290522326	0.0 
 0.0006107599932	0.0 
-0.001021973271	0.0 
 0.001328281042	0.0 
-0.001300880086	0.0 
 0.0006969907574	0.0 
 0.0006714344838	0.0 
-0.002838126742	0.0 
 0.005615646439	0.0 
-0.00853537858	0.0 
 0.01085258432	0.0 
-0.01161582692	0.0 
 0.009803215968	0.0 
-0.004470197435	0.0 
-0.003041940305	0.0 
 0.01419292561	0.0 
-0.03566708606	0.0 
 0.05297879148	0.0 
-0.07361386371	0.0 
 0.09164471139	0.0 
-0.1067453306	0.0 
 0.1162786292	0.0 
 0.8895067394	0.0 
 0.1162786292	0.0 
-0.1067453306	0.0 
 0.09164471139	0.0 
-0.07361386371	0.0 
 0.05297879148	0.0 
-0.03566708606	0.0 
 0.01419292561	0.0 
-0.003041940305	0.0 
-0.004470197435	0.0 
 0.009803215968	0.0 
-0.01161582692	0.0 
 0.01085258432	0.0 
-0.00853537858	0.0 
 0.005615646439	0.0 
-0.002838126742	0.0 
 0.0006714344838	0.0 
 0.0006969907574	0.0 
-0.001300880086	0.0 
 0.001328281042	0.0 
-0.001021973271	0.0 
 0.0006107599932	0.0 
-0.0003290522326	0.0 
-0.0002834513515	0.0 
 3.373056842e-005	0.0 
 5.17416855e-006	0.0 
-7.938017719e-006	0.0 
 5.532399327e-006	0.0 
-3.061069215e-006	0.0 
 2.370381805e-006	0.0 
 6.96671586e-007	0.0 
-7.524585888e-007	0.0 
 3.436234232e-008	0.0 
0 
