# Phase0-L40.txt Quanterra Q330 composite FIR filter parameter file 
# 1 decimation factor 
# type			2 
# npoles		0 
# input sample rate	L40 
# decimal factor	1 
# normalization factor	1.0 
# gain factor		1 
theoretical  1  anti_alias   fir    coef_conv 
40 1 
39 
 2.163531603e-007	0.0 
-4.515209078e-006	0.0 
 7.415735242e-006	0.0 
 0.0004665824585	0.0 
 0.0008072824427	0.0 
-0.003550980449	0.0 
 0.001370475828	0.0 
-5.78650808e-005	0.0 
-0.004701340364	0.0 
 0.01006657793	0.0 
-0.01504451847	0.0 
 0.01604741303	0.0 
-0.01016692273	0.0 
-0.005034567875	0.0 
 0.02977296786	0.0 
-0.06158655782	0.0 
 0.09556699647	0.0 
-0.1325608832	0.0 
 0.152389976	0.0 
 0.8524244523	0.0 
 0.152389976	0.0 
-0.1325608832	0.0 
 0.09556699647	0.0 
-0.06158655782	0.0 
 0.02977296786	0.0 
-0.005034567875	0.0 
-0.01016692273	0.0 
 0.01604741303	0.0 
-0.01504451847	0.0 
 0.01006657793	0.0 
-0.004701340364	0.0 
-5.78650808e-005	0.0 
 0.001370475828	0.0 
-0.003550980449	0.0 
 0.0008072824427	0.0 
 0.0004665824585	0.0 
 7.415735242e-006	0.0 
-4.515209078e-006	0.0 
 2.163531603e-007	0.0 
0 
