# Qx80 Quanterra FIR filter parameter file
# Nikolaus Horn, 23.5.2001
# using information from Bob Busby
# stages used in 1990/06/16 firmware
# stage 5 of 5120/320/80/40/20/10/1
#
# input sample interval 20
# decimation factor 2
# number of coefficients	64
# normalization factor  1.0
# gain factor           1.0
theoretical  5  anti_alias   fir    qdp380 
20 2 
64
 2.88049545e-04 0.0
 1.55313976e-03 0.0
 2.98230513e-03 0.0
 2.51714466e-03 0.0
-5.02926821E-04 0.0
-2.81205843e-03 0.0
-8.08708369e-04 0.0
 3.21542984e-03 0.0
 2.71266000e-03 0.0
-2.91550322E-03 0.0
-5.09429071e-03 0.0
 1.33933034e-03 0.0
 7.40034366e-03 0.0
 1.82796526e-03 0.0
-8.81958286E-03 0.0
-6.56719319e-03 0.0
 8.38608573e-03 0.0
 1.24268681e-02 0.0
-5.12978853e-03 0.0
-1.84868593E-02 0.0
-1.79236766e-03 0.0
 2.33604181e-02 0.0
 1.30477296e-02 0.0
-2.51709446e-02 0.0
-2.93134767E-02 0.0
 2.12669298e-02 0.0
 5.21898977e-02 0.0
-6.61517353e-03 0.0
-8.83535221e-02 0.0
-3.66062373E-02 0.0
 1.86273292e-01 0.0
 4.03764486e-01 0.0
 4.03764486e-01 0.0
 1.86273292e-01 0.0
-3.66062373E-02 0.0
-8.83535221e-02 0.0
-6.61517353e-03 0.0
 5.21898977e-02 0.0
 2.12669298e-02 0.0
-2.93134767E-02 0.0
-2.51709446e-02 0.0
 1.30477296e-02 0.0
 2.33604181e-02 0.0
-1.79236766e-03 0.0
-1.84868593E-02 0.0
-5.12978853e-03 0.0
 1.24268681e-02 0.0
 8.38608573e-03 0.0
-6.56719319e-03 0.0
-8.81958286E-03 0.0
 1.82796526e-03 0.0
 7.40034366e-03 0.0
 1.33933034e-03 0.0
-5.09429071e-03 0.0
-2.91550322E-03 0.0
 2.71266000e-03 0.0
 3.21542984e-03 0.0
-8.08708369e-04 0.0
-2.81205843e-03 0.0
-5.02926821E-04 0.0
 2.51714466e-03 0.0
 2.98230513e-03 0.0
 1.55313976e-03 0.0
 2.88049545E-04 0.0
0
