# Qx80 Quanterra FIR filter parameter file
# Nikolaus Horn, 23.5.2001
# using information from Bob Busby
# stages used in 1992/08/12 firmware
# stage 1 of 5120/320/80/40/20/10/1
#
# input sample interval 5120
# decimation factor 16
# number of coefficients	64
# normalization factor  1.0
# gain factor           1.0
theoretical  1  anti_alias   fir    qdpk805 
5120 16
64
-1.11328112E-03 0.0
-1.00800209E-03 0.0
-1.35286082E-03 0.0
-1.73045369E-03 0.0
-2.08418001E-03 0.0
-2.38537718E-03 0.0
-2.60955630E-03 0.0
-2.73352256E-03 0.0
-2.73316190E-03 0.0
-2.58472445E-03 0.0
-2.26411712E-03 0.0
-1.74846814E-03 0.0
-1.01403310E-03 0.0
-3.51681737E-05 0.0
 1.23782025E-03 0.0
 3.15983174E-03 0.0
 6.99944980E-03 0.0
 9.09959897E-03 0.0
 1.25423642E-02 0.0
 1.63123012E-02 0.0
 2.02632397E-02 0.0
 2.43172608E-02 0.0
 2.84051094E-02 0.0
 3.24604138E-02 0.0
 3.64142842E-02 0.0
 4.01987396E-02 0.0
 4.37450483E-02 0.0
 4.69873249E-02 0.0
 4.98572923E-02 0.0
 5.22795729E-02 0.0
 5.41139580E-02 0.0
 5.43902851E-02 0.0
 5.43902851E-02 0.0
 5.41139580E-02 0.0
 5.22795729E-02 0.0
 4.98572923E-02 0.0
 4.69873249E-02 0.0
 4.37450483E-02 0.0
 4.01987396E-02 0.0
 3.64142842E-02 0.0
 3.24604138E-02 0.0
 2.84051094E-02 0.0
 2.43172608E-02 0.0
 2.02632397E-02 0.0
 1.63123012E-02 0.0
 1.25423642E-02 0.0
 9.09959897E-03 0.0
 6.99944980E-03 0.0
 3.15983174E-03 0.0
 1.23782025E-03 0.0
-3.51681737E-05 0.0
-1.01403310E-03 0.0
-1.74846814E-03 0.0
-2.26411712E-03 0.0
-2.58472445E-03 0.0
-2.73316190E-03 0.0
-2.73352256E-03 0.0
-2.60955630E-03 0.0
-2.38537718E-03 0.0
-2.08418001E-03 0.0
-1.73045369E-03 0.0
-1.35286082E-03 0.0
-1.00800209E-03 0.0
-1.11328112E-03 0.0
0
