# Qx80 Quanterra FIR filter parameter file
# Nikolaus Horn, 23.5.2001
# using information from Bob Busby
# stages used in 1992/08/12 firmware
# stage 6 of 5120/320/80/40/20/10/1
# using float arithmetic
#
# input sample interval 10
# decimation factor 10
# number of coefficients	256
# normalization factor  1.0
# gain factor           1.0
theoretical  6  anti_alias   fir    qdpk805 
10 10
256
-3.31808259e-05 0.0
-3.35439217e-05 0.0
-4.82371906e-05 0.0
-6.49959692e-05 0.0
-8.30358038E-05 0.0
-1.01245714e-04 0.0
-1.18189382e-04 0.0
-1.32183893e-04 0.0
-1.41376397e-04 0.0
-1.43858197E-04 0.0
-1.37814015e-04 0.0
-1.21701065e-04 0.0
-9.43812700e-05 0.0
-5.53426252e-05 0.0
-4.81855158E-06 0.0
 5.61101150e-05 0.0
 1.25405466e-04 0.0
 2.00132388e-04 0.0
 2.76466715e-04 0.0
 3.49889713E-04 0.0
 4.15386312e-04 0.0
 4.67754696e-04 0.0
 5.01943810e-04 0.0
 5.13451814e-04 0.0
 4.98714158E-04 0.0
 4.55493253e-04 0.0
 3.83213133e-04 0.0
 2.83200003e-04 0.0
 1.58837138e-04 0.0
 1.55632479E-05 0.0
-1.39264681e-04 0.0
-2.96663784e-04 0.0
-4.46488469e-04 0.0
-5.78007369e-04 0.0
-6.80609839E-04 0.0
-7.44561256e-04 0.0
-7.61791132e-04 0.0
-7.26631609e-04 0.0
-6.36476674e-04 0.0
-4.92271443E-04 0.0
-2.98808066e-04 0.0
-6.47669585e-05 0.0
 1.97518951e-04 0.0
 4.72575745e-04 0.0
 7.42585164E-04 0.0
 9.88417305e-04 0.0
 1.19085843e-03 0.0
 1.33196066e-03 0.0
 1.39642158e-03 0.0
 1.37290347E-03 0.0
 1.25518581e-03 0.0
 1.04305975e-03 0.0
 7.42868578e-04 0.0
 3.67638306e-04 0.0
-6.32654918E-05 0.0
-5.24949573e-04 0.0
-9.88272832e-04 0.0
-1.42153236e-03 0.0
-1.79246883e-03 0.0
-2.07048119E-03 0.0
-2.22890312e-03 0.0
-2.24718707e-03 0.0
-2.11283634e-03 0.0
-1.82292564e-03 0.0
-1.38506980E-03 0.0
-8.17732012e-04 0.0
-1.49794796e-04 0.0
 5.80632651e-04 0.0
 1.32813945e-03 0.0
 2.04260158E-03 0.0
 2.67229043e-03 0.0
 3.16733448e-03 0.0
 3.48331313e-03 0.0
 3.58474464e-03 0.0
 3.44821577E-03 0.0
 3.06491274e-03 0.0
 2.44233082e-03 0.0
 1.60498975e-03 0.0
 5.94030018e-04 0.0
-5.34360820E-04 0.0
-1.71166786e-03 0.0
-2.86081154e-03 0.0
-3.90077033e-03 0.0
-4.75180847e-03 0.0
-5.34100132E-03 0.0
-5.60769997e-03 0.0
-5.50856860e-03 0.0
-5.02182450e-03 0.0
-4.15033754e-03 0.0
-2.92331539E-03 0.0
-1.39635056e-03 0.0
 3.50275338e-04 0.0
 2.21504341e-03 0.0
 4.08029789e-03 0.0
 5.81877865E-03 0.0
 7.30125745e-03 0.0
 8.40486213e-03 0.0
 9.02161467e-03 0.0
 9.06663666e-03 0.0
 8.48551559E-03 0.0
 7.26029043e-03 0.0
 5.41362958e-03 0.0
 3.01081105e-03 0.0
 1.59275558e-04 0.0
-2.99437646E-03 0.0
-6.26990012e-03 0.0
-9.46124735e-03 0.0
-1.23463925e-02 0.0
-1.46986684e-02 0.0
-1.62990372E-02 0.0
-1.69486161e-02 0.0
-1.64807700e-02 0.0
-1.47720501e-02 0.0
-1.17513221e-02 0.0
-7.40648619E-03 0.0
-1.78834004e-03 0.0
 4.98875230e-03 0.0
 1.27495108e-02 0.0
 2.12636795e-02 0.0
 3.02550234E-02 0.0
 3.94129790e-02 0.0
 4.84063886e-02 0.0
 5.68986311e-02 0.0
 6.45633786e-02 0.0
 7.11001083E-02 0.0
 7.62486084e-02 0.0
 7.98016488e-02 0.0
 8.16151052e-02 0.0
 8.16151052e-02 0.0
 7.98016488E-02 0.0
 7.62486084e-02 0.0
 7.11001083e-02 0.0
 6.45633786e-02 0.0
 5.68986311e-02 0.0
 4.84063886E-02 0.0
 3.94129790e-02 0.0
 3.02550234e-02 0.0
 2.12636795e-02 0.0
 1.27495108e-02 0.0
 4.98875230E-03 0.0
-1.78834004e-03 0.0
-7.40648619e-03 0.0
-1.17513221e-02 0.0
-1.47720501e-02 0.0
-1.64807700E-02 0.0
-1.69486161e-02 0.0
-1.62990372e-02 0.0
-1.46986684e-02 0.0
-1.23463925e-02 0.0
-9.46124735E-03 0.0
-6.26990012e-03 0.0
-2.99437646e-03 0.0
 1.59275558e-04 0.0
 3.01081105e-03 0.0
 5.41362958E-03 0.0
 7.26029043e-03 0.0
 8.48551559e-03 0.0
 9.06663666e-03 0.0
 9.02161467e-03 0.0
 8.40486213E-03 0.0
 7.30125745e-03 0.0
 5.81877865e-03 0.0
 4.08029789e-03 0.0
 2.21504341e-03 0.0
 3.50275338E-04 0.0
-1.39635056e-03 0.0
-2.92331539e-03 0.0
-4.15033754e-03 0.0
-5.02182450e-03 0.0
-5.50856860E-03 0.0
-5.60769997e-03 0.0
-5.34100132e-03 0.0
-4.75180847e-03 0.0
-3.90077033e-03 0.0
-2.86081154E-03 0.0
-1.71166786e-03 0.0
-5.34360820e-04 0.0
 5.94030018e-04 0.0
 1.60498975e-03 0.0
 2.44233082E-03 0.0
 3.06491274e-03 0.0
 3.44821577e-03 0.0
 3.58474464e-03 0.0
 3.48331313e-03 0.0
 3.16733448E-03 0.0
 2.67229043e-03 0.0
 2.04260158e-03 0.0
 1.32813945e-03 0.0
 5.80632651e-04 0.0
-1.49794796E-04 0.0
-8.17732012e-04 0.0
-1.38506980e-03 0.0
-1.82292564e-03 0.0
-2.11283634e-03 0.0
-2.24718707E-03 0.0
-2.22890312e-03 0.0
-2.07048119e-03 0.0
-1.79246883e-03 0.0
-1.42153236e-03 0.0
-9.88272832E-04 0.0
-5.24949573e-04 0.0
-6.32654918e-05 0.0
 3.67638306e-04 0.0
 7.42868578e-04 0.0
 1.04305975E-03 0.0
 1.25518581e-03 0.0
 1.37290347e-03 0.0
 1.39642158e-03 0.0
 1.33196066e-03 0.0
 1.19085843E-03 0.0
 9.88417305e-04 0.0
 7.42585164e-04 0.0
 4.72575745e-04 0.0
 1.97518951e-04 0.0
-6.47669585E-05 0.0
-2.98808066e-04 0.0
-4.92271443e-04 0.0
-6.36476674e-04 0.0
-7.26631609e-04 0.0
-7.61791132E-04 0.0
-7.44561256e-04 0.0
-6.80609839e-04 0.0
-5.78007369e-04 0.0
-4.46488469e-04 0.0
-2.96663784E-04 0.0
-1.39264681e-04 0.0
 1.55632479e-05 0.0
 1.58837138e-04 0.0
 2.83200003e-04 0.0
 3.83213133E-04 0.0
 4.55493253e-04 0.0
 4.98714158e-04 0.0
 5.13451814e-04 0.0
 5.01943810e-04 0.0
 4.67754696E-04 0.0
 4.15386312e-04 0.0
 3.49889713e-04 0.0
 2.76466715e-04 0.0
 2.00132388e-04 0.0
 1.25405466E-04 0.0
 5.61101150e-05 0.0
-4.81855158e-06 0.0
-5.53426252e-05 0.0
-9.43812700e-05 0.0
-1.21701065E-04 0.0
-1.37814015e-04 0.0
-1.43858197e-04 0.0
-1.41376397e-04 0.0
-1.32183893e-04 0.0
-1.18189382E-04 0.0
-1.01245714e-04 0.0
-8.30358038e-05 0.0
-6.49959692e-05 0.0
-4.82371906e-05 0.0
-3.35439217E-05 0.0
-3.31808259E-05 0.0
0
