# Qx80 Quanterra FIR filter parameter file
# Nikolaus Horn, 23.5.2001
# using information from Bob Busby
# stages used in 1992/08/12 firmware
# stage 2 of 5120/320/80/40/20/10/1
#
# input sample interval 320
# decimation factor 4
# number of coefficients	72
# normalization factor  1.0
# gain factor           1.0
theoretical  2  anti_alias   fir    qdpk805 
320 4
72
 1.50487336e-04 0.0
 3.05924157e-04 0.0
 4.42948687e-04 0.0
 3.87117383e-04 0.0
-4.73786931E-05 0.0
-9.70771827e-04 0.0
-2.30317097e-03 0.0
-3.70637676e-03 0.0
-4.62504662e-03 0.0
-4.46480140E-03 0.0
-2.86984467e-03 0.0
 7.00860891e-06 0.0
 3.38519946e-03 0.0
 6.00352836e-03 0.0
 6.55093602E-03 0.0
 4.25995188e-03 0.0
-5.76023943e-04 0.0
-6.43416447e-03 0.0
-1.09213749e-02 0.0
-1.16364118E-02 0.0
-7.26515194e-03 0.0
 1.53727445e-03 0.0
 1.19331051e-02 0.0
 1.96156967e-02 0.0
 2.03516278E-02 0.0
 1.18680289e-02 0.0
-4.64369030e-03 0.0
-2.41125356e-02 0.0
-3.86382937e-02 0.0
-3.98499220E-02 0.0
-2.18683947e-02 0.0
 1.61612257e-02 0.0
 6.89623653e-02 0.0
 1.26003325e-01 0.0
 1.74229354E-01 0.0
 2.01834172e-01 0.0
 2.01834172e-01 0.0
 1.74229354e-01 0.0
 1.26003325e-01 0.0
 6.89623653E-02 0.0
 1.61612257e-02 0.0
-2.18683947e-02 0.0
-3.98499220e-02 0.0
-3.86382937e-02 0.0
-2.41125356E-02 0.0
-4.64369030e-03 0.0
 1.18680289e-02 0.0
 2.03516278e-02 0.0
 1.96156967e-02 0.0
 1.19331051E-02 0.0
 1.53727445e-03 0.0
-7.26515194e-03 0.0
-1.16364118e-02 0.0
-1.09213749e-02 0.0
-6.43416447E-03 0.0
-5.76023943e-04 0.0
 4.25995188e-03 0.0
 6.55093602e-03 0.0
 6.00352836e-03 0.0
 3.38519946E-03 0.0
 7.00860891e-06 0.0
-2.86984467e-03 0.0
-4.46480140e-03 0.0
-4.62504662e-03 0.0
-3.70637676E-03 0.0
-2.30317097e-03 0.0
-9.70771827e-04 0.0
-4.73786931e-05 0.0
 3.87117383e-04 0.0
 4.42948687E-04 0.0
 3.05924157e-04 0.0
 1.50487336E-04 0.0
0
