# ULP Quanterra FIR linear phase filter parameter file 
# 10 decimation factor 
# type			2 
# npoles		0 
# input sample interval	1.0e-03 
# decimation factor	10 
# normalization factor	1.0 
# gain factor		1.0 
theoretical  1  anti_alias   fir    coef_conv 
1000 10 199.5
400 
-1.28828092E-09	0.0 
 9.14503405E-09	0.0 
 2.87476904E-08	0.0 
 7.11241767E-08	0.0 
 1.51310061E-07	0.0 
 2.91624161E-07	0.0 
 5.23189498E-07	0.0 
 8.87843213E-07	0.0 
 1.44005162E-06	0.0 
 2.24865971E-06	0.0 
 3.39826488E-06	0.0 
 4.98999634E-06	0.0 
 7.14144197E-06	0.0 
 9.98547874E-06	0.0 
 1.36677381E-05	0.0 
 1.83425054E-05	0.0 
 2.41668694E-05	0.0 
 3.12930642E-05	0.0 
 3.98589945E-05	0.0 
 4.99771267E-05	0.0 
 6.17220211E-05	0.0 
 7.51170082E-05	0.0 
 9.01205857E-05	0.0 
 1.06613370E-04	0.0 
 1.24386483E-04	0.0 
 1.43132449E-04	0.0 
 1.62439595E-04	0.0 
 1.81791096E-04	0.0 
 2.00569513E-04	0.0 
 2.18067856E-04	0.0 
 2.33507438E-04	0.0 
 2.46062962E-04	0.0 
 2.54894577E-04	0.0 
 2.59186228E-04	0.0 
 2.58189102E-04	0.0 
 2.51268851E-04	0.0 
 2.37953820E-04	0.0 
 2.17982247E-04	0.0 
 1.91345360E-04	0.0 
 1.58323091E-04	0.0 
 1.19509517E-04	0.0 
 7.58249953E-05	0.0 
 2.85122951E-05	0.0 
-2.08851106E-05	0.0 
-7.05638885E-05	0.0 
-1.18520940E-04	0.0 
-1.62631870E-04	0.0 
-2.00745591E-04	0.0 
-2.30791746E-04	0.0 
-2.50896090E-04	0.0 
-2.59498571E-04	0.0 
-2.55466904E-04	0.0 
-2.38199442E-04	0.0 
-2.07709323E-04	0.0 
-1.64683297E-04	0.0 
-1.10509143E-04	0.0 
-4.72663596E-05	0.0 
 2.23230290E-05	0.0 
 9.49848763E-05	0.0 
 1.67023521E-04	0.0 
 2.34488980E-04	0.0 
 2.93374469E-04	0.0 
 3.39835649E-04	0.0 
 3.70420748E-04	0.0 
 3.82298807E-04	0.0 
 3.73472488E-04	0.0 
 3.42961138E-04	0.0 
 2.90940603E-04	0.0 
 2.18827306E-04	0.0 
 1.29296604E-04	0.0 
 2.62285666E-05	0.0 
-8.54221797E-05	0.0 
-1.99831178E-04	0.0 
-3.10577452E-04	0.0 
-4.10974869E-04	0.0 
-4.94446256E-04	0.0 
-5.54921105E-04	0.0 
-5.87234622E-04	0.0 
-5.87504298E-04	0.0 
-5.53458347E-04	0.0 
-4.84693009E-04	0.0 
-3.82836529E-04	0.0 
-2.51602934E-04	0.0 
-9.67231389E-05	0.0 
 7.42515621E-05	0.0 
 2.52271566E-04	0.0 
 4.27226506E-04	0.0 
 5.88479800E-04	0.0 
 7.25475081E-04	0.0 
 8.28381569E-04	0.0 
 8.88742855E-04	0.0 
 9.00087353E-04	0.0 
 8.58461483E-04	0.0 
 7.62846262E-04	0.0 
 6.15422613E-04	0.0 
 4.21659147E-04	0.0 
 1.90203253E-04	0.0 
-6.74309048E-05	0.0 
-3.37372737E-04	0.0 
-6.04086031E-04	0.0 
-8.51209566E-04	0.0 
-1.06250588E-03	0.0 
-1.22286635E-03	0.0 
-1.31931377E-03	0.0 
-1.34193967E-03	0.0 
-1.28471490E-03	0.0 
-1.14611199E-03	0.0 
-9.29490662E-04	0.0 
-6.43205188E-04	0.0 
-3.00409156E-04	0.0 
 8.14499435E-05	0.0 
 4.81434777E-04	0.0 
 8.76190140E-04	0.0 
 1.24123308E-03	0.0 
 1.55239471E-03	0.0 
 1.78733305E-03	0.0 
 1.92702783E-03	0.0 
 1.95716135E-03	0.0 
 1.86929386E-03	0.0 
 1.66174676E-03	0.0 
 1.34011928E-03	0.0 
 9.17386088E-04	0.0 
 4.13541769E-04	0.0 
-1.45211466E-04	0.0 
-7.27711361E-04	0.0 
-1.29946659E-03	0.0 
-1.82459201E-03	0.0 
-2.26794835E-03	0.0 
-2.59736110E-03	0.0 
-2.78579164E-03	0.0 
-2.81331502E-03	0.0 
-2.66877771E-03	0.0 
-2.35100835E-03	0.0 
-1.86948047E-03	0.0 
-1.24435790E-03	0.0 
-5.05877833E-04	0.0 
 3.06923466E-04	0.0 
 1.14810548E-03	0.0 
 1.96725572E-03	0.0 
 2.71234126E-03	0.0 
 3.33282724E-03	0.0 
 3.78288654E-03	0.0 
 4.02450701E-03	0.0 
 4.03029890E-03	0.0 
 3.78581485E-03	0.0 
 3.29120969E-03	0.0 
 2.56210216E-03	0.0 
 1.62953662E-03	0.0 
 5.39001426E-04	0.0 
-6.51497160E-04	0.0 
-1.87423802E-03	0.0 
-3.05534713E-03	0.0 
-4.11894545E-03	0.0 
-4.99166501E-03	0.0 
-5.60728460E-03	0.0 
-5.91120961E-03	0.0 
-5.86451776E-03	0.0 
-5.44730760E-03	0.0 
-4.66110836E-03	0.0 
-3.53014865E-03	0.0 
-2.10134988E-03	0.0 
-4.42970165E-04	0.0 
 1.35810394E-03	0.0 
 3.20033333E-03	0.0 
 4.97261155E-03	0.0 
 6.56023062E-03	0.0 
 7.85143300E-03	0.0 
 8.74420720E-03	0.0 
 9.15295816E-03	0.0 
 9.01466794E-03	0.0 
 8.29416885E-03	0.0 
 6.98819290E-03	0.0 
 5.12791099E-03	0.0 
 2.77973572E-03	0.0 
 4.42597047E-05	0.0 
-2.94670439E-03	0.0 
-6.03491859E-03	0.0 
-9.04218107E-03	0.0 
-1.17781861E-02	0.0 
-1.40494322E-02	0.0 
-1.56687591E-02	0.0 
-1.64650455E-02	0.0 
-1.62925646E-02	0.0 
-1.50395213E-02	0.0 
-1.26352794E-02	0.0 
-9.05589386E-03	0.0 
-4.32758638E-03	0.0 
 1.47205416E-03	0.0 
 8.21529421E-03	0.0 
 1.57279000E-02	0.0 
 2.37950831E-02	0.0 
 3.21695320E-02	0.0 
 4.05811667E-02	0.0 
 4.87481765E-02	0.0 
 5.63888475E-02	0.0 
 6.32336214E-02	0.0 
 6.90367594E-02	0.0 
 7.35871717E-02	0.0 
 7.67176896E-02	0.0 
 7.83125534E-02	0.0 
 7.83125534E-02	0.0 
 7.67176896E-02	0.0 
 7.35871717E-02	0.0 
 6.90367594E-02	0.0 
 6.32336214E-02	0.0 
 5.63888475E-02	0.0 
 4.87481765E-02	0.0 
 4.05811667E-02	0.0 
 3.21695320E-02	0.0 
 2.37950831E-02	0.0 
 1.57279000E-02	0.0 
 8.21529421E-03	0.0 
 1.47205416E-03	0.0 
-4.32758638E-03	0.0 
-9.05589386E-03	0.0 
-1.26352794E-02	0.0 
-1.50395213E-02	0.0 
-1.62925646E-02	0.0 
-1.64650455E-02	0.0 
-1.56687591E-02	0.0 
-1.40494322E-02	0.0 
-1.17781861E-02	0.0 
-9.04218107E-03	0.0 
-6.03491859E-03	0.0 
-2.94670439E-03	0.0 
 4.42597047E-05	0.0 
 2.77973572E-03	0.0 
 5.12791099E-03	0.0 
 6.98819290E-03	0.0 
 8.29416885E-03	0.0 
 9.01466794E-03	0.0 
 9.15295816E-03	0.0 
 8.74420720E-03	0.0 
 7.85143300E-03	0.0 
 6.56023062E-03	0.0 
 4.97261155E-03	0.0 
 3.20033333E-03	0.0 
 1.35810394E-03	0.0 
-4.42970165E-04	0.0 
-2.10134988E-03	0.0 
-3.53014865E-03	0.0 
-4.66110836E-03	0.0 
-5.44730760E-03	0.0 
-5.86451776E-03	0.0 
-5.91120961E-03	0.0 
-5.60728460E-03	0.0 
-4.99166501E-03	0.0 
-4.11894545E-03	0.0 
-3.05534713E-03	0.0 
-1.87423802E-03	0.0 
-6.51497160E-04	0.0 
 5.39001426E-04	0.0 
 1.62953662E-03	0.0 
 2.56210216E-03	0.0 
 3.29120969E-03	0.0 
 3.78581485E-03	0.0 
 4.03029890E-03	0.0 
 4.02450701E-03	0.0 
 3.78288654E-03	0.0 
 3.33282724E-03	0.0 
 2.71234126E-03	0.0 
 1.96725572E-03	0.0 
 1.14810548E-03	0.0 
 3.06923466E-04	0.0 
-5.05877833E-04	0.0 
-1.24435790E-03	0.0 
-1.86948047E-03	0.0 
-2.35100835E-03	0.0 
-2.66877771E-03	0.0 
-2.81331502E-03	0.0 
-2.78579164E-03	0.0 
-2.59736110E-03	0.0 
-2.26794835E-03	0.0 
-1.82459201E-03	0.0 
-1.29946659E-03	0.0 
-7.27711361E-04	0.0 
-1.45211466E-04	0.0 
 4.13541769E-04	0.0 
 9.17386088E-04	0.0 
 1.34011928E-03	0.0 
 1.66174676E-03	0.0 
 1.86929386E-03	0.0 
 1.95716135E-03	0.0 
 1.92702783E-03	0.0 
 1.78733305E-03	0.0 
 1.55239471E-03	0.0 
 1.24123308E-03	0.0 
 8.76190140E-04	0.0 
 4.81434777E-04	0.0 
 8.14499435E-05	0.0 
-3.00409156E-04	0.0 
-6.43205188E-04	0.0 
-9.29490662E-04	0.0 
-1.14611199E-03	0.0 
-1.28471490E-03	0.0 
-1.34193967E-03	0.0 
-1.31931377E-03	0.0 
-1.22286635E-03	0.0 
-1.06250588E-03	0.0 
-8.51209566E-04	0.0 
-6.04086031E-04	0.0 
-3.37372737E-04	0.0 
-6.74309048E-05	0.0 
 1.90203253E-04	0.0 
 4.21659147E-04	0.0 
 6.15422613E-04	0.0 
 7.62846262E-04	0.0 
 8.58461483E-04	0.0 
 9.00087353E-04	0.0 
 8.88742855E-04	0.0 
 8.28381569E-04	0.0 
 7.25475081E-04	0.0 
 5.88479800E-04	0.0 
 4.27226506E-04	0.0 
 2.52271566E-04	0.0 
 7.42515621E-05	0.0 
-9.67231389E-05	0.0 
-2.51602934E-04	0.0 
-3.82836529E-04	0.0 
-4.84693009E-04	0.0 
-5.53458347E-04	0.0 
-5.87504298E-04	0.0 
-5.87234622E-04	0.0 
-5.54921105E-04	0.0 
-4.94446256E-04	0.0 
-4.10974869E-04	0.0 
-3.10577452E-04	0.0 
-1.99831178E-04	0.0 
-8.54221797E-05	0.0 
 2.62285666E-05	0.0 
 1.29296604E-04	0.0 
 2.18827306E-04	0.0 
 2.90940603E-04	0.0 
 3.42961138E-04	0.0 
 3.73472488E-04	0.0 
 3.82298807E-04	0.0 
 3.70420748E-04	0.0 
 3.39835649E-04	0.0 
 2.93374469E-04	0.0 
 2.34488980E-04	0.0 
 1.67023521E-04	0.0 
 9.49848763E-05	0.0 
 2.23230290E-05	0.0 
-4.72663596E-05	0.0 
-1.10509143E-04	0.0 
-1.64683297E-04	0.0 
-2.07709323E-04	0.0 
-2.38199442E-04	0.0 
-2.55466904E-04	0.0 
-2.59498571E-04	0.0 
-2.50896090E-04	0.0 
-2.30791746E-04	0.0 
-2.00745591E-04	0.0 
-1.62631870E-04	0.0 
-1.18520940E-04	0.0 
-7.05638885E-05	0.0 
-2.08851106E-05	0.0 
 2.85122951E-05	0.0 
 7.58249953E-05	0.0 
 1.19509517E-04	0.0 
 1.58323091E-04	0.0 
 1.91345360E-04	0.0 
 2.17982247E-04	0.0 
 2.37953820E-04	0.0 
 2.51268851E-04	0.0 
 2.58189102E-04	0.0 
 2.59186228E-04	0.0 
 2.54894577E-04	0.0 
 2.46062962E-04	0.0 
 2.33507438E-04	0.0 
 2.18067856E-04	0.0 
 2.00569513E-04	0.0 
 1.81791096E-04	0.0 
 1.62439595E-04	0.0 
 1.43132449E-04	0.0 
 1.24386483E-04	0.0 
 1.06613370E-04	0.0 
 9.01205857E-05	0.0 
 7.51170082E-05	0.0 
 6.17220211E-05	0.0 
 4.99771267E-05	0.0 
 3.98589945E-05	0.0 
 3.12930642E-05	0.0 
 2.41668694E-05	0.0 
 1.83425054E-05	0.0 
 1.36677381E-05	0.0 
 9.98547874E-06	0.0 
 7.14144197E-06	0.0 
 4.98999634E-06	0.0 
 3.39826488E-06	0.0 
 2.24865971E-06	0.0 
 1.44005162E-06	0.0 
 8.87843213E-07	0.0 
 5.23189498E-07	0.0 
 2.91624161E-07	0.0 
 1.51310061E-07	0.0 
 7.11241767E-08	0.0 
 2.87476904E-08	0.0 
 9.14503405E-09	0.0 
-1.28828092E-09	0.0 
0 
