# ULP379 Quanterra FIR linear phase filter parameter file 
# 10 decimation factor DELAY=189 
# type			2 
# npoles		0 
# input sample interval	1.0e+01 
# decimation factor	10 
# normalization factor	1.0 
# gain factor		1.0 
theoretical  1  anti_alias   fir    coef_conv 
1000 10 189
379 
1.026451784988E-08	0.0 
1.180827438263E-08	0.0 
1.222270072841E-08	0.0 
1.784569043697E-09	0.0 
-3.171089438061E-08	0.0 
-1.077291467270E-07	0.0 
-2.554953559066E-07	0.0 
-5.168406471238E-07	0.0 
-9.492918609426E-07	0.0 
-1.629243835370E-06	0.0 
-2.654991487515E-06	0.0 
-4.149339231814E-06	0.0 
-6.261453784789E-06	0.0 
-9.167581524892E-06	0.0 
-1.307022327112E-05	0.0 
-1.819535922437E-05	0.0 
-2.478735261764E-05	0.0 
-3.310122477396E-05	0.0 
-4.339209432774E-05	0.0 
-5.590172080761E-05	0.0 
-7.084228458081E-05	0.0 
-8.837774901527E-05	0.0 
-1.086033867683E-04	0.0 
-1.315243117997E-04	0.0 
-1.570341146662E-04	0.0 
-1.848949188490E-04	0.0 
-2.147203583052E-04	0.0 
-2.459631087719E-04	0.0 
-2.779086352362E-04	0.0 
-3.096767386907E-04	0.0 
-3.402323135044E-04	0.0 
-3.684064187493E-04	0.0 
-3.929283049387E-04	0.0 
-4.124684933983E-04	0.0 
-4.256923594327E-04	0.0 
-4.313229018453E-04	0.0 
-4.282106262745E-04	0.0 
-4.154077269900E-04	0.0 
-3.922429908564E-04	0.0 
-3.583933008473E-04	0.0 
-3.139471951601E-04	0.0 
-2.594556781198E-04	0.0 
-1.959656613106E-04	0.0 
-1.250316495320E-04	0.0 
-4.870211218377E-05	0.0 
3.052211243450E-05	0.0 
1.097586447595E-04	0.0 
1.858433664932E-04	0.0 
2.554571595010E-04	0.0 
3.152757039169E-04	0.0 
3.621366034745E-04	0.0 
3.932163833021E-04	0.0 
4.062084327728E-04	0.0 
3.994918660218E-04	0.0 
3.722806580722E-04	0.0 
3.247423843257E-04	0.0 
2.580765172940E-04	0.0 
1.745435403532E-04	0.0 
7.743812787763E-05	0.0 
-2.899773516609E-05	0.0 
-1.397226672272E-04	0.0 
-2.491022698159E-04	0.0 
-3.511676454733E-04	0.0 
-4.399159776456E-04	0.0 
-5.096395949121E-04	0.0 
-5.552669179358E-04	0.0 
-5.726963932934E-04	0.0 
-5.591031729212E-04	0.0 
-5.131980615309E-04	0.0 
-4.354192598725E-04	0.0 
-3.280397408896E-04	0.0 
-1.951766613779E-04	0.0 
-4.269394694667E-05	0.0 
1.220050996668E-04	0.0 
2.902919216533E-04	0.0 
4.527235473565E-04	0.0 
5.995334002354E-04	0.0 
7.211790815244E-04	0.0 
8.089187416563E-04	0.0 
8.553836106716E-04	0.0 
8.551118755616E-04	0.0 
8.050086636132E-04	0.0 
7.046986521457E-04	0.0 
5.567417551315E-04	0.0 
3.666884759904E-04	0.0 
1.429595323193E-04	0.0 
-1.034559890014E-04	0.0 
-3.594789754338E-04	0.0 
-6.105789107604E-04	0.0 
-8.415454811974E-04	0.0 
-1.037355654481E-03	0.0 
-1.184090091542E-03	0.0 
-1.269846355483E-03	0.0 
-1.285592795306E-03	0.0 
-1.225906639409E-03	0.0 
-1.089542985518E-03	0.0 
-8.797880768168E-04	0.0 
-6.045603413930E-04	0.0 
-2.762357484243E-04	0.0 
8.881051943921E-05	0.0 
4.709370574344E-04	0.0 
8.482172520524E-04	0.0 
1.197624514067E-03	0.0 
1.496362338092E-03	0.0 
1.723266866410E-03	0.0 
1.860200354469E-03	0.0 
1.893349127932E-03	0.0 
1.814339889434E-03	0.0 
1.621093889591E-03	0.0 
1.318349511609E-03	0.0 
9.177999012550E-04	0.0 
4.378127047711E-04	0.0 
-9.727724235811E-05	0.0 
-6.582855701364E-04	0.0 
-1.212663227346E-03	0.0 
-1.726279974542E-03	0.0 
-2.165415224119E-03	0.0 
-2.498846476193E-03	0.0 
-2.699912806241E-03	0.0 
-2.748424901329E-03	0.0 
-2.632294775655E-03	0.0 
-2.348767885561E-03	0.0 
-1.905157797142E-03	0.0 
-1.319008184603E-03	0.0 
-6.176376947216E-04	0.0 
1.629414948190E-04	0.0 
9.797026440298E-04	0.0 
1.784813789684E-03	0.0 
2.528273803602E-03	0.0 
3.160839294628E-03	0.0 
3.637080725446E-03	0.0 
3.918388793951E-03	0.0 
3.975744765012E-03	0.0 
3.792072035007E-03	0.0 
3.364001152506E-03	0.0 
2.702906508667E-03	0.0 
1.835108966987E-03	0.0 
8.011831689895E-04	0.0 
-3.456411119405E-04	0.0 
-1.541940144637E-03	0.0 
-2.717322124106E-03	0.0 
-3.798268482339E-03	0.0 
-4.712396050860E-03	0.0 
-5.392909415564E-03	0.0 
-5.782988553657E-03	0.0 
-5.839846472553E-03	0.0 
-5.538196386724E-03	0.0 
-4.872888431900E-03	0.0 
-3.860511584446E-03	0.0 
-2.539805943971E-03	0.0 
-9.707916038829E-04	0.0 
7.674100682562E-04	0.0 
2.580012466451E-03	0.0 
4.361131629765E-03	0.0 
5.999288918806E-03	0.0 
7.383587747446E-03	0.0 
8.410251879376E-03	0.0 
8.989176473957E-03	0.0 
9.050124884710E-03	0.0 
8.548205984557E-03	0.0 
7.468289206184E-03	0.0 
5.828057093995E-03	0.0 
3.679456341875E-03	0.0 
1.108385277773E-03	0.0 
-1.767455172892E-03	0.0 
-4.802523432728E-03	0.0 
-7.829089530977E-03	0.0 
-1.066435913962E-02	0.0 
-1.311876335018E-02	0.0 
-1.500503421626E-02	0.0 
-1.614763018295E-02	0.0 
-1.639204126750E-02	0.0 
-1.561349373078E-02	0.0 
-1.372458920009E-02	0.0 
-1.068145360293E-02	0.0 
-6.488035284000E-03	0.0 
-1.198276407116E-03	0.0 
5.084016923480E-03	0.0 
1.220766753683E-02	0.0 
1.997892624731E-02	0.0 
2.816840227991E-02	0.0 
3.651983914056E-02	0.0 
4.476035176393E-02	0.0 
5.261166083662E-02	0.0 
5.980180304551E-02	0.0 
6.607676494603E-02	0.0 
7.121148510555E-02	0.0 
7.501969457590E-02	0.0 
7.736211848923E-02	0.0 
7.815263905001E-02	0.0 
7.736211848923E-02	0.0 
7.501969457590E-02	0.0 
7.121148510555E-02	0.0 
6.607676494603E-02	0.0 
5.980180304551E-02	0.0 
5.261166083662E-02	0.0 
4.476035176393E-02	0.0 
3.651983914056E-02	0.0 
2.816840227991E-02	0.0 
1.997892624731E-02	0.0 
1.220766753683E-02	0.0 
5.084016923480E-03	0.0 
-1.198276407116E-03	0.0 
-6.488035284000E-03	0.0 
-1.068145360293E-02	0.0 
-1.372458920009E-02	0.0 
-1.561349373078E-02	0.0 
-1.639204126750E-02	0.0 
-1.614763018295E-02	0.0 
-1.500503421626E-02	0.0 
-1.311876335018E-02	0.0 
-1.066435913962E-02	0.0 
-7.829089530977E-03	0.0 
-4.802523432728E-03	0.0 
-1.767455172892E-03	0.0 
1.108385277773E-03	0.0 
3.679456341875E-03	0.0 
5.828057093995E-03	0.0 
7.468289206184E-03	0.0 
8.548205984557E-03	0.0 
9.050124884710E-03	0.0 
8.989176473957E-03	0.0 
8.410251879376E-03	0.0 
7.383587747446E-03	0.0 
5.999288918806E-03	0.0 
4.361131629765E-03	0.0 
2.580012466451E-03	0.0 
7.674100682562E-04	0.0 
-9.707916038829E-04	0.0 
-2.539805943971E-03	0.0 
-3.860511584446E-03	0.0 
-4.872888431900E-03	0.0 
-5.538196386724E-03	0.0 
-5.839846472553E-03	0.0 
-5.782988553657E-03	0.0 
-5.392909415564E-03	0.0 
-4.712396050860E-03	0.0 
-3.798268482339E-03	0.0 
-2.717322124106E-03	0.0 
-1.541940144637E-03	0.0 
-3.456411119405E-04	0.0 
8.011831689895E-04	0.0 
1.835108966987E-03	0.0 
2.702906508667E-03	0.0 
3.364001152506E-03	0.0 
3.792072035007E-03	0.0 
3.975744765012E-03	0.0 
3.918388793951E-03	0.0 
3.637080725446E-03	0.0 
3.160839294628E-03	0.0 
2.528273803602E-03	0.0 
1.784813789684E-03	0.0 
9.797026440298E-04	0.0 
1.629414948190E-04	0.0 
-6.176376947216E-04	0.0 
-1.319008184603E-03	0.0 
-1.905157797142E-03	0.0 
-2.348767885561E-03	0.0 
-2.632294775655E-03	0.0 
-2.748424901329E-03	0.0 
-2.699912806241E-03	0.0 
-2.498846476193E-03	0.0 
-2.165415224119E-03	0.0 
-1.726279974542E-03	0.0 
-1.212663227346E-03	0.0 
-6.582855701364E-04	0.0 
-9.727724235811E-05	0.0 
4.378127047711E-04	0.0 
9.177999012550E-04	0.0 
1.318349511609E-03	0.0 
1.621093889591E-03	0.0 
1.814339889434E-03	0.0 
1.893349127932E-03	0.0 
1.860200354469E-03	0.0 
1.723266866410E-03	0.0 
1.496362338092E-03	0.0 
1.197624514067E-03	0.0 
8.482172520524E-04	0.0 
4.709370574344E-04	0.0 
8.881051943921E-05	0.0 
-2.762357484243E-04	0.0 
-6.045603413930E-04	0.0 
-8.797880768168E-04	0.0 
-1.089542985518E-03	0.0 
-1.225906639409E-03	0.0 
-1.285592795306E-03	0.0 
-1.269846355483E-03	0.0 
-1.184090091542E-03	0.0 
-1.037355654481E-03	0.0 
-8.415454811974E-04	0.0 
-6.105789107604E-04	0.0 
-3.594789754338E-04	0.0 
-1.034559890014E-04	0.0 
1.429595323193E-04	0.0 
3.666884759904E-04	0.0 
5.567417551315E-04	0.0 
7.046986521457E-04	0.0 
8.050086636132E-04	0.0 
8.551118755616E-04	0.0 
8.553836106716E-04	0.0 
8.089187416563E-04	0.0 
7.211790815244E-04	0.0 
5.995334002354E-04	0.0 
4.527235473565E-04	0.0 
2.902919216533E-04	0.0 
1.220050996668E-04	0.0 
-4.269394694667E-05	0.0 
-1.951766613779E-04	0.0 
-3.280397408896E-04	0.0 
-4.354192598725E-04	0.0 
-5.131980615309E-04	0.0 
-5.591031729212E-04	0.0 
-5.726963932934E-04	0.0 
-5.552669179358E-04	0.0 
-5.096395949121E-04	0.0 
-4.399159776456E-04	0.0 
-3.511676454733E-04	0.0 
-2.491022698159E-04	0.0 
-1.397226672272E-04	0.0 
-2.899773516609E-05	0.0 
7.743812787763E-05	0.0 
1.745435403532E-04	0.0 
2.580765172940E-04	0.0 
3.247423843257E-04	0.0 
3.722806580722E-04	0.0 
3.994918660218E-04	0.0 
4.062084327728E-04	0.0 
3.932163833021E-04	0.0 
3.621366034745E-04	0.0 
3.152757039169E-04	0.0 
2.554571595010E-04	0.0 
1.858433664932E-04	0.0 
1.097586447595E-04	0.0 
3.052211243450E-05	0.0 
-4.870211218377E-05	0.0 
-1.250316495320E-04	0.0 
-1.959656613106E-04	0.0 
-2.594556781198E-04	0.0 
-3.139471951601E-04	0.0 
-3.583933008473E-04	0.0 
-3.922429908564E-04	0.0 
-4.154077269900E-04	0.0 
-4.282106262745E-04	0.0 
-4.313229018453E-04	0.0 
-4.256923594327E-04	0.0 
-4.124684933983E-04	0.0 
-3.929283049387E-04	0.0 
-3.684064187493E-04	0.0 
-3.402323135044E-04	0.0 
-3.096767386907E-04	0.0 
-2.779086352362E-04	0.0 
-2.459631087719E-04	0.0 
-2.147203583052E-04	0.0 
-1.848949188490E-04	0.0 
-1.570341146662E-04	0.0 
-1.315243117997E-04	0.0 
-1.086033867683E-04	0.0 
-8.837774901527E-05	0.0 
-7.084228458081E-05	0.0 
-5.590172080761E-05	0.0 
-4.339209432774E-05	0.0 
-3.310122477396E-05	0.0 
-2.478735261764E-05	0.0 
-1.819535922437E-05	0.0 
-1.307022327112E-05	0.0 
-9.167581524892E-06	0.0 
-6.261453784789E-06	0.0 
-4.149339231814E-06	0.0 
-2.654991487515E-06	0.0 
-1.629243835370E-06	0.0 
-9.492918609426E-07	0.0 
-5.168406471238E-07	0.0 
-2.554953559066E-07	0.0 
-1.077291467270E-07	0.0 
-3.171089438061E-08	0.0 
1.784569043697E-09	0.0 
1.222270072841E-08	0.0 
1.180827438263E-08	0.0 
1.026451784988E-08	0.0 
0 
