# VLP389 Quanterra FIR linear phase filter parameter file 
# 10 decimation factor DELAY=194 
# type			2 
# npoles		0 
# input sample interval	1.0
# decimation factor	10 
# normalization factor	1.0 
# gain factor		1.0 
theoretical  1  anti_alias   fir    coef_conv 
1000 10 194
389 
1.552566394584E-08	0.0 
3.838396805256E-08	0.0 
8.362779588160E-08	0.0 
1.611856650765E-07	0.0 
2.855294744823E-07	0.0 
4.745457226814E-07	0.0 
7.493373613481E-07	0.0 
1.133592677088E-06	0.0 
1.652402275925E-06	0.0 
2.330427428518E-06	0.0 
3.189336982250E-06	0.0 
4.244466110163E-06	0.0 
5.500718985138E-06	0.0 
6.947785187742E-06	0.0 
8.554818995995E-06	0.0 
1.026484432301E-05	0.0 
1.198920679926E-05	0.0 
1.360249119436E-05	0.0 
1.493842691710E-05	0.0 
1.578731698718E-05	0.0 
1.589559564507E-05	0.0 
1.496809882671E-05	0.0 
1.267355442171E-05	0.0 
8.653767865499E-06	0.0 
2.536720154462E-06	0.0 
-6.046302489149E-06	0.0 
-1.743978324789E-05	0.0 
-3.193970873875E-05	0.0 
-4.976679353047E-05	0.0 
-7.103832499508E-05	0.0 
-9.574009270878E-05	0.0 
-1.237001281373E-04	0.0 
-1.545662057863E-04	0.0 
-1.877891685389E-04	0.0 
-2.226141463211E-04	0.0 
-2.580816070830E-04	0.0 
-2.930398897929E-04	0.0 
-3.261704417989E-04	0.0 
-3.560263903179E-04	0.0 
-3.810843492955E-04	0.0 
-3.998085424451E-04	0.0 
-4.107254096236E-04	0.0 
-4.125059559304E-04	0.0 
-4.040522153346E-04	0.0 
-3.845834135837E-04	0.0 
-3.537168195160E-04	0.0 
-3.115378713577E-04	0.0 
-2.586540951013E-04	0.0 
-1.962275488594E-04	0.0 
-1.259811477109E-04	0.0 
-5.017518265277E-05	0.0 
2.844831201260E-05	0.0 
1.067540572146E-04	0.0 
1.813337070203E-04	0.0 
2.486544777587E-04	0.0 
3.052309010550E-04	0.0 
3.478123642856E-04	0.0 
3.735773180385E-04	0.0 
3.803236007367E-04	0.0 
3.666434036282E-04	0.0 
3.320710779809E-04	0.0 
2.771923601331E-04	0.0 
2.037047230356E-04	0.0 
1.144204406806E-04	0.0 
1.320656090328E-05	0.0 
-9.514078807411E-05	0.0 
-2.050866145468E-04	0.0 
-3.106066344345E-04	0.0 
-4.054869377349E-04	0.0 
-4.836605629994E-04	0.0 
-5.395643227932E-04	0.0 
-5.684964442834E-04	0.0 
-5.669537730318E-04	0.0 
-5.329266106907E-04	0.0 
-4.661298988553E-04	0.0 
-3.681514720867E-04	0.0 
-2.425015060503E-04	0.0 
-9.455197026659E-05	0.0 
6.863931335717E-05	0.0 
2.386187747019E-04	0.0 
4.059330165016E-04	0.0 
5.606150098640E-04	0.0 
6.927381973863E-04	0.0 
7.930101501160E-04	0.0 
8.533727144001E-04	0.0 
8.675725693010E-04	0.0 
8.316651094423E-04	0.0 
7.444158080483E-04	0.0 
6.075667962541E-04	0.0 
4.259422734851E-04	0.0 
2.073743534022E-04	0.0 
-3.755930204741E-05	0.0 
-2.959836739051E-04	0.0 
-5.533463103089E-04	0.0 
-7.941831891721E-04	0.0 
-1.002993788038E-03	0.0 
-1.165179186662E-03	0.0 
-1.267989808042E-03	0.0 
-1.301425007313E-03	0.0 
-1.259025639791E-03	0.0 
-1.138503279404E-03	0.0 
-9.421560123941E-04	0.0 
-6.770305674248E-04	0.0 
-3.548035850963E-04	0.0 
8.629525406917E-06	0.0 
3.938522550447E-04	0.0 
7.788870544391E-04	0.0 
1.140375685799E-03	0.0 
1.454921250676E-03	0.0 
1.700519338554E-03	0.0 
1.857995436810E-03	0.0 
1.912359959705E-03	0.0 
1.853991651826E-03	0.0 
1.679565073285E-03	0.0 
1.392648421779E-03	0.0 
1.003913787737E-03	0.0 
5.309224020114E-04	0.0 
-2.528464426306E-06	0.0 
-5.674838557405E-04	0.0 
-1.131294383117E-03	0.0 
-1.659397590689E-03	0.0 
-2.117326771743E-03	0.0 
-2.472836888205E-03	0.0 
-2.698023247754E-03	0.0 
-2.771301493786E-03	0.0 
-2.679118119865E-03	0.0 
-2.417269551530E-03	0.0 
-1.991724770718E-03	0.0 
-1.418870913453E-03	0.0 
-7.251321588955E-04	0.0 
5.405199843135E-05	0.0 
8.758642868356E-04	0.0 
1.692298775680E-03	0.0 
2.452799616041E-03	0.0 
3.107213842280E-03	0.0 
3.608895501699E-03	0.0 
3.917779673295E-03	0.0 
4.003236312754E-03	0.0 
3.846516408026E-03	0.0 
3.442617091426E-03	0.0 
2.801417900821E-03	0.0 
1.947976354023E-03	0.0 
9.219157645641E-04	0.0 
-2.241104816572E-04	0.0 
-1.426838923738E-03	0.0 
-2.615605374573E-03	0.0 
-3.716195765456E-03	0.0 
-4.655143758048E-03	0.0 
-5.364242712043E-03	0.0 
-5.785013832068E-03	0.0 
-5.872860607418E-03	0.0 
-5.600643400193E-03	0.0 
-4.961427762851E-03	0.0 
-3.970195379824E-03	0.0 
-2.664356080425E-03	0.0 
-1.102960913674E-03	0.0 
6.354132582377E-04	0.0 
2.456061522632E-03	0.0 
4.252708231777E-03	0.0 
5.913027807411E-03	0.0 
7.324867533633E-03	0.0 
8.382857359878E-03	0.0 
8.995053809435E-03	0.0 
9.089245553003E-03	0.0 
8.618548933728E-03	0.0 
7.565943496045E-03	0.0 
5.947439964943E-03	0.0 
3.813634534079E-03	0.0 
1.249480992454E-03	0.0 
-1.627797630402E-03	0.0 
-4.672638210191E-03	0.0 
-7.716787115331E-03	0.0 
-1.057645210709E-02	0.0 
-1.306064905261E-02	0.0 
-1.498036021034E-02	0.0 
-1.615806333373E-02	0.0 
-1.643715526114E-02	0.0 
-1.569078258614E-02	0.0 
-1.382960671136E-02	0.0 
-1.080807094477E-02	0.0 
-6.628801743854E-03	0.0 
-1.344861825153E-03	0.0 
4.940324525219E-03	0.0 
1.207543915120E-02	0.0 
1.986607558565E-02	0.0 
2.808170739344E-02	0.0 
3.646453116726E-02	0.0 
4.473979600604E-02	0.0 
5.262714980923E-02	0.0 
5.985247435163E-02	0.0 
6.615964924099E-02	0.0 
7.132168148082E-02	0.0 
7.515066291015E-02	0.0 
7.750607115759E-02	0.0 
7.830100830038E-02	0.0 
7.750607115759E-02	0.0 
7.515066291015E-02	0.0 
7.132168148082E-02	0.0 
6.615964924099E-02	0.0 
5.985247435163E-02	0.0 
5.262714980923E-02	0.0 
4.473979600604E-02	0.0 
3.646453116726E-02	0.0 
2.808170739344E-02	0.0 
1.986607558565E-02	0.0 
1.207543915120E-02	0.0 
4.940324525219E-03	0.0 
-1.344861825153E-03	0.0 
-6.628801743854E-03	0.0 
-1.080807094477E-02	0.0 
-1.382960671136E-02	0.0 
-1.569078258614E-02	0.0 
-1.643715526114E-02	0.0 
-1.615806333373E-02	0.0 
-1.498036021034E-02	0.0 
-1.306064905261E-02	0.0 
-1.057645210709E-02	0.0 
-7.716787115331E-03	0.0 
-4.672638210191E-03	0.0 
-1.627797630402E-03	0.0 
1.249480992454E-03	0.0 
3.813634534079E-03	0.0 
5.947439964943E-03	0.0 
7.565943496045E-03	0.0 
8.618548933728E-03	0.0 
9.089245553003E-03	0.0 
8.995053809435E-03	0.0 
8.382857359878E-03	0.0 
7.324867533633E-03	0.0 
5.913027807411E-03	0.0 
4.252708231777E-03	0.0 
2.456061522632E-03	0.0 
6.354132582377E-04	0.0 
-1.102960913674E-03	0.0 
-2.664356080425E-03	0.0 
-3.970195379824E-03	0.0 
-4.961427762851E-03	0.0 
-5.600643400193E-03	0.0 
-5.872860607418E-03	0.0 
-5.785013832068E-03	0.0 
-5.364242712043E-03	0.0 
-4.655143758048E-03	0.0 
-3.716195765456E-03	0.0 
-2.615605374573E-03	0.0 
-1.426838923738E-03	0.0 
-2.241104816572E-04	0.0 
9.219157645641E-04	0.0 
1.947976354023E-03	0.0 
2.801417900821E-03	0.0 
3.442617091426E-03	0.0 
3.846516408026E-03	0.0 
4.003236312754E-03	0.0 
3.917779673295E-03	0.0 
3.608895501699E-03	0.0 
3.107213842280E-03	0.0 
2.452799616041E-03	0.0 
1.692298775680E-03	0.0 
8.758642868356E-04	0.0 
5.405199843135E-05	0.0 
-7.251321588955E-04	0.0 
-1.418870913453E-03	0.0 
-1.991724770718E-03	0.0 
-2.417269551530E-03	0.0 
-2.679118119865E-03	0.0 
-2.771301493786E-03	0.0 
-2.698023247754E-03	0.0 
-2.472836888205E-03	0.0 
-2.117326771743E-03	0.0 
-1.659397590689E-03	0.0 
-1.131294383117E-03	0.0 
-5.674838557405E-04	0.0 
-2.528464426306E-06	0.0 
5.309224020114E-04	0.0 
1.003913787737E-03	0.0 
1.392648421779E-03	0.0 
1.679565073285E-03	0.0 
1.853991651826E-03	0.0 
1.912359959705E-03	0.0 
1.857995436810E-03	0.0 
1.700519338554E-03	0.0 
1.454921250676E-03	0.0 
1.140375685799E-03	0.0 
7.788870544391E-04	0.0 
3.938522550447E-04	0.0 
8.629525406917E-06	0.0 
-3.548035850963E-04	0.0 
-6.770305674248E-04	0.0 
-9.421560123941E-04	0.0 
-1.138503279404E-03	0.0 
-1.259025639791E-03	0.0 
-1.301425007313E-03	0.0 
-1.267989808042E-03	0.0 
-1.165179186662E-03	0.0 
-1.002993788038E-03	0.0 
-7.941831891721E-04	0.0 
-5.533463103089E-04	0.0 
-2.959836739051E-04	0.0 
-3.755930204741E-05	0.0 
2.073743534022E-04	0.0 
4.259422734851E-04	0.0 
6.075667962541E-04	0.0 
7.444158080483E-04	0.0 
8.316651094423E-04	0.0 
8.675725693010E-04	0.0 
8.533727144001E-04	0.0 
7.930101501160E-04	0.0 
6.927381973863E-04	0.0 
5.606150098640E-04	0.0 
4.059330165016E-04	0.0 
2.386187747019E-04	0.0 
6.863931335717E-05	0.0 
-9.455197026659E-05	0.0 
-2.425015060503E-04	0.0 
-3.681514720867E-04	0.0 
-4.661298988553E-04	0.0 
-5.329266106907E-04	0.0 
-5.669537730318E-04	0.0 
-5.684964442834E-04	0.0 
-5.395643227932E-04	0.0 
-4.836605629994E-04	0.0 
-4.054869377349E-04	0.0 
-3.106066344345E-04	0.0 
-2.050866145468E-04	0.0 
-9.514078807411E-05	0.0 
1.320656090328E-05	0.0 
1.144204406806E-04	0.0 
2.037047230356E-04	0.0 
2.771923601331E-04	0.0 
3.320710779809E-04	0.0 
3.666434036282E-04	0.0 
3.803236007367E-04	0.0 
3.735773180385E-04	0.0 
3.478123642856E-04	0.0 
3.052309010550E-04	0.0 
2.486544777587E-04	0.0 
1.813337070203E-04	0.0 
1.067540572146E-04	0.0 
2.844831201260E-05	0.0 
-5.017518265277E-05	0.0 
-1.259811477109E-04	0.0 
-1.962275488594E-04	0.0 
-2.586540951013E-04	0.0 
-3.115378713577E-04	0.0 
-3.537168195160E-04	0.0 
-3.845834135837E-04	0.0 
-4.040522153346E-04	0.0 
-4.125059559304E-04	0.0 
-4.107254096236E-04	0.0 
-3.998085424451E-04	0.0 
-3.810843492955E-04	0.0 
-3.560263903179E-04	0.0 
-3.261704417989E-04	0.0 
-2.930398897929E-04	0.0 
-2.580816070830E-04	0.0 
-2.226141463211E-04	0.0 
-1.877891685389E-04	0.0 
-1.545662057863E-04	0.0 
-1.237001281373E-04	0.0 
-9.574009270878E-05	0.0 
-7.103832499508E-05	0.0 
-4.976679353047E-05	0.0 
-3.193970873875E-05	0.0 
-1.743978324789E-05	0.0 
-6.046302489149E-06	0.0 
2.536720154462E-06	0.0 
8.653767865499E-06	0.0 
1.267355442171E-05	0.0 
1.496809882671E-05	0.0 
1.589559564507E-05	0.0 
1.578731698718E-05	0.0 
1.493842691710E-05	0.0 
1.360249119436E-05	0.0 
1.198920679926E-05	0.0 
1.026484432301E-05	0.0 
8.554818995995E-06	0.0 
6.947785187742E-06	0.0 
5.500718985138E-06	0.0 
4.244466110163E-06	0.0 
3.189336982250E-06	0.0 
2.330427428518E-06	0.0 
1.652402275925E-06	0.0 
1.133592677088E-06	0.0 
7.493373613481E-07	0.0 
4.745457226814E-07	0.0 
2.855294744823E-07	0.0 
1.611856650765E-07	0.0 
8.362779588160E-08	0.0 
3.838396805256E-08	0.0 
1.552566394584E-08	0.0 
0 
