theoretical   1 seismometer  paz    seed
2.0287925216e+05 5.0000000000e-02
       8
-1.2341369749e-02 1.2341306917e-02 0.0000000000e+00 0.0000000000e+00
-1.2341369749e-02 -1.2341306917e-02 0.0000000000e+00 0.0000000000e+00
-1.4899694310e-01 0.0000000000e+00 0.0000000000e+00 0.0000000000e+00
-1.5674599554e-01 0.0000000000e+00 0.0000000000e+00 0.0000000000e+00
-4.0056877130e+01 4.8407544562e+01 0.0000000000e+00 0.0000000000e+00
-4.0056877130e+01 -4.8407544562e+01 0.0000000000e+00 0.0000000000e+00
-3.3924551102e+01 0.0000000000e+00 0.0000000000e+00 0.0000000000e+00
-1.1885147663e+02 0.0000000000e+00 0.0000000000e+00 0.0000000000e+00
       5
0.0000000000e+00 0.0000000000e+00 0.0000000000e+00 0.0000000000e+00
0.0000000000e+00 0.0000000000e+00 0.0000000000e+00 0.0000000000e+00
-7.8539816340e+01 0.0000000000e+00 0.0000000000e+00 0.0000000000e+00
-1.5250421714e-01 0.0000000000e+00 0.0000000000e+00 0.0000000000e+00
-1.5250421714e-01 0.0000000000e+00 0.0000000000e+00 0.0000000000e+00
