theoretical   1 FIR_filter   fir    seed
1.0000000000e+02     5
      99
-3.3774132380e-07 0.0000000000e+00
-8.6290982729e-07 0.0000000000e+00
-1.5494214855e-06 0.0000000000e+00
-2.0403719561e-06 0.0000000000e+00
-1.6036115374e-06 0.0000000000e+00
8.7670184051e-07 0.0000000000e+00
6.7303964526e-06 0.0000000000e+00
1.7090016385e-05 0.0000000000e+00
3.2229230899e-05 0.0000000000e+00
5.0734148640e-05 0.0000000000e+00
6.8704665868e-05 0.0000000000e+00
7.9287876015e-05 0.0000000000e+00
7.2908369899e-05 0.0000000000e+00
3.8525636935e-05 0.0000000000e+00
-3.3899032500e-05 0.0000000000e+00
-1.4982414364e-04 0.0000000000e+00
-3.0591529329e-04 0.0000000000e+00
-4.8608446602e-04 0.0000000000e+00
-6.5898863178e-04 0.0000000000e+00
-7.7832774620e-04 0.0000000000e+00
-7.8710275461e-04 0.0000000000e+00
-6.2642760057e-04 0.0000000000e+00
-2.4859723833e-04 0.0000000000e+00
3.6708835193e-04 0.0000000000e+00
1.1983611489e-03 0.0000000000e+00
2.1675120780e-03 0.0000000000e+00
3.1364730070e-03 0.0000000000e+00
3.9128937514e-03 0.0000000000e+00
4.2697140935e-03 0.0000000000e+00
3.9782938141e-03 0.0000000000e+00
2.8523927346e-03 0.0000000000e+00
7.9767376474e-04 0.0000000000e+00
-2.1413620530e-03 0.0000000000e+00
-5.7462955091e-03 0.0000000000e+00
-9.6106192139e-03 0.0000000000e+00
-1.3153812611e-02 0.0000000000e+00
-1.5667015020e-02 0.0000000000e+00
-1.6388715712e-02 0.0000000000e+00
-1.4603214000e-02 0.0000000000e+00
-9.7505793481e-03 0.0000000000e+00
-1.5304614673e-03 0.0000000000e+00
1.0014909601e-02 0.0000000000e+00
2.4456223447e-02 0.0000000000e+00
4.0980439289e-02 0.0000000000e+00
5.8447756035e-02 0.0000000000e+00
7.5497472381e-02 0.0000000000e+00
9.0692086948e-02 0.0000000000e+00
1.0268009844e-01 0.0000000000e+00
1.1035710580e-01 0.0000000000e+00
1.1300010834e-01 0.0000000000e+00
1.1035710580e-01 0.0000000000e+00
1.0268009844e-01 0.0000000000e+00
9.0692086948e-02 0.0000000000e+00
7.5497472381e-02 0.0000000000e+00
5.8447756035e-02 0.0000000000e+00
4.0980439289e-02 0.0000000000e+00
2.4456223447e-02 0.0000000000e+00
1.0014909601e-02 0.0000000000e+00
-1.5304614673e-03 0.0000000000e+00
-9.7505793481e-03 0.0000000000e+00
-1.4603214000e-02 0.0000000000e+00
-1.6388715712e-02 0.0000000000e+00
-1.5667015020e-02 0.0000000000e+00
-1.3153812611e-02 0.0000000000e+00
-9.6106192139e-03 0.0000000000e+00
-5.7462955091e-03 0.0000000000e+00
-2.1413620530e-03 0.0000000000e+00
7.9767376474e-04 0.0000000000e+00
2.8523927346e-03 0.0000000000e+00
3.9782938141e-03 0.0000000000e+00
4.2697140935e-03 0.0000000000e+00
3.9128937514e-03 0.0000000000e+00
3.1364730070e-03 0.0000000000e+00
2.1675120780e-03 0.0000000000e+00
1.1983611489e-03 0.0000000000e+00
3.6708835193e-04 0.0000000000e+00
-2.4859723833e-04 0.0000000000e+00
-6.2642760057e-04 0.0000000000e+00
-7.8710275461e-04 0.0000000000e+00
-7.7832774620e-04 0.0000000000e+00
-6.5898863178e-04 0.0000000000e+00
-4.8608446602e-04 0.0000000000e+00
-3.0591529329e-04 0.0000000000e+00
-1.4982414364e-04 0.0000000000e+00
-3.3899032500e-05 0.0000000000e+00
3.8525636935e-05 0.0000000000e+00
7.2908369899e-05 0.0000000000e+00
7.9287876015e-05 0.0000000000e+00
6.8704665868e-05 0.0000000000e+00
5.0734148640e-05 0.0000000000e+00
3.2229230899e-05 0.0000000000e+00
1.7090016385e-05 0.0000000000e+00
6.7303964526e-06 0.0000000000e+00
8.7670184051e-07 0.0000000000e+00
-1.6036115374e-06 0.0000000000e+00
-2.0403719561e-06 0.0000000000e+00
-1.5494214855e-06 0.0000000000e+00
-8.6290982729e-07 0.0000000000e+00
-3.3774132380e-07 0.0000000000e+00
       0
