theoretical   1 seismometer  paz    seed
8.7590131998e+07 5.0000000000e-02
       9
-1.2388744966e-02 1.2353998951e-02 0.0000000000e+00 0.0000000000e+00
-1.2388744966e-02 -1.2353998951e-02 0.0000000000e+00 0.0000000000e+00
-1.4328364270e-01 0.0000000000e+00 0.0000000000e+00 0.0000000000e+00
-1.6310897730e-01 0.0000000000e+00 0.0000000000e+00 0.0000000000e+00
-4.0056877130e+01 4.8407544562e+01 0.0000000000e+00 0.0000000000e+00
-4.0056877130e+01 -4.8407544562e+01 0.0000000000e+00 0.0000000000e+00
-4.3982297150e+02 0.0000000000e+00 0.0000000000e+00 0.0000000000e+00
-3.3924551102e+01 0.0000000000e+00 0.0000000000e+00 0.0000000000e+00
-1.1885147663e+02 0.0000000000e+00 0.0000000000e+00 0.0000000000e+00
       5
0.0000000000e+00 0.0000000000e+00 0.0000000000e+00 0.0000000000e+00
0.0000000000e+00 0.0000000000e+00 0.0000000000e+00 0.0000000000e+00
-8.0110612667e+01 0.0000000000e+00 0.0000000000e+00 0.0000000000e+00
-1.5250421714e-01 0.0000000000e+00 0.0000000000e+00 0.0000000000e+00
-1.5250421714e-01 0.0000000000e+00 0.0000000000e+00 0.0000000000e+00
