theoretical   1 seismometer  paz    seed
1.1350461052e+08 5.0000000000e-02
       9
-1.2381142312e-02 1.2367382136e-02 0.0000000000e+00 0.0000000000e+00
-1.2381142312e-02 -1.2367382136e-02 0.0000000000e+00 0.0000000000e+00
-1.4212439501e-01 0.0000000000e+00 0.0000000000e+00 0.0000000000e+00
-1.6416832234e-01 0.0000000000e+00 0.0000000000e+00 0.0000000000e+00
-4.0056877130e+01 4.8407544562e+01 0.0000000000e+00 0.0000000000e+00
-4.0056877130e+01 -4.8407544562e+01 0.0000000000e+00 0.0000000000e+00
-5.6548667765e+02 0.0000000000e+00 0.0000000000e+00 0.0000000000e+00
-3.3924551102e+01 0.0000000000e+00 0.0000000000e+00 0.0000000000e+00
-1.1885147663e+02 0.0000000000e+00 0.0000000000e+00 0.0000000000e+00
       5
0.0000000000e+00 0.0000000000e+00 0.0000000000e+00 0.0000000000e+00
0.0000000000e+00 0.0000000000e+00 0.0000000000e+00 0.0000000000e+00
-7.9482294136e+01 0.0000000000e+00 0.0000000000e+00 0.0000000000e+00
-1.5250421714e-01 0.0000000000e+00 0.0000000000e+00 0.0000000000e+00
-1.5250421714e-01 0.0000000000e+00 0.0000000000e+00 0.0000000000e+00
