theoretical   1 seismometer  paz    seed
1.1372717235e+08 5.0000000000e-02
       9
-1.2339673288e-02 1.1556160081e-02 0.0000000000e+00 0.0000000000e+00
-1.2339673288e-02 -1.1556160081e-02 0.0000000000e+00 0.0000000000e+00
-1.5283471269e-01 0.0000000000e+00 0.0000000000e+00 0.0000000000e+00
-1.5283471269e-01 0.0000000000e+00 0.0000000000e+00 0.0000000000e+00
-4.0056877130e+01 4.8407544562e+01 0.0000000000e+00 0.0000000000e+00
-4.0056877130e+01 -4.8407544562e+01 0.0000000000e+00 0.0000000000e+00
-5.6548667765e+02 0.0000000000e+00 0.0000000000e+00 0.0000000000e+00
-3.3924551102e+01 0.0000000000e+00 0.0000000000e+00 0.0000000000e+00
-1.1885147663e+02 0.0000000000e+00 0.0000000000e+00 0.0000000000e+00
       5
0.0000000000e+00 0.0000000000e+00 0.0000000000e+00 0.0000000000e+00
0.0000000000e+00 0.0000000000e+00 0.0000000000e+00 0.0000000000e+00
-7.9230966724e+01 0.0000000000e+00 0.0000000000e+00 0.0000000000e+00
-1.5250421714e-01 0.0000000000e+00 0.0000000000e+00 0.0000000000e+00
-1.5250421714e-01 0.0000000000e+00 0.0000000000e+00 0.0000000000e+00
