theoretical   1 seismometer  paz    seed
3.9485774154e+03 2.0000000000e-02
       4
-1.2340000000e-02 1.2340000000e-02 0.0000000000e+00 0.0000000000e+00
-1.2340000000e-02 -1.2340000000e-02 0.0000000000e+00 0.0000000000e+00
-3.9180000000e+01 4.9120000000e+01 0.0000000000e+00 0.0000000000e+00
-3.9180000000e+01 -4.9120000000e+01 0.0000000000e+00 0.0000000000e+00
       2
0.0000000000e+00 0.0000000000e+00 0.0000000000e+00 0.0000000000e+00
0.0000000000e+00 0.0000000000e+00 0.0000000000e+00 0.0000000000e+00
theoretical   2 FIR_filter   fir    seed
5.1200000000e+03    16
      64
-1.0970703212e-03 0.0000000000e+00
-9.9332729087e-04 0.0000000000e+00
-1.3331603904e-03 0.0000000000e+00
-1.7052604993e-03 0.0000000000e+00
-2.0538406014e-03 0.0000000000e+00
-2.3506506883e-03 0.0000000000e+00
-2.5715607530e-03 0.0000000000e+00
-2.6937307888e-03 0.0000000000e+00
-2.6933707887e-03 0.0000000000e+00
-2.5470907458e-03 0.0000000000e+00
-2.2311506533e-03 0.0000000000e+00
-1.7230105045e-03 0.0000000000e+00
-9.9927029261e-04 0.0000000000e+00
-3.4656210148e-05 0.0000000000e+00
1.2198003572e-03 0.0000000000e+00
3.1138309118e-03 0.0000000000e+00
6.8975520198e-03 0.0000000000e+00
8.9671226258e-03 0.0000000000e+00
1.2359803619e-02 0.0000000000e+00
1.6074804707e-02 0.0000000000e+00
1.9968205847e-02 0.0000000000e+00
2.3963207017e-02 0.0000000000e+00
2.7991608197e-02 0.0000000000e+00
3.1987809367e-02 0.0000000000e+00
3.5884110508e-02 0.0000000000e+00
3.9613511600e-02 0.0000000000e+00
4.3108212623e-02 0.0000000000e+00
4.6303213559e-02 0.0000000000e+00
4.9131414387e-02 0.0000000000e+00
5.1518415086e-02 0.0000000000e+00
5.3326115615e-02 0.0000000000e+00
5.3598415695e-02 0.0000000000e+00
5.3598415695e-02 0.0000000000e+00
5.3326115615e-02 0.0000000000e+00
5.1518415086e-02 0.0000000000e+00
4.9131414387e-02 0.0000000000e+00
4.6303213559e-02 0.0000000000e+00
4.3108212623e-02 0.0000000000e+00
3.9613511600e-02 0.0000000000e+00
3.5884110508e-02 0.0000000000e+00
3.1987809367e-02 0.0000000000e+00
2.7991608197e-02 0.0000000000e+00
2.3963207017e-02 0.0000000000e+00
1.9968205847e-02 0.0000000000e+00
1.6074804707e-02 0.0000000000e+00
1.2359803619e-02 0.0000000000e+00
8.9671226258e-03 0.0000000000e+00
6.8975520198e-03 0.0000000000e+00
3.1138309118e-03 0.0000000000e+00
1.2198003572e-03 0.0000000000e+00
-3.4656210148e-05 0.0000000000e+00
-9.9927029261e-04 0.0000000000e+00
-1.7230105045e-03 0.0000000000e+00
-2.2311506533e-03 0.0000000000e+00
-2.5470907458e-03 0.0000000000e+00
-2.6933707887e-03 0.0000000000e+00
-2.6937307888e-03 0.0000000000e+00
-2.5715607530e-03 0.0000000000e+00
-2.3506506883e-03 0.0000000000e+00
-2.0538406014e-03 0.0000000000e+00
-1.7052604993e-03 0.0000000000e+00
-1.3331603904e-03 0.0000000000e+00
-9.9332729087e-04 0.0000000000e+00
-1.0970703212e-03 0.0000000000e+00
       0
theoretical   3 FIR_filter   fir    seed
3.2000000000e+02     4
      72
1.5385480436e-04 0.0000000000e+00
3.1276960229e-04 0.0000000000e+00
4.5286042416e-04 0.0000000000e+00
3.9577949674e-04 0.0000000000e+00
-4.8438838407e-05 0.0000000000e+00
-9.9249473798e-04 0.0000000000e+00
-2.3547070058e-03 0.0000000000e+00
-3.7893151816e-03 0.0000000000e+00
-4.7285439873e-03 0.0000000000e+00
-4.5647041957e-03 0.0000000000e+00
-2.9340662691e-03 0.0000000000e+00
7.1654408887e-06 0.0000000000e+00
3.4609455992e-03 0.0000000000e+00
6.1378721953e-03 0.0000000000e+00
6.6975214837e-03 0.0000000000e+00
4.3552744620e-03 0.0000000000e+00
-5.8891325116e-04 0.0000000000e+00
-6.5781416355e-03 0.0000000000e+00
-1.1165785802e-02 0.0000000000e+00
-1.1896784872e-02 0.0000000000e+00
-7.4277205552e-03 0.0000000000e+00
1.5716780015e-03 0.0000000000e+00
1.2200084487e-02 0.0000000000e+00
2.0054674499e-02 0.0000000000e+00
2.0807073542e-02 0.0000000000e+00
1.2133584571e-02 0.0000000000e+00
-4.7476039631e-03 0.0000000000e+00
-2.4652068653e-02 0.0000000000e+00
-3.9502849769e-02 0.0000000000e+00
-4.0741648194e-02 0.0000000000e+00
-2.2357771571e-02 0.0000000000e+00
1.6522878990e-02 0.0000000000e+00
7.0505510348e-02 0.0000000000e+00
1.2882283619e-01 0.0000000000e+00
1.7812777350e-01 0.0000000000e+00
2.0635073761e-01 0.0000000000e+00
2.0635073761e-01 0.0000000000e+00
1.7812777350e-01 0.0000000000e+00
1.2882283619e-01 0.0000000000e+00
7.0505510348e-02 0.0000000000e+00
1.6522878990e-02 0.0000000000e+00
-2.2357771571e-02 0.0000000000e+00
-4.0741648194e-02 0.0000000000e+00
-3.9502849769e-02 0.0000000000e+00
-2.4652068653e-02 0.0000000000e+00
-4.7476039631e-03 0.0000000000e+00
1.2133584571e-02 0.0000000000e+00
2.0807073542e-02 0.0000000000e+00
2.0054674499e-02 0.0000000000e+00
1.2200084487e-02 0.0000000000e+00
1.5716780015e-03 0.0000000000e+00
-7.4277205552e-03 0.0000000000e+00
-1.1896784872e-02 0.0000000000e+00
-1.1165785802e-02 0.0000000000e+00
-6.5781416355e-03 0.0000000000e+00
-5.8891325116e-04 0.0000000000e+00
4.3552744620e-03 0.0000000000e+00
6.6975214837e-03 0.0000000000e+00
6.1378721953e-03 0.0000000000e+00
3.4609455992e-03 0.0000000000e+00
7.1654408887e-06 0.0000000000e+00
-2.9340662691e-03 0.0000000000e+00
-4.5647041957e-03 0.0000000000e+00
-4.7285439873e-03 0.0000000000e+00
-3.7893151816e-03 0.0000000000e+00
-2.3547070058e-03 0.0000000000e+00
-9.9249473798e-04 0.0000000000e+00
-4.8438838407e-05 0.0000000000e+00
3.9577949674e-04 0.0000000000e+00
4.5286042416e-04 0.0000000000e+00
3.1276960229e-04 0.0000000000e+00
1.5385480436e-04 0.0000000000e+00
       0
theoretical   4 FIR_filter   fir    seed
8.0000000000e+01     2
      64
2.8488393530e-04 0.0000000000e+00
1.5360712188e-03 0.0000000000e+00
2.9495307439e-03 0.0000000000e+00
2.4894743889e-03 0.0000000000e+00
-4.9739887092e-04 0.0000000000e+00
-2.7811484180e-03 0.0000000000e+00
-7.9982004848e-04 0.0000000000e+00
3.1800939289e-03 0.0000000000e+00
2.6828470601e-03 0.0000000000e+00
-2.8834598313e-03 0.0000000000e+00
-5.0382995976e-03 0.0000000000e+00
1.3246082977e-03 0.0000000000e+00
7.3190111027e-03 0.0000000000e+00
1.8078749734e-03 0.0000000000e+00
-8.7226504921e-03 0.0000000000e+00
-6.4950097201e-03 0.0000000000e+00
8.2939145697e-03 0.0000000000e+00
1.2290269774e-02 0.0000000000e+00
-5.0734100826e-03 0.0000000000e+00
-1.8283652565e-02 0.0000000000e+00
-1.7726644871e-03 0.0000000000e+00
2.3103619147e-02 0.0000000000e+00
1.2904278256e-02 0.0000000000e+00
-2.4894343883e-02 0.0000000000e+00
-2.8991300477e-02 0.0000000000e+00
2.1033190546e-02 0.0000000000e+00
5.1616313012e-02 0.0000000000e+00
-6.5424703757e-03 0.0000000000e+00
-8.7382407075e-02 0.0000000000e+00
-3.6203900110e-02 0.0000000000e+00
1.8422554484e-01 0.0000000000e+00
3.9932651618e-01 0.0000000000e+00
3.9932651618e-01 0.0000000000e+00
1.8422554484e-01 0.0000000000e+00
-3.6203900110e-02 0.0000000000e+00
-8.7382407075e-02 0.0000000000e+00
-6.5424703757e-03 0.0000000000e+00
5.1616313012e-02 0.0000000000e+00
2.1033190546e-02 0.0000000000e+00
-2.8991300477e-02 0.0000000000e+00
-2.4894343883e-02 0.0000000000e+00
1.2904278256e-02 0.0000000000e+00
2.3103619147e-02 0.0000000000e+00
-1.7726644871e-03 0.0000000000e+00
-1.8283652565e-02 0.0000000000e+00
-5.0734100826e-03 0.0000000000e+00
1.2290269774e-02 0.0000000000e+00
8.2939145697e-03 0.0000000000e+00
-6.4950097201e-03 0.0000000000e+00
-8.7226504921e-03 0.0000000000e+00
1.8078749734e-03 0.0000000000e+00
7.3190111027e-03 0.0000000000e+00
1.3246082977e-03 0.0000000000e+00
-5.0382995976e-03 0.0000000000e+00
-2.8834598313e-03 0.0000000000e+00
2.6828470601e-03 0.0000000000e+00
3.1800939289e-03 0.0000000000e+00
-7.9982004848e-04 0.0000000000e+00
-2.7811484180e-03 0.0000000000e+00
-4.9739887092e-04 0.0000000000e+00
2.4894743889e-03 0.0000000000e+00
2.9495307439e-03 0.0000000000e+00
1.5360712188e-03 0.0000000000e+00
2.8488393530e-04 0.0000000000e+00
       0
theoretical   5 FIR_filter   fir    seed
4.0000000000e+01     2
      64
2.8489436486e-04 0.0000000000e+00
1.5361274542e-03 0.0000000000e+00
2.9496387258e-03 0.0000000000e+00
2.4895655282e-03 0.0000000000e+00
-4.9741708062e-04 0.0000000000e+00
-2.7812502354e-03 0.0000000000e+00
-7.9984932977e-04 0.0000000000e+00
3.1802103517e-03 0.0000000000e+00
2.6829452787e-03 0.0000000000e+00
-2.8835653943e-03 0.0000000000e+00
-5.0384840490e-03 0.0000000000e+00
1.3246567915e-03 0.0000000000e+00
7.3192790506e-03 0.0000000000e+00
1.8079411595e-03 0.0000000000e+00
-8.7229698271e-03 0.0000000000e+00
-6.4952475015e-03 0.0000000000e+00
8.2942182087e-03 0.0000000000e+00
1.2290719719e-02 0.0000000000e+00
-5.0735958194e-03 0.0000000000e+00
-1.8284321927e-02 0.0000000000e+00
-1.7727293841e-03 0.0000000000e+00
2.3104464967e-02 0.0000000000e+00
1.2904750680e-02 0.0000000000e+00
-2.4895255261e-02 0.0000000000e+00
-2.8992361845e-02 0.0000000000e+00
2.1033960568e-02 0.0000000000e+00
5.1618202678e-02 0.0000000000e+00
-6.5427098946e-03 0.0000000000e+00
-8.7385606132e-02 0.0000000000e+00
-3.6205225529e-02 0.0000000000e+00
1.8423228931e-01 0.0000000000e+00
3.9934113546e-01 0.0000000000e+00
3.9934113546e-01 0.0000000000e+00
1.8423228931e-01 0.0000000000e+00
-3.6205225529e-02 0.0000000000e+00
-8.7385606132e-02 0.0000000000e+00
-6.5427098946e-03 0.0000000000e+00
5.1618202678e-02 0.0000000000e+00
2.1033960568e-02 0.0000000000e+00
-2.8992361845e-02 0.0000000000e+00
-2.4895255261e-02 0.0000000000e+00
1.2904750680e-02 0.0000000000e+00
2.3104464967e-02 0.0000000000e+00
-1.7727293841e-03 0.0000000000e+00
-1.8284321927e-02 0.0000000000e+00
-5.0735958194e-03 0.0000000000e+00
1.2290719719e-02 0.0000000000e+00
8.2942182087e-03 0.0000000000e+00
-6.4952475015e-03 0.0000000000e+00
-8.7229698271e-03 0.0000000000e+00
1.8079411595e-03 0.0000000000e+00
7.3192790506e-03 0.0000000000e+00
1.3246567915e-03 0.0000000000e+00
-5.0384840490e-03 0.0000000000e+00
-2.8835653943e-03 0.0000000000e+00
2.6829452787e-03 0.0000000000e+00
3.1802103517e-03 0.0000000000e+00
-7.9984932977e-04 0.0000000000e+00
-2.7812502354e-03 0.0000000000e+00
-4.9741708062e-04 0.0000000000e+00
2.4895655282e-03 0.0000000000e+00
2.9496387258e-03 0.0000000000e+00
1.5361274542e-03 0.0000000000e+00
2.8489436486e-04 0.0000000000e+00
       0
