# Source: Seed file
# Instrument: Streckeisen STS-1H/VBB Seismometer
#
theoretical   1 unknown      paz    unknown
      47307609724.0399                      1
      10
    -0.012341306916656      0.012341306916656                      0                      0
    -0.012341306916656     -0.012341306916656                      0                      0
     -39.1756603902647       49.1233878641507                      0                      0
     -39.1756603902647      -49.1233878641507                      0                      0
     -30.3477850336774        8.1241586021832                      0                      0
     -30.3477850336774       -8.1241586021832                      0                      0
     -22.2110600608798       22.2110600608798                      0                      0
     -22.2110600608798      -22.2110600608798                      0                      0
     -8.13044178749039       30.3477850336774                      0                      0
     -8.13044178749039      -30.3477850336774                      0                      0
       3
                     0                      0                      0                      0
                     0                      0                      0                      0
     -79.7964534011807                      0                      0                      0
