
CAL2 EMUR  BHE      -       2.49769651e-02   0.100   100.00000 2000/01/01 00:00 2099/12/31 23:59
PAZ2  1 V  2.40514950e+02                4   4                          
-4.44220000e-02  1.23340000e-02
-4.44220000e-02 -1.23340000e-02
-5.05796000e+02  1.93522000e+02
-5.05796000e+02 -1.93522000e+02
 0.00000000e+00  0.00000000e+00
 0.00000000e+00  0.00000000e+00
 9.45619000e+02  0.00000000e+00
 0.00000000e+00  0.00000000e+00
PAZ2  2 V  1.00000000e+00                3   0                          
-9.90480000e+03  3.78600000e+03
-9.90480000e+03 -3.78600000e+03
-1.25070000e+04  0.00000000e+00
DIG2  3  4.21660000e+05 30000.00000 
FIR2  4   1.00e+00    5    0.000 C   17                          
  3.78887362e-05  1.99732462e-04  5.91293171e-04  1.19837277e-03  1.67724587e-03
  1.23447376e-03 -1.15880169e-03 -6.07189606e-03 -1.26105449e-02 -1.76673832e-02
 -1.61541418e-02 -2.63188198e-03  2.60173115e-02  6.80557612e-02  1.15989172e-01
  1.58238328e-01  1.83055006e-01
FIR2  5   1.00e+00    3    0.000 C   15                          
  6.58815129e-05  1.90003959e-04 -4.82736680e-05 -1.21682457e-03 -2.45770001e-03
 -5.68724829e-04  6.49551790e-03  1.29501743e-02  5.44920958e-03 -2.15937909e-02
 -4.69663201e-02 -2.71116930e-02  6.56675051e-02  2.02950433e-01  3.06194214e-01
FIR2  6   1.00e+00    2    0.000 C   59                          
 -1.04688977e-05 -2.37756677e-05 -5.71892412e-06  3.42355655e-05  3.05106019e-05
 -4.39309707e-05 -7.44493725e-05  3.35693720e-05  1.36267668e-04  1.27754752e-05
 -2.02507021e-04 -1.12213903e-04  2.48810569e-04  2.73006332e-04 -2.37876675e-04
 -4.88294228e-04  1.25723771e-04  7.27335893e-04  1.29366736e-04 -9.31753895e-04
 -5.52396602e-04  1.01652007e-03  1.13567890e-03 -8.79624404e-04 -1.82376218e-03
  4.20094895e-04  2.50424553e-03  4.36351736e-04 -3.00829060e-03 -1.70769331e-03
  3.12427947e-03  3.32714749e-03 -2.62571434e-03 -5.12240994e-03  1.31143718e-03
  6.80846347e-03  9.46335752e-04 -7.99829184e-03 -4.15344941e-03  8.23230955e-03
  8.15250033e-03 -7.02304137e-03 -1.25957769e-02  3.90596183e-03  1.69351345e-02
  1.51892516e-03 -2.04219004e-02 -9.57981639e-03  2.20940841e-02  2.06079986e-02
 -2.06771979e-02 -3.52191558e-02  1.41703615e-02  5.52552600e-02  1.90457139e-03
 -8.79011410e-02 -4.50410599e-02  1.82295219e-01  4.10581988e-01
FIR2  7   1.00e+00    5    0.000 C   28                          
  1.27828210e-05  4.86432994e-05  1.14411293e-04  1.91010820e-04  2.19185646e-04
  1.04307356e-04 -2.42627501e-04 -8.28805879e-04 -1.49733075e-03 -1.89426830e-03
 -1.54401046e-03 -5.73338457e-05  2.57420409e-03  5.72404463e-03  8.08686003e-03
  7.98128069e-03  4.00909523e-03 -4.10129466e-03 -1.48002086e-02 -2.45512483e-02
 -2.84511242e-02 -2.16119665e-02 -9.39613194e-04  3.33073942e-02  7.68319253e-02
  1.21894247e-01  1.59155017e-01  1.80249886e-01
FIR2  8   1.00e+00    2    0.000 C   59                          
 -1.04693856e-05 -2.37767757e-05 -5.71919065e-06  3.42371610e-05  3.05120238e-05
 -4.39330181e-05 -7.44528422e-05  3.35709365e-05  1.36274019e-04  1.27760706e-05
 -2.02516459e-04 -1.12219133e-04  2.48822164e-04  2.73019056e-04 -2.37887762e-04
 -4.88316985e-04  1.25729631e-04  7.27369790e-04  1.29372765e-04 -9.31797319e-04
 -5.52422347e-04  1.01656744e-03  1.13573183e-03 -8.79665399e-04 -1.82384717e-03
  4.20114473e-04  2.50436224e-03  4.36372072e-04 -3.00843080e-03 -1.70777290e-03
  3.12442508e-03  3.32730255e-03 -2.62583671e-03 -5.12264867e-03  1.31149830e-03
  6.80878078e-03  9.46379857e-04 -7.99866460e-03 -4.15364298e-03  8.23269322e-03
  8.15288028e-03 -7.02336868e-03 -1.25963639e-02  3.90614387e-03  1.69359238e-02
  1.51899595e-03 -2.04228522e-02 -9.58026286e-03  2.20951138e-02  2.06089591e-02
 -2.06781616e-02 -3.52207972e-02  1.41710219e-02  5.52578352e-02  1.90466015e-03
 -8.79052377e-02 -4.50431590e-02  1.82303715e-01  4.10601123e-01
PAZ2  9 C  1.00000000e+00    1           2   2                          
 1.00000000e+00  0.00000000e+00
-9.99372000e-01  0.00000000e+00
 1.00000000e+00  0.00000000e+00
-1.00000000e+00  0.00000000e+00

CAL2 EMUR  BHN      -       2.46954041e-02   0.100   100.00000 2000/01/01 00:00 2099/12/31 23:59
PAZ2  1 V  2.42774950e+02                4   4                          
-4.44220000e-02  1.23340000e-02
-4.44220000e-02 -1.23340000e-02
-5.05796000e+02  1.93522000e+02
-5.05796000e+02 -1.93522000e+02
 0.00000000e+00  0.00000000e+00
 0.00000000e+00  0.00000000e+00
 9.45619000e+02  0.00000000e+00
 0.00000000e+00  0.00000000e+00
PAZ2  2 V  1.00000000e+00                3   0                          
-9.90480000e+03  3.78600000e+03
-9.90480000e+03 -3.78600000e+03
-1.25070000e+04  0.00000000e+00
DIG2  3  4.22490000e+05 30000.00000 
FIR2  4   1.00e+00    5    0.000 C   17                          
  3.78887362e-05  1.99732462e-04  5.91293171e-04  1.19837277e-03  1.67724587e-03
  1.23447376e-03 -1.15880169e-03 -6.07189606e-03 -1.26105449e-02 -1.76673832e-02
 -1.61541418e-02 -2.63188198e-03  2.60173115e-02  6.80557612e-02  1.15989172e-01
  1.58238328e-01  1.83055006e-01
FIR2  5   1.00e+00    3    0.000 C   15                          
  6.58815129e-05  1.90003959e-04 -4.82736680e-05 -1.21682457e-03 -2.45770001e-03
 -5.68724829e-04  6.49551790e-03  1.29501743e-02  5.44920958e-03 -2.15937909e-02
 -4.69663201e-02 -2.71116930e-02  6.56675051e-02  2.02950433e-01  3.06194214e-01
FIR2  6   1.00e+00    2    0.000 C   59                          
 -1.04688977e-05 -2.37756677e-05 -5.71892412e-06  3.42355655e-05  3.05106019e-05
 -4.39309707e-05 -7.44493725e-05  3.35693720e-05  1.36267668e-04  1.27754752e-05
 -2.02507021e-04 -1.12213903e-04  2.48810569e-04  2.73006332e-04 -2.37876675e-04
 -4.88294228e-04  1.25723771e-04  7.27335893e-04  1.29366736e-04 -9.31753895e-04
 -5.52396602e-04  1.01652007e-03  1.13567890e-03 -8.79624404e-04 -1.82376218e-03
  4.20094895e-04  2.50424553e-03  4.36351736e-04 -3.00829060e-03 -1.70769331e-03
  3.12427947e-03  3.32714749e-03 -2.62571434e-03 -5.12240994e-03  1.31143718e-03
  6.80846347e-03  9.46335752e-04 -7.99829184e-03 -4.15344941e-03  8.23230955e-03
  8.15250033e-03 -7.02304137e-03 -1.25957769e-02  3.90596183e-03  1.69351345e-02
  1.51892516e-03 -2.04219004e-02 -9.57981639e-03  2.20940841e-02  2.06079986e-02
 -2.06771979e-02 -3.52191558e-02  1.41703615e-02  5.52552600e-02  1.90457139e-03
 -8.79011410e-02 -4.50410599e-02  1.82295219e-01  4.10581988e-01
FIR2  7   1.00e+00    5    0.000 C   28                          
  1.27828210e-05  4.86432994e-05  1.14411293e-04  1.91010820e-04  2.19185646e-04
  1.04307356e-04 -2.42627501e-04 -8.28805879e-04 -1.49733075e-03 -1.89426830e-03
 -1.54401046e-03 -5.73338457e-05  2.57420409e-03  5.72404463e-03  8.08686003e-03
  7.98128069e-03  4.00909523e-03 -4.10129466e-03 -1.48002086e-02 -2.45512483e-02
 -2.84511242e-02 -2.16119665e-02 -9.39613194e-04  3.33073942e-02  7.68319253e-02
  1.21894247e-01  1.59155017e-01  1.80249886e-01
FIR2  8   1.00e+00    2    0.000 C   59                          
 -1.04693856e-05 -2.37767757e-05 -5.71919065e-06  3.42371610e-05  3.05120238e-05
 -4.39330181e-05 -7.44528422e-05  3.35709365e-05  1.36274019e-04  1.27760706e-05
 -2.02516459e-04 -1.12219133e-04  2.48822164e-04  2.73019056e-04 -2.37887762e-04
 -4.88316985e-04  1.25729631e-04  7.27369790e-04  1.29372765e-04 -9.31797319e-04
 -5.52422347e-04  1.01656744e-03  1.13573183e-03 -8.79665399e-04 -1.82384717e-03
  4.20114473e-04  2.50436224e-03  4.36372072e-04 -3.00843080e-03 -1.70777290e-03
  3.12442508e-03  3.32730255e-03 -2.62583671e-03 -5.12264867e-03  1.31149830e-03
  6.80878078e-03  9.46379857e-04 -7.99866460e-03 -4.15364298e-03  8.23269322e-03
  8.15288028e-03 -7.02336868e-03 -1.25963639e-02  3.90614387e-03  1.69359238e-02
  1.51899595e-03 -2.04228522e-02 -9.58026286e-03  2.20951138e-02  2.06089591e-02
 -2.06781616e-02 -3.52207972e-02  1.41710219e-02  5.52578352e-02  1.90466015e-03
 -8.79052377e-02 -4.50431590e-02  1.82303715e-01  4.10601123e-01
PAZ2  9 C  1.00000000e+00    1           2   2                          
 1.00000000e+00  0.00000000e+00
-9.99372000e-01  0.00000000e+00
 1.00000000e+00  0.00000000e+00
-1.00000000e+00  0.00000000e+00

CAL2 EMUR  BHZ      -       2.47666896e-02   0.100   100.00000 2000/01/01 00:00 2099/12/31 23:59
PAZ2  1 V  2.40705936e+02                4   4                          
-4.44220000e-02  1.23340000e-02
-4.44220000e-02 -1.23340000e-02
-5.05796000e+02  1.93522000e+02
-5.05796000e+02 -1.93522000e+02
 0.00000000e+00  0.00000000e+00
 0.00000000e+00  0.00000000e+00
 9.45619000e+02  0.00000000e+00
 0.00000000e+00  0.00000000e+00
PAZ2  2 V  1.00000000e+00                3   0                          
-9.90480000e+03  3.78600000e+03
-9.90480000e+03 -3.78600000e+03
-1.25070000e+04  0.00000000e+00
DIG2  3  4.24900000e+05 30000.00000 
FIR2  4   1.00e+00    5    0.000 C   17                          
  3.78887362e-05  1.99732462e-04  5.91293171e-04  1.19837277e-03  1.67724587e-03
  1.23447376e-03 -1.15880169e-03 -6.07189606e-03 -1.26105449e-02 -1.76673832e-02
 -1.61541418e-02 -2.63188198e-03  2.60173115e-02  6.80557612e-02  1.15989172e-01
  1.58238328e-01  1.83055006e-01
FIR2  5   1.00e+00    3    0.000 C   15                          
  6.58815129e-05  1.90003959e-04 -4.82736680e-05 -1.21682457e-03 -2.45770001e-03
 -5.68724829e-04  6.49551790e-03  1.29501743e-02  5.44920958e-03 -2.15937909e-02
 -4.69663201e-02 -2.71116930e-02  6.56675051e-02  2.02950433e-01  3.06194214e-01
FIR2  6   1.00e+00    2    0.000 C   59                          
 -1.04688977e-05 -2.37756677e-05 -5.71892412e-06  3.42355655e-05  3.05106019e-05
 -4.39309707e-05 -7.44493725e-05  3.35693720e-05  1.36267668e-04  1.27754752e-05
 -2.02507021e-04 -1.12213903e-04  2.48810569e-04  2.73006332e-04 -2.37876675e-04
 -4.88294228e-04  1.25723771e-04  7.27335893e-04  1.29366736e-04 -9.31753895e-04
 -5.52396602e-04  1.01652007e-03  1.13567890e-03 -8.79624404e-04 -1.82376218e-03
  4.20094895e-04  2.50424553e-03  4.36351736e-04 -3.00829060e-03 -1.70769331e-03
  3.12427947e-03  3.32714749e-03 -2.62571434e-03 -5.12240994e-03  1.31143718e-03
  6.80846347e-03  9.46335752e-04 -7.99829184e-03 -4.15344941e-03  8.23230955e-03
  8.15250033e-03 -7.02304137e-03 -1.25957769e-02  3.90596183e-03  1.69351345e-02
  1.51892516e-03 -2.04219004e-02 -9.57981639e-03  2.20940841e-02  2.06079986e-02
 -2.06771979e-02 -3.52191558e-02  1.41703615e-02  5.52552600e-02  1.90457139e-03
 -8.79011410e-02 -4.50410599e-02  1.82295219e-01  4.10581988e-01
FIR2  7   1.00e+00    5    0.000 C   28                          
  1.27828210e-05  4.86432994e-05  1.14411293e-04  1.91010820e-04  2.19185646e-04
  1.04307356e-04 -2.42627501e-04 -8.28805879e-04 -1.49733075e-03 -1.89426830e-03
 -1.54401046e-03 -5.73338457e-05  2.57420409e-03  5.72404463e-03  8.08686003e-03
  7.98128069e-03  4.00909523e-03 -4.10129466e-03 -1.48002086e-02 -2.45512483e-02
 -2.84511242e-02 -2.16119665e-02 -9.39613194e-04  3.33073942e-02  7.68319253e-02
  1.21894247e-01  1.59155017e-01  1.80249886e-01
FIR2  8   1.00e+00    2    0.000 C   59                          
 -1.04693856e-05 -2.37767757e-05 -5.71919065e-06  3.42371610e-05  3.05120238e-05
 -4.39330181e-05 -7.44528422e-05  3.35709365e-05  1.36274019e-04  1.27760706e-05
 -2.02516459e-04 -1.12219133e-04  2.48822164e-04  2.73019056e-04 -2.37887762e-04
 -4.88316985e-04  1.25729631e-04  7.27369790e-04  1.29372765e-04 -9.31797319e-04
 -5.52422347e-04  1.01656744e-03  1.13573183e-03 -8.79665399e-04 -1.82384717e-03
  4.20114473e-04  2.50436224e-03  4.36372072e-04 -3.00843080e-03 -1.70777290e-03
  3.12442508e-03  3.32730255e-03 -2.62583671e-03 -5.12264867e-03  1.31149830e-03
  6.80878078e-03  9.46379857e-04 -7.99866460e-03 -4.15364298e-03  8.23269322e-03
  8.15288028e-03 -7.02336868e-03 -1.25963639e-02  3.90614387e-03  1.69359238e-02
  1.51899595e-03 -2.04228522e-02 -9.58026286e-03  2.20951138e-02  2.06089591e-02
 -2.06781616e-02 -3.52207972e-02  1.41710219e-02  5.52578352e-02  1.90466015e-03
 -8.79052377e-02 -4.50431590e-02  1.82303715e-01  4.10601123e-01
PAZ2  9 C  1.00000000e+00    1           2   2                          
 1.00000000e+00  0.00000000e+00
-9.99372000e-01  0.00000000e+00
 1.00000000e+00  0.00000000e+00
-1.00000000e+00  0.00000000e+00
