# @(#)altus_A_200 	1.0 4/10/02
# Kinemetrics filter A - Low-pass FIR for decimation by 5 (200 sps datastream)
# fc =      0.0.08*fc   stop band:      0.0.2*fs to 1*fs
# type                   2
# num of poles           0
# input sample interval  5.0e-04
# decimal factor         5  
# normalization factor   1.0
# gain                   1.0
theoretical  1  anti_alias   fir    coef_conv
2000 5       
57 
.00000012 0
-.00000060 0
-.00000727 0
-.00003207 0
-.00009632 0
-.00022495 0
-.00042784 0
-.00066984 0
-.00084126 0
-.00074971 0
-.00016510 0
.00106990 0
.00288117 0
.00481701 0
.00601399 0
.00536406 0
.00191724 0
-.00455630 0
-.01304090 0
-.02104270 0
-.02487850 0
-.02055144 0
-.00504291 0
.02237165 0
.05928445 0
.10020459 0
.13763285 0
.16392577 0
.17339122 0
.16392577 0
.13763285 0
.10020459 0
.05928445 0
.02237165 0
-.00504291 0
-.02055144 0
-.02487850 0
-.02104270 0
-.01304090 0
-.00455630 0
.00191724 0
.00536406 0
.00601399 0
.00481701 0
.00288117 0
.00106990 0
-.00016510 0
-.00074971 0
-.00084126 0
-.00066984 0
-.00042784 0
-.00022495 0
-.00009632 0
-.00003207 0
-.00000727 0
-.00000060 0
.00000012 0
0
