# @(#)altus_A_100	1.0 4/10/02
# Kinemetrics filter A - Low-pass FIR for decimation by 10 (100 sps datastream)
# fc =      0.0.08*fc   stop band:      0.0.2*fs to 1*fs
# type                   2
# num of poles           0
# input sample interval  5.0e-04
# decimal factor         10  
# normalization factor   1.0
# gain                   1.0
theoretical  1  anti_alias   fir    coef_conv
2000 10      
113
.00000000      0.0
.00000000      0.0
-.00000048      0.0
-.00000167      0.0
-.00000417      0.0
-.00000882      0.0
-.00001705      0.0
-.00003016      0.0
-.00004983      0.0
-.00007761      0.0
-.00011456      0.0
-.00016105      0.0
-.00021577      0.0
-.00027585      0.0
-.00033557      0.0
-.00038683      0.0
-.00041866      0.0
-.00041771      0.0
-.00036919      0.0
-.00025856      0.0
-.00007319      0.0
.00019479      0.0
.00054634      0.0
.00097203      0.0
.00145066      0.0
.00194705      0.0
.00241268      0.0
.00278711      0.0
.00300121      0.0
.00298285      0.0
.00266445      0.0
.00199139      0.0
.00093150      0.0
-.00051486      0.0
-.00230813      0.0
-.00436246      0.0
-.00654387      0.0
-.00867236      0.0
-.01052845      0.0
-.01186526      0.0
-.01242423      0.0
-.01195538      0.0
-.01023924      0.0
-.00710917      0.0
-.00247192      0.0
.00367522      0.0
.01123416      0.0
.02000153      0.0
.02967393      0.0
.03986084      0.0
.05010605      0.0
.05991530      0.0
.06878912      0.0
.07625711      0.0
.08191156      0.0
.08543730      0.0
.08663523      0.0
.08543730      0.0
.08191156      0.0
.07625711      0.0
.06878912      0.0
.05991530      0.0
.05010605      0.0
.03986084      0.0
.02967393      0.0
.02000153      0.0
.01123416      0.0
.00367522      0.0
-.00247192      0.0
-.00710917      0.0
-.01023924      0.0
-.01195538      0.0
-.01242423      0.0
-.01186526      0.0
-.01052845      0.0
-.00867236      0.0
-.00654387      0.0
-.00436246      0.0
-.00230813      0.0
-.00051486      0.0
.00093150      0.0
.00199139      0.0
.00266445      0.0
.00298285      0.0
.00300121      0.0
.00278711      0.0
.00241268      0.0
.00194705      0.0
.00145066      0.0
.00097203      0.0
.00054634      0.0
.00019479      0.0
-.00007319      0.0
-.00025856      0.0
-.00036919      0.0
-.00041771      0.0
-.00041866      0.0
-.00038683      0.0
-.00033557      0.0
-.00027585      0.0
-.00021577      0.0
-.00016105      0.0
-.00011456      0.0
-.00007761      0.0
-.00004983      0.0
-.00003016      0.0
-.00001705      0.0
-.00000882      0.0
-.00000417      0.0
-.00000167      0.0
-.00000048      0.0
.00000000      0.0
.00000000      0.0
0
