-8.987262845039367E-7
2.37487256526947E-6
1.092022284865379E-5
-6.37304037809372E-6
-5.234358832240105E-5
-6.839632987976075E-6
1.629064790904522E-4
1.036813482642174E-4
-3.735097125172615E-4
-4.300009459257126E-4
6.477823480963707E-4
0.001216953620314598
-7.851026020944118E-4
-0.00272326311096549
3.177262842655182E-4
0.005089253187179566
0.001543670427054167
-0.008114257361739872
-0.005869451444596053
0.01100715808570385
0.01389281079173088
-0.01214820519089699
-0.02698202757164836
0.008722902741283178
0.04727577231824398
0.004771934356540442
-0.08163746120408177
-0.04668516758829356
0.1783478111028671
0.4127009646035731
0.4127009646035731
0.1783478111028671
-0.04668516758829356
-0.08163746120408177
0.004771934356540442
0.04727577231824398
0.008722902741283178
-0.02698202757164836
-0.01214820519089699
0.01389281079173088
0.01100715808570385
-0.005869451444596053
-0.008114257361739872
0.001543670427054167
0.005089253187179566
3.177262842655182E-4
-0.00272326311096549
-7.851026020944118E-4
0.001216953620314598
6.477823480963707E-4
-4.300009459257126E-4
-3.735097125172615E-4
1.036813482642174E-4
1.629064790904522E-4
-6.839632987976075E-6
-5.234358832240105E-5
-6.37304037809372E-6
1.092022284865379E-5
2.37487256526947E-6
-8.987262845039367E-7
