7.916241884231567E-9
2.300366759300232E-7
-3.213062882423401E-7
-1.937570050358772E-5
-9.041232988238335E-5
-2.707168459892273E-5
9.557995945215225E-4
0.003035831730812788
0.001859962474554777
-0.01095664221793413
-0.031744753010571
-0.02597426250576973
0.05172818480059505
0.1940982942469418
0.3130759284831583
0.3130759284831583
0.1940982942469418
0.05172818480059505
-0.02597426250576973
-0.031744753010571
-0.01095664221793413
0.001859962474554777
0.003035831730812788
9.557995945215225E-4
-2.707168459892273E-5
-9.041232988238335E-5
-1.937570050358772E-5
-3.213062882423401E-7
2.300366759300232E-7
7.916241884231567E-9
