# Kinemetrics coefA4-50.cof FIR filter parameter file  
#
# coefficients are symetric, listed in time order 
# type                  A  
# npoles                0  
# input sample rate     2000  
# decimal factor        4 
# normalization factor  1.0 
# gain factor           1.000000 
theoretical  1  anti_alias   fir    coef_conv 
2000 4
69
-.3352761268615723E-07 0.0
-.3352761268615723E-06 0.0
-.1769512891769409E-05 0.0
-.6510876119136811E-05 0.0
-.1839362084865570E-04 0.0
-.4156818613409996E-04 0.0
-.7582595571875573E-04 0.0
-.1084986142814159E-03 0.0
-.1069488935172558E-03 0.0
-.2086581662297249E-04 0.0
0.1947963610291481E-03 0.0
0.5333391018211842E-03 0.0
0.8830726146697998E-03 0.0
0.1007775310426950E-02 0.0
0.6102505140006543E-03 0.0
-.4985881969332695E-03 0.0
-.2171097788959742E-02 0.0
-.3764071036130190E-02 0.0
-.4219412803649903E-02 0.0
-.2490742132067680E-02 0.0
0.1760566141456366E-02 0.0
0.7511888165026904E-02 0.0
0.1222650567069650E-01 0.0
0.1256878348067403E-01 0.0
0.5978860426694155E-02 0.0
-.7435898762196303E-02 0.0
-.2364646177738905E-01 0.0
-.3502486133947968E-01 0.0
-.3261676523834467E-01 0.0
-.9791054762899875E-02 0.0
0.3417997155338526E-01 0.0
0.9234737651422619E-01 0.0
0.1512907426804304E+00 0.0
0.1952138370834291E+00 0.0
0.2114638951607048E+00 0.0
0.1952138370834291E+00 0.0
0.1512907426804304E+00 0.0
0.9234737651422619E-01 0.0
0.3417997155338526E-01 0.0
-.9791054762899875E-02 0.0
-.3261676523834467E-01 0.0
-.3502486133947968E-01 0.0
-.2364646177738905E-01 0.0
-.7435898762196303E-02 0.0
0.5978860426694155E-02 0.0
0.1256878348067403E-01 0.0
0.1222650567069650E-01 0.0
0.7511888165026904E-02 0.0
0.1760566141456366E-02 0.0
-.2490742132067680E-02 0.0
-.4219412803649903E-02 0.0
-.3764071036130190E-02 0.0
-.2171097788959742E-02 0.0
-.4985881969332695E-03 0.0
0.6102505140006543E-03 0.0
0.1007775310426950E-02 0.0
0.8830726146697998E-03 0.0
0.5333391018211842E-03 0.0
0.1947963610291481E-03 0.0
-.2086581662297249E-04 0.0
-.1069488935172558E-03 0.0
-.1084986142814159E-03 0.0
-.7582595571875573E-04 0.0
-.4156818613409996E-04 0.0
-.1839362084865570E-04 0.0
-.6510876119136811E-05 0.0
-.1769512891769409E-05 0.0
-.3352761268615723E-06 0.0
-.3352761268615723E-07 0.0
0
