# Kinemetrics coefB3-80.coe FIR filter parameter file  
#
# coefficients are symetric, listed in time order 
# type                  B  
# npoles                0  
# input sample rate     6000  
# decimal factor        3 
# normalization factor  1.0 
# gain factor           1.000000 
theoretical  2  anti_alias   fir    coef_conv 
6000 3
179
-.1540873199701309E-05 0.0
-.1213513314723968E-05 0.0
0.3479421138763428E-05 0.0
0.1454120501875877E-04 0.0
0.2836994826793671E-04 0.0
0.3512203693389893E-04 0.0
0.2428377047181129E-04 0.0
-.5154870450496674E-05 0.0
-.3802264109253883E-04 0.0
-.4872959107160569E-04 0.0
-.2016220241785049E-04 0.0
0.3668153658509254E-04 0.0
0.8122203871607780E-04 0.0
0.6912555545568467E-04 0.0
-.8312053978443145E-05 0.0
-.1034988090395927E-03 0.0
-.1369072124361992E-03 0.0
-.5928520113229752E-04 0.0
0.9372644126415252E-04 0.0
0.2078190445899963E-03 0.0
0.1702443696558475E-03 0.0
-.2766354009509087E-04 0.0
-.2534165978431702E-03 0.0
-.3141700290143490E-03 0.0
-.1139938831329346E-03 0.0
0.2351165749132633E-03 0.0
0.4611760377883912E-03 0.0
0.3358190879225731E-03 0.0
-.1118499785661697E-03 0.0
-.5611586384475232E-03 0.0
-.6181192584335804E-03 0.0
-.1481389626860619E-03 0.0
0.5486193113029004E-03 0.0
0.9098462760448455E-03 0.0
0.5521699786186219E-03 0.0
-.3550583496689796E-03 0.0
-.1128326170146465E-02 0.0
-.1069128047674894E-02 0.0
-.7305946201086045E-04 0.0
0.1167103648185730E-02 0.0
0.1619555521756411E-02 0.0
0.7523857057094574E-03 0.0
-.9137880988419055E-03 0.0
-.2074734773486853E-02 0.0
-.1641700975596905E-02 0.0
0.2764645032584667E-03 0.0
0.2267966978251934E-02 0.0
0.2627554349601269E-02 0.0
0.7854197174310685E-03 0.0
-.2018601633608341E-02 0.0
-.3521296661347151E-02 0.0
-.2230871468782425E-02 0.0
0.1167583279311657E-02 0.0
0.4071744624525309E-02 0.0
0.3914972301572561E-02 0.0
0.3804466687142849E-03 0.0
-.3994346596300602E-02 0.0
-.5580429919064045E-02 0.0
-.2615332603454590E-02 0.0
0.3014481626451015E-02 0.0
0.6867203861474991E-02 0.0
0.5387852434068919E-02 0.0
-.9185764938592910E-03 0.0
-.7339973933994770E-02 0.0
-.8390582166612148E-02 0.0
-.2395441755652428E-02 0.0
0.6528499070554972E-02 0.0
0.1115593221038580E-01 0.0
0.6878588814288378E-02 0.0
-.3968703094869852E-02 0.0
-.1306624710559845E-01 0.0
-.1231160620227456E-01 0.0
-.7781554013490677E-03 0.0
0.1335563976317644E-01 0.0
0.1831215573474765E-01 0.0
0.8172347676008939E-02 0.0
-.1104840822517872E-01 0.0
-.2437037136405706E-01 0.0
-.1892380043864250E-01 0.0
0.4661457613110543E-02 0.0
0.2990911621600389E-01 0.0
0.3482687938958406E-01 0.0
0.9055115748196840E-02 0.0
-.3436032822355628E-01 0.0
-.6262981193140150E-01 0.0
-.4234283603727818E-01 0.0
0.3724514599889517E-01 0.0
0.1524697178974748E+00 0.0
0.2544307843782008E+00 0.0
0.2950464361347258E+00 0.0
0.2544307843782008E+00 0.0
0.1524697178974748E+00 0.0
0.3724514599889517E-01 0.0
-.4234283603727818E-01 0.0
-.6262981193140150E-01 0.0
-.3436032822355628E-01 0.0
0.9055115748196840E-02 0.0
0.3482687938958406E-01 0.0
0.2990911621600389E-01 0.0
0.4661457613110543E-02 0.0
-.1892380043864250E-01 0.0
-.2437037136405706E-01 0.0
-.1104840822517872E-01 0.0
0.8172347676008939E-02 0.0
0.1831215573474765E-01 0.0
0.1335563976317644E-01 0.0
-.7781554013490677E-03 0.0
-.1231160620227456E-01 0.0
-.1306624710559845E-01 0.0
-.3968703094869852E-02 0.0
0.6878588814288378E-02 0.0
0.1115593221038580E-01 0.0
0.6528499070554972E-02 0.0
-.2395441755652428E-02 0.0
-.8390582166612148E-02 0.0
-.7339973933994770E-02 0.0
-.9185764938592910E-03 0.0
0.5387852434068919E-02 0.0
0.6867203861474991E-02 0.0
0.3014481626451015E-02 0.0
-.2615332603454590E-02 0.0
-.5580429919064045E-02 0.0
-.3994346596300602E-02 0.0
0.3804466687142849E-03 0.0
0.3914972301572561E-02 0.0
0.4071744624525309E-02 0.0
0.1167583279311657E-02 0.0
-.2230871468782425E-02 0.0
-.3521296661347151E-02 0.0
-.2018601633608341E-02 0.0
0.7854197174310685E-03 0.0
0.2627554349601269E-02 0.0
0.2267966978251934E-02 0.0
0.2764645032584667E-03 0.0
-.1641700975596905E-02 0.0
-.2074734773486853E-02 0.0
-.9137880988419055E-03 0.0
0.7523857057094574E-03 0.0
0.1619555521756411E-02 0.0
0.1167103648185730E-02 0.0
-.7305946201086045E-04 0.0
-.1069128047674894E-02 0.0
-.1128326170146465E-02 0.0
-.3550583496689796E-03 0.0
0.5521699786186219E-03 0.0
0.9098462760448455E-03 0.0
0.5486193113029004E-03 0.0
-.1481389626860619E-03 0.0
-.6181192584335804E-03 0.0
-.5611586384475232E-03 0.0
-.1118499785661697E-03 0.0
0.3358190879225731E-03 0.0
0.4611760377883912E-03 0.0
0.2351165749132633E-03 0.0
-.1139938831329346E-03 0.0
-.3141700290143490E-03 0.0
-.2534165978431702E-03 0.0
-.2766354009509087E-04 0.0
0.1702443696558475E-03 0.0
0.2078190445899963E-03 0.0
0.9372644126415252E-04 0.0
-.5928520113229752E-04 0.0
-.1369072124361992E-03 0.0
-.1034988090395927E-03 0.0
-.8312053978443145E-05 0.0
0.6912555545568467E-04 0.0
0.8122203871607780E-04 0.0
0.3668153658509254E-04 0.0
-.2016220241785049E-04 0.0
-.4872959107160569E-04 0.0
-.3802264109253883E-04 0.0
-.5154870450496674E-05 0.0
0.2428377047181129E-04 0.0
0.3512203693389893E-04 0.0
0.2836994826793671E-04 0.0
0.1454120501875877E-04 0.0
0.3479421138763428E-05 0.0
-.1213513314723968E-05 0.0
-.1540873199701309E-05 0.0
0
