# Kinemetrics coefA2-20.coe FIR filter parameter file  
#
# coefficients are symetric, listed in time order 
# type                  A  
# npoles                0  
# input sample rate     2000  
# decimal factor        2 
# normalization factor  1.0 
# gain factor           1.000000 
theoretical  1  anti_alias   fir    coef_conv 
2000 2
85
-.4381872713565827E-06 0.0
-.3853347152471542E-05 0.0
-.1484947279095650E-04 0.0
-.3029825165867805E-04 0.0
-.2633035182952881E-04 0.0
0.1950189471244812E-04 0.0
0.6483634933829308E-04 0.0
0.1263851299881935E-04 0.0
-.1171184703707695E-03 0.0
-.9995279833674430E-04 0.0
0.1597786322236061E-03 0.0
0.2692947164177895E-03 0.0
-.1490153372287750E-03 0.0
-.5384981632232666E-03 0.0
0.1745438203215599E-04 0.0
0.9048995561897754E-03 0.0
0.3244229592382908E-03 0.0
-.1331578008830547E-02 0.0
-.9811022318899631E-03 0.0
0.1733859535306692E-02 0.0
0.2059000544250011E-02 0.0
-.1968227792531252E-02 0.0
-.3648328129202127E-02 0.0
0.1825850922614336E-02 0.0
0.5803324747830630E-02 0.0
-.1029068138450384E-02 0.0
-.8523061405867338E-02 0.0
-.7721157744526863E-03 0.0
0.1173787750303745E-01 0.0
0.4015944898128510E-02 0.0
-.1530432095751166E-01 0.0
-.9284528438001871E-02 0.0
0.1901130191981792E-01 0.0
0.1747211767360568E-01 0.0
-.2259767707437277E-01 0.0
-.3029474429786205E-01 0.0
0.2577986521646380E-01 0.0
0.5208679335191846E-01 0.0
-.2828568313270807E-01 0.0
-.9884663112461566E-01 0.0
0.2988919755443930E-01 0.0
0.3158371769823134E+00 0.0
0.4695588955655694E+00 0.0
0.3158371769823134E+00 0.0
0.2988919755443930E-01 0.0
-.9884663112461566E-01 0.0
-.2828568313270807E-01 0.0
0.5208679335191846E-01 0.0
0.2577986521646380E-01 0.0
-.3029474429786205E-01 0.0
-.2259767707437277E-01 0.0
0.1747211767360568E-01 0.0
0.1901130191981792E-01 0.0
-.9284528438001871E-02 0.0
-.1530432095751166E-01 0.0
0.4015944898128510E-02 0.0
0.1173787750303745E-01 0.0
-.7721157744526863E-03 0.0
-.8523061405867338E-02 0.0
-.1029068138450384E-02 0.0
0.5803324747830630E-02 0.0
0.1825850922614336E-02 0.0
-.3648328129202127E-02 0.0
-.1968227792531252E-02 0.0
0.2059000544250011E-02 0.0
0.1733859535306692E-02 0.0
-.9811022318899631E-03 0.0
-.1331578008830547E-02 0.0
0.3244229592382908E-03 0.0
0.9048995561897754E-03 0.0
0.1745438203215599E-04 0.0
-.5384981632232666E-03 0.0
-.1490153372287750E-03 0.0
0.2692947164177895E-03 0.0
0.1597786322236061E-03 0.0
-.9995279833674430E-04 0.0
-.1171184703707695E-03 0.0
0.1263851299881935E-04 0.0
0.6483634933829308E-04 0.0
0.1950189471244812E-04 0.0
-.2633035182952881E-04 0.0
-.3029825165867805E-04 0.0
-.1484947279095650E-04 0.0
-.3853347152471542E-05 0.0
-.4381872713565827E-06 0.0
0
