7.462617941200734E-4
0.007479224819689989
0.03616614732891321
0.1102723991498351
0.2319095684215426
0.3426702409051359
0.3364488719962537
0.1607349505648017
-0.08279277803376317
-0.1948964037001133
-0.08868670789524911
0.09074697084724903
0.1277173859998584
0.001413365360349417
-0.1013319711200893
-0.05093830730766058
0.05745061347261072
0.06502985069528222
-0.01907289586961269
-0.05807164590805769
-0.006131177768111229
0.0423439065925777
0.0183567926287651
-0.02590911323204637
-0.02108211768791079
0.01285961363464594
0.0184088870882988
-0.004359523765742779
-0.01368530280888081
-1.46202277392149E-4
0.00902288593351841
0.001895042136311531
-0.005385440774261952
-0.002115105744451284
0.002950036432594061
0.001699595246464014
-0.001500470098108053
-0.001156559213995933
7.173181511461735E-4
7.037641480565071E-4
-3.262232057750225E-4
-3.913599066436291E-4
1.436690799891949E-4
2.003847621381283E-4
-6.294576451182365E-5
-9.431922808289527E-5
2.826610580086708E-5
4.036165773868561E-5
-1.315679401159286E-5
-1.528346911072731E-5
6.170943379402161E-6
4.801899194717408E-6
-2.719461917877197E-6
-1.024454832077026E-6
9.988434612751007E-7
-6.053596735000611E-9
-2.225860953330994E-7
9.49949026107788E-8
-1.629814505577087E-8
9.313225746154785E-10
