# Kinemetrics coefB2-80.coe FIR filter parameter file  
#
# coefficients are symetric, listed in time order 
# type                  B  
# npoles                0  
# input sample rate     1000  
# decimal factor        2 
# normalization factor  1.0 
# gain factor           1.000000 
theoretical  2  anti_alias   fir    coef_conv 
1000 2
173
0.2887099981307983E-07 0.0
0.2053566277027130E-06 0.0
0.6207264959812165E-06 0.0
0.7185153663158417E-06 0.0
-.1384411007165909E-05
-.7797498255968094E-05 0.0
-.1698965206742287E-04 0.0
-.2110470086336136E-04 0.0
-.1161731779575348E-04 0.0
0.7803086191415787E-05 0.0
0.1773191615939140E-04 0.0
0.2987682819366455E-05 0.0
-.2143671736121178E-04 0.0
-.1971703022718429E-04 0.0
0.1552468165755272E-04 0.0
0.3819912672042847E-04 0.0
0.4422385245561600E-05 0.0
-.5017453804612160E-04 0.0
-.3896607086062431E-04 0.0
0.4422385245561600E-04 0.0
0.8129002526402473E-04 0.0
-.1015374436974525E-04 0.0
-.1164441928267479E-03 0.0
-.5576759576797486E-04 0.0
0.1233899965882301E-03 0.0
0.1456919126212597E-03 0.0
-.8049886673688888E-04 0.0
-.2372981980443001E-03 0.0
-.2621859312057495E-04 0.0
0.2950141206383705E-03 0.0
0.1939283683896065E-03 0.0
-.2767341211438179E-03 0.0
-.3958549350500107E-03 0.0
0.1456961035728455E-03 0.0
0.5793315358459950E-03 0.0
0.1142676919698715E-03 0.0
-.6719054654240609E-03 0.0
-.4841401241719723E-03 0.0
0.5963393487036229E-03 0.0
0.9005633182823657E-03 0.0
-.2930508926510811E-03 0.0
-.1256946008652449E-02 0.0
-.2541979774832725E-03 0.0
0.1418221741914749E-02 0.0
0.9961645118892192E-03 0.0
-.1249296590685844E-02 0.0
-.1807000022381544E-02 0.0
0.6535770371556282E-03 0.0
0.2490855287760496E-02 0.0
0.3859777934849262E-03 0.0
-.2809962257742882E-02 0.0
-.1773773226886988E-02 0.0
0.2532965969294310E-02 0.0
0.3287417814135551E-02 0.0
-.1496765296906233E-02 0.0
-.4591332282871008E-02 0.0
-.3298721276223659E-03 0.0
0.5282256286591292E-02 0.0
0.2795955631881952E-02 0.0
-.4963790997862816E-02 0.0
-.5546092521399260E-02 0.0
0.3339842893183231E-02 0.0
0.8037911728024482E-02 0.0
-.3104675561189651E-03 0.0
-.9603304788470268E-02 0.0
-.3949338570237160E-02 0.0
0.9548740461468696E-02 0.0
0.8946342859417200E-02 0.0
-.7280147168785334E-02 0.0
-.1387299923226237E-01 0.0
0.2430608961731195E-02 0.0
0.1765887299552560E-01 0.0
0.5034265574067831E-02 0.0
-.1905337581411004E-01 0.0
-.1475747022777796E-01 0.0
0.1669723214581609E-01 0.0
0.2599515160545707E-01 0.0
-.9087759070098400E-02 0.0
-.3768949117511511E-01 0.0
-.5815034266561270E-02 0.0
0.4860342387109995E-01 0.0
0.3231125790625811E-01 0.0
-.5749571742489934E-01 0.0
-.8599026687443256E-01 0.0
0.6330780219286681E-01 0.0
0.3113786461763084E+00 0.0
0.4346713689155877E+00 0.0
0.3113786461763084E+00 0.0
0.6330780219286681E-01 0.0
-.8599026687443256E-01 0.0
-.5749571742489934E-01 0.0
0.3231125790625811E-01 0.0
0.4860342387109995E-01 0.0
-.5815034266561270E-02 0.0
-.3768949117511511E-01 0.0
-.9087759070098400E-02 0.0
0.2599515160545707E-01 0.0
0.1669723214581609E-01 0.0
-.1475747022777796E-01 0.0
-.1905337581411004E-01 0.0
0.5034265574067831E-02 0.0
0.1765887299552560E-01 0.0
0.2430608961731195E-02 0.0
-.1387299923226237E-01 0.0
-.7280147168785334E-02 0.0
0.8946342859417200E-02 0.0
0.9548740461468696E-02 0.0
-.3949338570237160E-02 0.0
-.9603304788470268E-02 0.0
-.3104675561189651E-03 0.0
0.8037911728024482E-02 0.0
0.3339842893183231E-02 0.0
-.5546092521399260E-02 0.0
-.4963790997862816E-02 0.0
0.2795955631881952E-02 0.0
0.5282256286591292E-02 0.0
-.3298721276223659E-03 0.0
-.4591332282871008E-02 0.0
-.1496765296906233E-02 0.0
0.3287417814135551E-02 0.0
0.2532965969294310E-02 0.0
-.1773773226886988E-02 0.0
-.2809962257742882E-02 0.0
0.3859777934849262E-03 0.0
0.2490855287760496E-02 0.0
0.6535770371556282E-03 0.0
-.1807000022381544E-02 0.0
-.1249296590685844E-02 0.0
0.9961645118892192E-03 0.0
0.1418221741914749E-02 0.0
-.2541979774832725E-03 0.0
-.1256946008652449E-02 0.0
-.2930508926510811E-03 0.0
0.9005633182823657E-03 0.0
0.5963393487036229E-03 0.0
-.4841401241719723E-03 0.0
-.6719054654240609E-03 0.0
0.1142676919698715E-03 0.0
0.5793315358459950E-03 0.0
0.1456961035728455E-03 0.0
-.3958549350500107E-03 0.0
-.2767341211438179E-03 0.0
0.1939283683896065E-03 0.0
0.2950141206383705E-03 0.0
-.2621859312057495E-04 0.0
-.2372981980443001E-03 0.0
-.8049886673688888E-04 0.0
0.1456919126212597E-03 0.0
0.1233899965882301E-03 0.0
-.5576759576797486E-04 0.0
-.1164441928267479E-03 0.0
-.1015374436974525E-04 0.0
0.8129002526402473E-04 0.0
0.4422385245561600E-04 0.0
-.3896607086062431E-04 0.0
-.5017453804612160E-04 0.0
0.4422385245561600E-05 0.0
0.3819912672042847E-04 0.0
0.1552468165755272E-04 0.0
-.1971703022718429E-04 0.0
-.2143671736121178E-04 0.0
0.2987682819366455E-05 0.0
0.1773191615939140E-04 0.0
0.7803086191415787E-05 0.0
-.1161731779575348E-04 0.0
-.2110470086336136E-04 0.0
-.1698965206742287E-04 0.0
-.7797498255968094E-05 0.0
-.1384411007165909E-05 0.0
0.7185153663158417E-06 0.0
0.6207264959812165E-06 0.0
0.2053566277027130E-06 0.0
0.2887099981307983E-07 0.0
0
