# Kinemetrics coefA5-50-s5c.coe FIR filter parameter file  
#
# coefficients are symetric, listed in time order 
# type                  A  
# npoles                0  
# input sample rate     30000  
# decimal factor        5 
# normalization factor  1.0 
# gain factor           1.000000 
theoretical  1  anti_alias   fir    coef_conv 
30000 5
59
0.8482486009597778E-05 0.0
0.3890367224812507E-04 0.0
0.1093456521630287E-03 0.0
0.2269367687404156E-03 0.0
0.3658398054540157E-03 0.0
0.4479438066482544E-03 0.0
0.3462270833551884E-03 0.0
-.7080892100930214E-04 0.0
-.8515245281159877E-03 0.0
-.1858011353760958E-02 0.0
-.2705497201532125E-02 0.0
-.2812724094837904E-02 0.0
-.1603841781616211E-02 0.0
0.1166563015431166E-02 0.0
0.5081608425825835E-02 0.0
0.8903252426534891E-02 0.0
0.1075797248631716E-01 0.0
0.8733747527003288E-02 0.0
0.1773790456354618E-02 0.0
-.9436834603548049E-02 0.0
-.2199889672920108E-01 0.0
-.3108831727877259E-01 0.0
-.3111637616530061E-01 0.0
-.1752226473763585E-01 0.0
0.1136140851303935E-01 0.0
0.5307333404198289E-01 0.0
0.1009940803050995E+00 0.0
0.1457140902057290E+00 0.0
0.1774811390787363E+00 0.0
0.1889747888781130E+00 0.0
0.1774811390787363E+00 0.0
0.1457140902057290E+00 0.0
0.1009940803050995E+00 0.0
0.5307333404198289E-01 0.0
0.1136140851303935E-01 0.0
-.1752226473763585E-01 0.0
-.3111637616530061E-01 0.0
-.3108831727877259E-01 0.0
-.2199889672920108E-01 0.0
-.9436834603548049E-02 0.0
0.1773790456354618E-02 0.0
0.8733747527003288E-02 0.0
0.1075797248631716E-01 0.0
0.8903252426534891E-02 0.0
0.5081608425825835E-02 0.0
0.1166563015431166E-02 0.0
-.1603841781616211E-02 0.0
-.2812724094837904E-02 0.0
-.2705497201532125E-02 0.0
-.1858011353760958E-02 0.0
-.8515245281159877E-03 0.0
-.7080892100930214E-04 0.0
0.3462270833551884E-03 0.0
0.4479438066482544E-03 0.0
0.3658398054540157E-03 0.0
0.2269367687404156E-03 0.0
0.1093456521630287E-03 0.0
0.3890367224812507E-04 0.0
0.8482486009597778E-05 0.0
0
