# Kinemetrics coefB2C-80-140.coe FIR filter parameter file  
#
# coefficients are non-symetric, listed in time order 
# type                  B  
# npoles                0  
# input sample rate     2000  
# decimal factor        2 
# normalization factor  1.0 
# gain factor           1.000000 
theoretical  2  anti_alias   fir    coef_conv 
2000 2 8
133
0.1918049529194832E-03 0.0
0.2009277697652578E-02 0.0
0.1064011780545115E-01 0.0
0.3730945754796266E-01 0.0
0.9567645704373717E-01 0.0
0.1871536020189524E+00 0.0
0.2817035685293376E+00 0.0
0.3172728139907122E+00 0.0
0.2384785031899810E+00 0.0
0.5755810672417283E-01 0.0
-.1234665922820568E+00 0.0
-.1786414189264178E+00 0.0
-.7431265991181136E-01 0.0
0.8175989054143428E-01 0.0
0.1344262617640197E+00 0.0
0.3994461381807923E-01 0.0
-.8572326274588704E-01 0.0
-.9867737675085663E-01 0.0
0.5469799041748047E-02 0.0
0.9124079346656799E-01 0.0
0.5499210907146335E-01 0.0
-.4685947997495532E-01 0.0
-.7809985009953380E-01 0.0
-.4099125973880291E-02 0.0
0.6824247771874071E-01 0.0
0.4196919873356820E-01 0.0
-.3904787730425596E-01 0.0
-.5899912910535932E-01 0.0
0.4834610968828202E-02 0.0
0.5628451379016042E-01 0.0
0.2370803151279688E-01 0.0
-.3980962745845318E-01 0.0
-.4083397658541799E-01 0.0
0.1708823814988136E-01 0.0
0.4530026065185666E-01 0.0
0.5132609046995640E-02 0.0
-.3910142416134477E-01 0.0
-.2210511220619082E-01 0.0
0.2600314654409885E-01 0.0
0.3146371711045504E-01 0.0
-.1022472465410829E-01 0.0
-.3300340985879302E-01 0.0
-.4531423095613718E-02 0.0
0.2812266955152154E-01 0.0
0.1566699938848615E-01 0.0
-.1911851111799478E-01 0.0
-.2188614476472139E-01 0.0
0.8530783932656049E-02 0.0
0.2312064636498690E-01 0.0
0.1406284514814615E-02 0.0
-.2022216096520424E-01 0.0
-.9080966468900442E-02 0.0
0.1460578758269548E-01 0.0
0.1367488317191601E-01 0.0
-.7825557142496109E-02 0.0
-.1508339727297425E-01 0.0
0.1305097248405218E-02 0.0
0.1381606748327613E-01 0.0
0.3948549274355173E-02 0.0
-.1068519987165928E-01 0.0
-.7339452393352986E-02 0.0
0.6687479559332133E-02 0.0
0.8806678000837564E-02 0.0
-.2642646897584200E-02 0.0
-.8540454320609569E-02 0.0
-.7179495878517628E-03 0.0
0.7108174264431000E-02 0.0
0.3119134809821844E-02 0.0
-.4958450328558684E-02 0.0
-.4342871718108654E-02 0.0
0.2715422771871090E-02 0.0
0.4576903302222491E-02 0.0
-.7555754855275155E-03 0.0
-.4109594970941544E-02 0.0
-.7613077759742737E-03 0.0
0.3152980934828520E-02 0.0
0.1675223466008902E-02 0.0
-.2035051118582487E-02 0.0
-.2027939539402723E-02 0.0
0.1002128235995769E-02 0.0
0.1959369983524084E-02 0.0
-.1914161257445812E-03 0.0
-.1632940489798784E-02 0.0
-.3508455120027065E-03 0.0
0.1194171607494354E-02 0.0
0.6407899782061577E-03 0.0
-.7519251666963101E-03 0.0
-.7293764501810074E-03 0.0
0.3742594271898270E-03 0.0
0.6802538409829140E-03 0.0
-.9295903146266937E-04 0.0
-.5543529987335205E-03 0.0
-.8763838559389114E-04 0.0
0.4009967669844628E-03 0.0
0.1807161606848240E-03 0.0
-.2543875016272068E-03 0.0
-.2079890109598637E-03 0.0
0.1339721493422985E-03 0.0
0.1928093843162060E-03 0.0
-.4711281508207322E-04 0.0
-.1556775532662868E-03 0.0
-.7254537194967270E-05 0.0
0.1120185479521751E-03 0.0
0.3500422462821007E-04 0.0
-.7169786840677262E-04 0.0
-.4382291808724404E-04 0.0
0.3969809040427208E-04 0.0
0.4113838076591492E-04 0.0
-.1735705882310867E-04 0.0
-.3294274210929871E-04 0.0
0.3742519766092300E-05 0.0
0.2338364720344543E-04 0.0
0.3170222043991089E-05 0.0
-.1485180109739304E-04 0.0
-.5619600415229798E-05 0.0
0.8372589945793151E-05 0.0
0.5549751222133637E-05 0.0
-.4057772457599640E-05 0.0
-.4375353455543518E-05 0.0
0.1544132828712463E-05 0.0
0.2976506948471069E-05 0.0
-.2966262400150299E-06 0.0
-.1788605004549026E-05 0.0
-.1797452569007873E-06 0.0
0.9555369615554809E-06 0.0
0.2677552402019501E-06 0.0
-.4498288035392762E-06 0.0
-.2034939825534821E-06 0.0
0.1857988536357879E-06 0.0
0.1145526766777039E-06 0.0
-.6658956408500672E-07 0.0
-.5122274160385132E-07 0.0
0.3073364496231079E-07 0.0
0
