# Kinemetrics coefB2C-80.coe FIR filter parameter file  
#
# coefficients are non-symetric, listed in time order 
# type                  2  
# npoles                0  
# input sample rate     1000  
# decimal factor        2 
# normalization factor  1.0 
# gain factor           1.000000 
theoretical  1  anti_alias   fir    coef_conv 
1000 2 8
173
0.1124213449656963E-03 0.0
0.1235181465744972E-02 0.0
0.6877938285470009E-02 0.0
0.2547427872195840E-01 0.0
0.6947334436699748E-01 0.0
0.1460349634289741E+00 0.0
0.2402818086557090E+00 0.0
0.3056798554025590E+00 0.0
0.2828003498725593E+00 0.0
0.1486739492975175E+00 0.0
-.4045982938259840E-01 0.0
-.1677390984259546E+00 0.0
-.1455156686715782E+00 0.0
-.4105357453227044E-02 0.0
0.1203229054808617E+00 0.0
0.1108233137056231E+00 0.0
-.1075068674981594E-01 0.0
-.1059171776287258E+00 0.0
-.7266476424410940E-01 0.0
0.3992900578305125E-01 0.0
0.9358742972835898E-01 0.0
0.2914898097515106E-01 0.0
-.6471192231401801E-01 0.0
-.6857696361839772E-01 0.0
0.1518681226298213E-01 0.0
0.7175617711618543E-01 0.0
0.2940779970958829E-01 0.0
-.4824792081490159E-01 0.0
-.5472182575613261E-01 0.0
0.1335801417008042E-01 0.0
0.5764577351510525E-01 0.0
0.1904608588665724E-01 0.0
-.4288313724100590E-01 0.0
-.4007589165121317E-01 0.0
0.1879661809653044E-01 0.0
0.4654274368658662E-01 0.0
0.6056781858205796E-02 0.0
-.3994600754231214E-01 0.0
-.2516275178641081E-01 0.0
0.2468294743448496E-01 0.0
0.3503728285431862E-01 0.0
-.6175511516630650E-02 0.0
-.3520793560892343E-01 0.0
-.1065585901960730E-01 0.0
0.2753442944958806E-01 0.0
0.2236787183210254E-01 0.0
-.1521637430414557E-01 0.0
-.2738846372812986E-01 0.0
0.1780732534825802E-02 0.0
0.2591611910611391E-01 0.0
0.9743283037096261E-02 0.0
-.1947727054357529E-01 0.0
-.1734720962122083E-01 0.0
0.1031641662120819E-01 0.0
0.2023584768176079E-01 0.0
-.7803258486092091E-03 0.0
-.1873031631112099E-01 0.0
-.7180830463767052E-02 0.0
0.1396745909005403E-01 0.0
0.1232344983145595E-01 0.0
-.7500467356294394E-02 0.0
-.1421173429116607E-01 0.0
0.9018513374030590E-03 0.0
0.1313567627221346E-01 0.0
0.4552911967039109E-02 0.0
-.9901449549943208E-02 0.0
-.8075284771621227E-02 0.0
0.5563063547015191E-02 0.0
0.9415647946298122E-02 0.0
-.1162011176347732E-02 0.0
-.8796677924692630E-02 0.0
-.2474747598171234E-02 0.0
0.6766540929675103E-02 0.0
0.4849815741181374E-02 0.0
-.4019182175397873E-02 0.0
-.5819087382405997E-02 0.0
0.1225241925567388E-02 0.0
0.5539156962186098E-02 0.0
0.1093953847885132E-02 0.0
-.4366499837487936E-02 0.0
-.2633776515722275E-02 0.0
0.2738743554800749E-02 0.0
0.3311454784125090E-02 0.0
-.1074101775884628E-02 0.0
-.3240381833165884E-02 0.0
-.3362796269357204E-03 0.0
0.2595061436295509E-02 0.0
0.1237197779119015E-02 0.0
-.1749614253640175E-02 0.0
-.1722522545605898E-02 0.0
0.8053071796894073E-03 0.0
0.1740115229040384E-02 0.0
-.9854324162006378E-05 0.0
-.1436070539057255E-02 0.0
-.5226712673902512E-03 0.0
0.9830230847001075E-03 0.0
0.7845438085496426E-03 0.0
-.5158968269824982E-03 0.0
-.8228835649788379E-03 0.0
0.1227161847054958E-03 0.0
0.7088109850883484E-03 0.0
0.1533608883619308E-03 0.0
-.5156332626938820E-03 0.0
-.3054067492485046E-03 0.0
0.3048889338970184E-03 0.0
0.3510303795337677E-03 0.0
-.1194747164845467E-03 0.0
-.3205221146345138E-03 0.0
-.1747766509652138E-04 0.0
0.2469182945787907E-03 0.0
0.9979214519262313E-04 0.0
-.1590400934219360E-03 0.0
-.1333248801529407E-03 0.0
0.7775612175464631E-04 0.0
0.1305853947997093E-03 0.0
-.1501757651567459E-04 0.0
-.1060147769749165E-03 0.0
-.2509541809558868E-04 0.0
0.7259985432028771E-04 0.0
0.4423363134264946E-04 0.0
-.3997329622507095E-04 0.0
-.4731491208076477E-04 0.0
0.1385761424899101E-04 0.0
0.4034955054521561E-04 0.0
0.3538094460964203E-05 0.0
-.2885609865188598E-04 0.0
-.1257611438632011E-04 0.0
0.1697754487395287E-04 0.0
0.1510512083768845E-04 0.0
-.7206574082374573E-05 0.0
-.1348601654171944E-04 0.0
0.5578622221946717E-06 0.0
0.9908806532621383E-05 0.0
0.3032386302947998E-05 0.0
-.6007961928844452E-05 0.0
-.4233326762914658E-05 0.0
0.2758111804723740E-05 0.0
0.3923196345567703E-05 0.0
-.5480833351612091E-06 0.0
-.2900604158639908E-05 0.0
-.6398186087608338E-06 0.0
0.1749955117702484E-05 0.0
0.1049134880304336E-05 0.0
-.8018687367439270E-06 0.0
-.9820796549320220E-06 0.0
0.1797452569007873E-06 0.0
0.7064081728458405E-06 0.0
0.1373700797557831E-06 0.0
-.4027970135211945E-06 0.0
-.2328306436538696E-06 0.0
0.1681037247180939E-06 0.0
0.2067536115646362E-06 0.0
-.2607703208923340E-07 0.0
-.1345761120319366E-06 0.0
-.3445893526077270E-07 0.0
0.6658956408500672E-07 0.0
0.4563480615615845E-07 0.0
-.1955777406692505E-07 0.0
-.3306195139884949E-07 0.0
-.1862645149230957E-08 0.0
0.1722946763038635E-07 0.0
0.8381903171539306E-08 0.0
-.4656612873077393E-08 0.0
-.6053596735000611E-08 0.0
0.0000000000000000E+00 0.0
0.3259629011154175E-08 0.0
0.2328306436538696E-08 0.0
0.4656612873077393E-09 0.0
0.0000000000000000E+00 0.0
0.0000000000000000E+00 0.0
0.0000000000000000E+00 0.0
0.0000000000000000E+00 0.0
0.0000000000000000E+00 0.0
0
