# Kinemetrics coefB5-350.coe FIR filter parameter file  
#
# coefficients are symetric, listed in time order 
# type                  B  
# npoles                0  
# input sample rate     1000  
# decimal factor        5 
# normalization factor  1.0 
# gain factor           1.000000 
theoretical  2  anti_alias   fir    coef_conv 
1000 5
350
-.1117587089538574E-07 0.0
-.1210719347000122E-07 0.0
-.4190951585769654E-08 0.0
0.1629814505577087E-07 0.0
0.4610046744346619E-07 0.0
0.7450580596923829E-07 0.0
0.8381903171539306E-07 0.0
0.5681067705154419E-07 0.0
-.1443549990653992E-07 0.0
-.1210719347000122E-06 0.0
-.2305023372173309E-06 0.0
-.2938322722911835E-06 0.0
-.2589076757431030E-06 0.0
-.9639188647270202E-07 0.0
0.1802109181880951E-06 0.0
0.5010515451431275E-06 0.0
0.7487833499908448E-06 0.0
0.7902272045612336E-06 0.0
0.5303882062435151E-06 0.0
-.3771856427192688E-07 0.0
-.7958151400089264E-06 0.0
-.1507345587015152E-05 0.0
-.1874286681413650E-05 0.0
-.1639127731323242E-05 0.0
-.6994232535362244E-06 0.0
0.8004717528820037E-06 0.0
0.2455431967973709E-05 0.0
0.3678258508443832E-05 0.0
0.3878027200698852E-05 0.0
0.2687796950340271E-05 0.0
0.1695007085800171E-06 0.0
-.3095716238021851E-05 0.0
-.6090849637985230E-05 0.0
-.7633585482835770E-05 0.0
-.6781425327062607E-05 0.0
-.3247521817684174E-05 0.0
0.2332497388124466E-05 0.0
0.8414965122938156E-05 0.0
0.1290393993258476E-04 0.0
0.1379940658807754E-04 0.0
0.9954441338777542E-05 0.0
0.1689884811639786E-05 0.0
-.8998904377222061E-05 0.0
-.1880712807178497E-04 0.0
-.2403836697340012E-04 0.0
-.2186326310038567E-04 0.0
-.1152325421571732E-04 0.0
0.4975590854883194E-05 0.0
0.2302834764122963E-04 0.0
0.3656279295682907E-04 0.0
0.3992905840277672E-04 0.0
0.2999324351549148E-04 0.0
0.7729977369308472E-05 0.0
-.2135615795850754E-04 0.0
-.4834821447730065E-04 0.0
-.6344635039567948E-04 0.0
-.5926843732595444E-04 0.0
-.3387453034520149E-04 0.0
0.7601454854011536E-05 0.0
0.5354173481464386E-04 0.0
0.8880347013473510E-04 0.0
0.9942520409822463E-04 0.0
0.7768860086798668E-04 0.0
0.2582324668765068E-04 0.0
-.4316587001085282E-04 0.0
-.1083002425730228E-03 0.0
-.1466409303247929E-03 0.0
-.1409207470715046E-03 0.0
-.8637737482786178E-04 0.0
0.5714129656553269E-05 0.0
0.1095272600650787E-03 0.0
0.1914175227284431E-03 0.0
0.2203332260251045E-03 0.0
0.1788418740034103E-03 0.0
0.7103988900780678E-04 0.0
-.7581571117043496E-04 0.0
-.2173972316086292E-03 0.0
-.3050747327506542E-03 0.0
-.3019110299646854E-03 0.0
-.1968028955161571E-03 0.0
-.1169741153717041E-04 0.0
0.2015130594372749E-03 0.0
0.3746962174773216E-03 0.0
0.4444769583642483E-03 0.0
0.3742948174476623E-03 0.0
0.1701489090919495E-03 0.0
-.1161224208772182E-03 0.0
-.3986805677413940E-03 0.0
-.5824710242450238E-03 0.0
-.5941265262663365E-03 0.0
-.4092492163181305E-03 0.0
-.6641075015068055E-04 0.0
0.3384188748896122E-03 0.0
0.6774151697754860E-03 0.0
0.8300906047224998E-03 0.0
0.7244921289384365E-03 0.0
0.3667557612061500E-03 0.0
-.1522270031273365E-03 0.0
-.6778021343052388E-03 0.0
-.1036198344081640E-02 0.0
-.1090422738343477E-02 0.0
-.7898840121924878E-03 0.0
-.1964597031474113E-03 0.0
0.5242060869932175E-03 0.0
0.1146919094026089E-02 0.0
0.1455585006624460E-02 0.0
0.1315916888415813E-02 0.0
0.7283608429133892E-03 0.0
-.1583858393132687E-03 0.0
-.1081745140254497E-02 0.0
-.1740847714245319E-02 0.0
-.1892320811748504E-02 0.0
-.1436441205441952E-02 0.0
-.4641255363821984E-03 0.0
0.7546134293079377E-03 0.0
0.1842555589973926E-02 0.0
0.2429463900625706E-02 0.0
0.2274830825626850E-02 0.0
0.1359394285827875E-02 0.0
-.8771941065788269E-04 0.0
-.1641192939132452E-02 0.0
-.2801179885864258E-02 0.0
-.3150747623294592E-02 0.0
-.2500514034181833E-02 0.0
-.9717228822410106E-03 0.0
0.1015165355056524E-02 0.0
0.2851152792572975E-02 0.0
0.3921261522918939E-02 0.0
0.3805528394877910E-02 0.0
0.2434179186820984E-02 0.0
0.1420639455318451E-03 0.0
-.2404445316642523E-02 0.0
-.4395528696477414E-02 0.0
-.5129692610353232E-02 0.0
-.4252705257385970E-02 0.0
-.1904571428894996E-02 0.0
0.1281506847590208E-02 0.0
0.4341003950685263E-02 0.0
0.6262404844164849E-02 0.0
0.6312498357146979E-02 0.0
0.4300649743527174E-02 0.0
0.6908690556883812E-03 0.0
-.3488357644528151E-02 0.0
-.6925594061613083E-02 0.0
-.8425774518400430E-02 0.0
-.7309241686016322E-02 0.0
-.3681884147226810E-02 0.0
0.1522555015981197E-02 0.0
0.6762994453310967E-02 0.0
0.1032864116132259E-01 0.0
0.1087461411952972E-01 0.0
0.7894184440374375E-02 0.0
0.1971099525690079E-02 0.0
-.5290045868605376E-02 0.0
-.1166606554761529E-01 0.0
-.1495768595486879E-01 0.0
-.1369607355445623E-01 0.0
-.7699877023696900E-02 0.0
0.1706077251583338E-02 0.0
0.1191506953909993E-01 0.0
0.1968698203563690E-01 0.0
0.2207346912473440E-01 0.0
0.1737584779039025E-01 0.0
0.5858615506440401E-02 0.0
-.1001397520303726E-01 0.0
-.2593598281964660E-01 0.0
-.3667301964014769E-01 0.0
-.3733375109732151E-01 0.0
-.2468925947323441E-01 0.0
0.1805394422262907E-02 0.0
0.3957622637972236E-01 0.0
0.8323317253962159E-01 0.0
0.1255774274468422E+00 0.0
0.1590969241224229E+00 0.0
0.1776011260226369E+00 0.0
0.1776011260226369E+00 0.0
0.1590969241224229E+00 0.0
0.1255774274468422E+00 0.0
0.8323317253962159E-01 0.0
0.3957622637972236E-01 0.0
0.1805394422262907E-02 0.0
-.2468925947323441E-01 0.0
-.3733375109732151E-01 0.0
-.3667301964014769E-01 0.0
-.2593598281964660E-01 0.0
-.1001397520303726E-01 0.0
0.5858615506440401E-02 0.0
0.1737584779039025E-01 0.0
0.2207346912473440E-01 0.0
0.1968698203563690E-01 0.0
0.1191506953909993E-01 0.0
0.1706077251583338E-02 0.0
-.7699877023696900E-02 0.0
-.1369607355445623E-01 0.0
-.1495768595486879E-01 0.0
-.1166606554761529E-01 0.0
-.5290045868605376E-02 0.0
0.1971099525690079E-02 0.0
0.7894184440374375E-02 0.0
0.1087461411952972E-01 0.0
0.1032864116132259E-01 0.0
0.6762994453310967E-02 0.0
0.1522555015981197E-02 0.0
-.3681884147226810E-02 0.0
-.7309241686016322E-02 0.0
-.8425774518400430E-02 0.0
-.6925594061613083E-02 0.0
-.3488357644528151E-02 0.0
0.6908690556883812E-03 0.0
0.4300649743527174E-02 0.0
0.6312498357146979E-02 0.0
0.6262404844164849E-02 0.0
0.4341003950685263E-02 0.0
0.1281506847590208E-02 0.0
-.1904571428894996E-02 0.0
-.4252705257385970E-02 0.0
-.5129692610353232E-02 0.0
-.4395528696477414E-02 0.0
-.2404445316642523E-02 0.0
0.1420639455318451E-03 0.0
0.2434179186820984E-02 0.0
0.3805528394877910E-02 0.0
0.3921261522918939E-02 0.0
0.2851152792572975E-02 0.0
0.1015165355056524E-02 0.0
-.9717228822410106E-03 0.0
-.2500514034181833E-02 0.0
-.3150747623294592E-02 0.0
-.2801179885864258E-02 0.0
-.1641192939132452E-02 0.0
-.8771941065788269E-04 0.0
0.1359394285827875E-02 0.0
0.2274830825626850E-02 0.0
0.2429463900625706E-02 0.0
0.1842555589973926E-02 0.0
0.7546134293079377E-03 0.0
-.4641255363821984E-03 0.0
-.1436441205441952E-02 0.0
-.1892320811748504E-02 0.0
-.1740847714245319E-02 0.0
-.1081745140254497E-02 0.0
-.1583858393132687E-03 0.0
0.7283608429133892E-03 0.0
0.1315916888415813E-02 0.0
0.1455585006624460E-02 0.0
0.1146919094026089E-02 0.0
0.5242060869932175E-03 0.0
-.1964597031474113E-03 0.0
-.7898840121924878E-03 0.0
-.1090422738343477E-02 0.0
-.1036198344081640E-02 0.0
-.6778021343052388E-03 0.0
-.1522270031273365E-03 0.0
0.3667557612061500E-03 0.0
0.7244921289384365E-03 0.0
0.8300906047224998E-03 0.0
0.6774151697754860E-03 0.0
0.3384188748896122E-03 0.0
-.6641075015068055E-04 0.0
-.4092492163181305E-03 0.0
-.5941265262663365E-03 0.0
-.5824710242450238E-03 0.0
-.3986805677413940E-03 0.0
-.1161224208772182E-03 0.0
0.1701489090919495E-03 0.0
0.3742948174476623E-03 0.0
0.4444769583642483E-03 0.0
0.3746962174773216E-03 0.0
0.2015130594372749E-03 0.0
-.1169741153717041E-04 0.0
-.1968028955161571E-03 0.0
-.3019110299646854E-03 0.0
-.3050747327506542E-03 0.0
-.2173972316086292E-03 0.0
-.7581571117043496E-04 0.0
0.7103988900780678E-04 0.0
0.1788418740034103E-03 0.0
0.2203332260251045E-03 0.0
0.1914175227284431E-03 0.0
0.1095272600650787E-03 0.0
0.5714129656553269E-05 0.0
-.8637737482786178E-04 0.0
-.1409207470715046E-03 0.0
-.1466409303247929E-03 0.0
-.1083002425730228E-03 0.0
-.4316587001085282E-04 0.0
0.2582324668765068E-04 0.0
0.7768860086798668E-04 0.0
0.9942520409822463E-04 0.0
0.8880347013473510E-04 0.0
0.5354173481464386E-04 0.0
0.7601454854011536E-05 0.0
-.3387453034520149E-04 0.0
-.5926843732595444E-04 0.0
-.6344635039567948E-04 0.0
-.4834821447730065E-04 0.0
-.2135615795850754E-04 0.0
0.7729977369308472E-05 0.0
0.2999324351549148E-04 0.0
0.3992905840277672E-04 0.0
0.3656279295682907E-04 0.0
0.2302834764122963E-04 0.0
0.4975590854883194E-05 0.0
-.1152325421571732E-04 0.0
-.2186326310038567E-04 0.0
-.2403836697340012E-04 0.0
-.1880712807178497E-04 0.0
-.8998904377222061E-05 0.0
0.1689884811639786E-05 0.0
0.9954441338777542E-05 0.0
0.1379940658807754E-04 0.0
0.1290393993258476E-04 0.0
0.8414965122938156E-05 0.0
0.2332497388124466E-05 0.0
-.3247521817684174E-05 0.0
-.6781425327062607E-05 0.0
-.7633585482835770E-05 0.0
-.6090849637985230E-05 0.0
-.3095716238021851E-05 0.0
0.1695007085800171E-06 0.0
0.2687796950340271E-05 0.0
0.3878027200698852E-05 0.0
0.3678258508443832E-05 0.0
0.2455431967973709E-05 0.0
0.8004717528820037E-06 0.0
-.6994232535362244E-06 0.0
-.1639127731323242E-05 0.0
-.1874286681413650E-05 0.0
-.1507345587015152E-05 0.0
-.7958151400089264E-06 0.0
-.3771856427192688E-07 0.0
0.5303882062435151E-06 0.0
0.7902272045612336E-06 0.0
0.7487833499908448E-06 0.0
0.5010515451431275E-06 0.0
0.1802109181880951E-06 0.0
-.9639188647270202E-07 0.0
-.2589076757431030E-06 0.0
-.2938322722911835E-06 0.0
-.2305023372173309E-06 0.0
-.1210719347000122E-06 0.0
-.1443549990653992E-07 0.0
0.5681067705154419E-07 0.0
0.8381903171539306E-07 0.0
0.7450580596923829E-07 0.0
0.4610046744346619E-07 0.0
0.1629814505577087E-07 0.0
-.4190951585769654E-08 0.0
-.1210719347000122E-07 0.0
-.1117587089538574E-07 0.0
0
