# Kinemetrics coefA5-50.coe FIR filter parameter file  
#
# coefficients are symetric, listed in time order 
# type                  5  
# npoles                0  
# input sample rate     2000  
# decimal factor        5 
# normalization factor  1.0 
# gain factor           1.000000 
theoretical  1  anti_alias   fir    coef_conv 
2000 5
85
-.1257285475730896E-07 0.0
-.1052394509315491E-06 0.0
-.4852190613746643E-06 0.0
-.1627486199140549E-05 0.0
-.4362780600786209E-05 0.0
-.9754672646522521E-05 0.0
-.1852493733167648E-04 0.0
-.2983585000038147E-04 0.0
-.3954349085688591E-04 0.0
-.3857444971799850E-04 0.0
-.1276005059480667E-04 0.0
0.5418667569756508E-04 0.0
0.1732865348458290E-03 0.0
0.3388901241123676E-03 0.0
0.5164607428014279E-03 0.0
0.6358120590448380E-03 0.0
0.5977586843073368E-03 0.0
0.3004982136189938E-03 0.0
-.3141919150948524E-03 0.0
-.1205069944262505E-02 0.0
-.2187044825404882E-02 0.0
-.2926119137555361E-02 0.0
-.2997958566993475E-02 0.0
-.2017401158809662E-02 0.0
0.1824549399316311E-03 0.0
0.3374997526407242E-02 0.0
0.6844245828688145E-02 0.0
0.9442340116947889E-02 0.0
0.9840647224336862E-02 0.0
0.6952269002795220E-02 0.0
0.4290700890123845E-03 0.0
-.8923533838242292E-02 0.0
-.1898761792108416E-01 0.0
-.2655896451324224E-01 0.0
-.2798473555594683E-01 0.0
-.2010295027866960E-01 0.0
-.1249298918992281E-02 0.0
0.2796922344714403E-01 0.0
0.6440833024680615E-01 0.0
0.1027804687619209E+00 0.0
0.1366737354546785E+00 0.0
0.1599652557633817E+00 0.0
0.1682611028663814E+00 0.0
0.1599652557633817E+00 0.0
0.1366737354546785E+00 0.0
0.1027804687619209E+00 0.0
0.6440833024680615E-01 0.0
0.2796922344714403E-01 0.0
-.1249298918992281E-02 0.0
-.2010295027866960E-01 0.0
-.2798473555594683E-01 0.0
-.2655896451324224E-01 0.0
-.1898761792108416E-01 0.0
-.8923533838242292E-02 0.0
0.4290700890123845E-03 0.0
0.6952269002795220E-02 0.0
0.9840647224336862E-02 0.0
0.9442340116947889E-02 0.0
0.6844245828688145E-02 0.0
0.3374997526407242E-02 0.0
0.1824549399316311E-03 0.0
-.2017401158809662E-02 0.0
-.2997958566993475E-02 0.0
-.2926119137555361E-02 0.0
-.2187044825404882E-02 0.0
-.1205069944262505E-02 0.0
-.3141919150948524E-03 0.0
0.3004982136189938E-03 0.0
0.5977586843073368E-03 0.0
0.6358120590448380E-03 0.0
0.5164607428014279E-03 0.0
0.3388901241123676E-03 0.0
0.1732865348458290E-03 0.0
0.5418667569756508E-04 0.0
-.1276005059480667E-04 0.0
-.3857444971799850E-04 0.0
-.3954349085688591E-04 0.0
-.2983585000038147E-04 0.0
-.1852493733167648E-04 0.0
-.9754672646522521E-05 0.0
-.4362780600786209E-05 0.0
-.1627486199140549E-05 0.0
-.4852190613746643E-06 0.0
-.1052394509315491E-06 0.0
-.1257285475730896E-07 0.0
0
