# Kinemetrics coefa8-197.coe FIR filter parameter file  
#
# coefficients are symetric, listed in time order 
# type                  A  
# npoles                0  
# input sample rate     8000  
# decimal factor        8 
# normalization factor  1.0 
# gain factor           1.000000 
theoretical  1  anti_alias   fir    coef_conv 
8000 8
197
0.0000000000000000E+00 0.0
0.0000000000000000E+00 0.0
0.0000000000000000E+00 0.0
-.4656612873077393E-09 0.0
-.9313225746154785E-09 0.0
0.0000000000000000E+00 0.0
0.1862645149230957E-08 0.0
0.7450580596923829E-08 0.0
0.1722946763038635E-07 0.0
0.3166496753692627E-07 0.0
0.4889443516731263E-07 0.0
0.6379559636116028E-07 0.0
0.6705522537231446E-07 0.0
0.4563480615615845E-07 0.0
-.1722946763038635E-07 0.0
-.1359730958938599E-06 0.0
-.3175809979438782E-06 0.0
-.5518086254596711E-06 0.0
-.8028000593185424E-06 0.0
-.1002103090286255E-05 0.0
-.1049600541591644E-05 0.0
-.8214265108108520E-06 0.0
-.1923181116580963E-06 0.0
0.9248033165931701E-06 0.0
0.2536922693252563E-05 0.0
0.4515517503023148E-05 0.0
0.6560236215591431E-05 0.0
0.8180737495422363E-05 0.0
0.8729286491870880E-05 0.0
0.7481779903173447E-05 0.0
0.3786291927099228E-05 0.0
-.2739951014518738E-05 0.0
-.1198984682559967E-04 0.0
-.2316059544682503E-04 0.0
-.3463122993707657E-04 0.0
-.4398031160235405E-04 0.0
-.4819920286536217E-04 0.0
-.4413025453686715E-04 0.0
-.2911360934376716E-04 0.0
-.1777429133653641E-05 0.0
0.3716163337230682E-04 0.0
0.8425582200288772E-04 0.0
0.1330478116869926E-03 0.0
0.1743412576615810E-03 0.0
0.1971512101590633E-03 0.0
0.1903581432998180E-03 0.0
0.1449375413358211E-03 0.0
0.5648564547300339E-04 0.0
-.7239496335387230E-04 0.0
-.2303938381373882E-03 0.0
-.3970186226069927E-03 0.0
-.5438141524791718E-03 0.0
-.6375140510499478E-03 0.0
-.6450321525335312E-03 0.0
-.5398271605372429E-03 0.0
-.3087464720010757E-03 0.0
0.4184618592262268E-04 0.0
0.4820362664759159E-03 0.0
0.9577106684446334E-03 0.0
0.1394276972860098E-02 0.0
0.1705094240605831E-02 0.0
0.1804181374609470E-02 0.0
0.1621826086193323E-02 0.0
0.1120897475630045E-02 0.0
0.3110347315669060E-03 0.0
-.7423353381454945E-03 0.0
-.1916882582008839E-02 0.0
-.3042038530111313E-02 0.0
-.3917939029633999E-02 0.0
-.4343413747847081E-02 0.0
-.4149951040744782E-02 0.0
-.3236954100430012E-02 0.0
-.1602503936737776E-02 0.0
0.6364313885569573E-03 0.0
0.3239677287638187E-02 0.0
0.5859002936631442E-02 0.0
0.8073723409324884E-02 0.0
0.9444505907595157E-02 0.0
0.9579854551702737E-02 0.0
0.8206895552575588E-02 0.0
0.5236155353486538E-02 0.0
0.8095530793070793E-03 0.0
-.4678047262132168E-02 0.0
-.1059058075770736E-01 0.0
-.1609848393127322E-01 0.0
-.2025999594479799E-01 0.0
-.2212847070768475E-01 0.0
-.2087357547134161E-01 0.0
-.1590105891227722E-01 0.0
-.6954633165150881E-02 0.0
0.5815340206027031E-02 0.0
0.2182818762958050E-01 0.0
0.4010070301592350E-01 0.0
0.5932613508775831E-01 0.0
0.7799716899171472E-01 0.0
0.9455941012129187E-01 0.0
0.1075772373005748E+00 0.0
0.1158916191197932E+00 0.0
0.1187499999068677E+00 0.0
0.1158916191197932E+00 0.0
0.1075772373005748E+00 0.0
0.9455941012129187E-01 0.0
0.7799716899171472E-01 0.0
0.5932613508775831E-01 0.0
0.4010070301592350E-01 0.0
0.2182818762958050E-01 0.0
0.5815340206027031E-02 0.0
-.6954633165150881E-02 0.0
-.1590105891227722E-01 0.0
-.2087357547134161E-01 0.0
-.2212847070768475E-01 0.0
-.2025999594479799E-01 0.0
-.1609848393127322E-01 0.0
-.1059058075770736E-01 0.0
-.4678047262132168E-02 0.0
0.8095530793070793E-03 0.0
0.5236155353486538E-02 0.0
0.8206895552575588E-02 0.0
0.9579854551702737E-02 0.0
0.9444505907595157E-02 0.0
0.8073723409324884E-02 0.0
0.5859002936631442E-02 0.0
0.3239677287638187E-02 0.0
0.6364313885569573E-03 0.0
-.1602503936737776E-02 0.0
-.3236954100430012E-02 0.0
-.4149951040744782E-02 0.0
-.4343413747847081E-02 0.0
-.3917939029633999E-02 0.0
-.3042038530111313E-02 0.0
-.1916882582008839E-02 0.0
-.7423353381454945E-03 0.0
0.3110347315669060E-03 0.0
0.1120897475630045E-02 0.0
0.1621826086193323E-02 0.0
0.1804181374609470E-02 0.0
0.1705094240605831E-02 0.0
0.1394276972860098E-02 0.0
0.9577106684446334E-03 0.0
0.4820362664759159E-03 0.0
0.4184618592262268E-04 0.0
-.3087464720010757E-03 0.0
-.5398271605372429E-03 0.0
-.6450321525335312E-03 0.0
-.6375140510499478E-03 0.0
-.5438141524791718E-03 0.0
-.3970186226069927E-03 0.0
-.2303938381373882E-03 0.0
-.7239496335387230E-04 0.0
0.5648564547300339E-04 0.0
0.1449375413358211E-03 0.0
0.1903581432998180E-03 0.0
0.1971512101590633E-03 0.0
0.1743412576615810E-03 0.0
0.1330478116869926E-03 0.0
0.8425582200288772E-04 0.0
0.3716163337230682E-04 0.0
-.1777429133653641E-05 0.0
-.2911360934376716E-04 0.0
-.4413025453686715E-04 0.0
-.4819920286536217E-04 0.0
-.4398031160235405E-04 0.0
-.3463122993707657E-04 0.0
-.2316059544682503E-04 0.0
-.1198984682559967E-04 0.0
-.2739951014518738E-05 0.0
0.3786291927099228E-05 0.0
0.7481779903173447E-05 0.0
0.8729286491870880E-05 0.0
0.8180737495422363E-05 0.0
0.6560236215591431E-05 0.0
0.4515517503023148E-05 0.0
0.2536922693252563E-05 0.0
0.9248033165931701E-06 0.0
-.1923181116580963E-06 0.0
-.8214265108108520E-06 0.0
-.1049600541591644E-05 0.0
-.1002103090286255E-05 0.0
-.8028000593185424E-06 0.0
-.5518086254596711E-06 0.0
-.3175809979438782E-06 0.0
-.1359730958938599E-06 0.0
-.1722946763038635E-07 0.0
0.4563480615615845E-07 0.0
0.6705522537231446E-07 0.0
0.6379559636116028E-07 0.0
0.4889443516731263E-07 0.0
0.3166496753692627E-07 0.0
0.1722946763038635E-07 0.0
0.7450580596923829E-08 0.0
0.1862645149230957E-08 0.0
0.0000000000000000E+00 0.0
-.9313225746154785E-09 0.0
-.4656612873077393E-09 0.0
0.0000000000000000E+00 0.0
0.0000000000000000E+00 0.0
0.0000000000000000E+00 0.0
0
