# Kinemetrics coefB2-80-140.coe FIR filter parameter file  
#
# coefficients are symetric, listed in time order 
# type                  B  
# npoles                0  
# input sample rate     1000  
# decimal factor        2 
# normalization factor  1.0 
# gain factor           1.000000 
theoretical  2  anti_alias   fir    coef_conv 
1000 2
133
-.2428889274597168E-05 0.0
-.1067435368895531E-04 0.0
-.1980736851692200E-04 0.0
-.1229858025908470E-04 0.0
0.1985952258110046E-04 0.0
0.4586623981595040E-04 0.0
0.2030236646533012E-04 0.0
-.3972044214606285E-04 0.0
-.4367623478174210E-04 0.0
0.4400359466671944E-04 0.0
0.1031127758324146E-03 0.0
0.5083158612251282E-05 0.0
-.1415945589542389E-03 0.0
-.8208723738789558E-04 0.0
0.1628547906875610E-03 0.0
0.2094814553856850E-03 0.0
-.1135841012001038E-03 0.0
-.3475095145404339E-03 0.0
-.1919409260153770E-04 0.0
0.4668198525905610E-03 0.0
0.2599749714136124E-03 0.0
-.4972708411514759E-03 0.0
-.5853823386132718E-03 0.0
0.3783018328249454E-03 0.0
0.9478302672505378E-03 0.0
-.4869839176535607E-04 0.0
-.1249054912477732E-02 0.0
-.5100867711007595E-03 0.0
0.1366337761282921E-02 0.0
0.1266171690076590E-02 0.0
-.1161550171673298E-02 0.0
-.2110696863383055E-02 0.0
0.5234144628047944E-03 0.0
0.2863293979316950E-02 0.0
0.5995729006826878E-03 0.0
-.3282491583377123E-02 0.0
-.2156192902475595E-02 0.0
0.3105960320681333E-02 0.0
0.3968678414821625E-02 0.0
-.2101557329297066E-02 0.0
-.5723631940782071E-02 0.0
0.1334566622972488E-03 0.0
0.6994442082941533E-02 0.0
0.2776615787297487E-02 0.0
-.7289330009371043E-02 0.0
-.6399049889296294E-02 0.0
0.6126780528575182E-02 0.0
0.1027373224496841E-01 0.0
-.3123209811747074E-02 0.0
-.1371759781613946E-01 0.0
-.1918804831802845E-02 0.0
0.1586342463269830E-01 0.0
0.8942025247961282E-02 0.0
-.1571186771616340E-01 0.0
-.1759962970390916E-01 0.0
0.1216084510087967E-01 0.0
0.2726610703393817E-01 0.0
-.3924578428268432E-02 0.0
-.3709659771993756E-01 0.0
-.1090248627588153E-01 0.0
0.4612842202186585E-01 0.0
0.3659631544724107E-01 0.0
-.5341059947386384E-01 0.0
-.8884075190871953E-01 0.0
0.5813964642584324E-01 0.0
0.3123500826768577E+00 0.0
0.4401697833091021E+00 0.0
0.3123500826768577E+00 0.0
0.5813964642584324E-01 0.0
-.8884075190871953E-01 0.0
-.5341059947386384E-01 0.0
0.3659631544724107E-01 0.0
0.4612842202186585E-01 0.0
-.1090248627588153E-01 0.0
-.3709659771993756E-01 0.0
-.3924578428268432E-02 0.0
0.2726610703393817E-01 0.0
0.1216084510087967E-01 0.0
-.1759962970390916E-01 0.0
-.1571186771616340E-01 0.0
0.8942025247961282E-02 0.0
0.1586342463269830E-01 0.0
-.1918804831802845E-02 0.0
-.1371759781613946E-01 0.0
-.3123209811747074E-02 0.0
0.1027373224496841E-01 0.0
0.6126780528575182E-02 0.0
-.6399049889296294E-02 0.0
-.7289330009371043E-02 0.0
0.2776615787297487E-02 0.0
0.6994442082941533E-02 0.0
0.1334566622972488E-03 0.0
-.5723631940782071E-02 0.0
-.2101557329297066E-02 0.0
0.3968678414821625E-02 0.0
0.3105960320681333E-02 0.0
-.2156192902475595E-02 0.0
-.3282491583377123E-02 0.0
0.5995729006826878E-03 0.0
0.2863293979316950E-02 0.0
0.5234144628047944E-03 0.0
-.2110696863383055E-02 0.0
-.1161550171673298E-02 0.0
0.1266171690076590E-02 0.0
0.1366337761282921E-02 0.0
-.5100867711007595E-03 0.0
-.1249054912477732E-02 0.0
-.4869839176535607E-04 0.0
0.9478302672505378E-03 0.0
0.3783018328249454E-03 0.0
-.5853823386132718E-03 0.0
-.4972708411514759E-03 0.0
0.2599749714136124E-03 0.0
0.4668198525905610E-03 0.0
-.1919409260153770E-04 0.0
-.3475095145404339E-03 0.0
-.1135841012001038E-03 0.0
0.2094814553856850E-03 0.0
0.1628547906875610E-03 0.0
-.8208723738789558E-04 0.0
-.1415945589542389E-03 0.0
0.5083158612251282E-05 0.0
0.1031127758324146E-03 0.0
0.4400359466671944E-04 0.0
-.4367623478174210E-04 0.0
-.3972044214606285E-04 0.0
0.2030236646533012E-04 0.0
0.4586623981595040E-04 0.0
0.1985952258110046E-04 0.0
-.1229858025908470E-04 0.0
-.1980736851692200E-04 0.0
-.1067435368895531E-04 0.0
-.2428889274597168E-05 0.0
0
