# Kinemetrics coefB3C-80.coe FIR filter parameter file  
#
# coefficients are non-symetric, listed in time order 
# type                  B  
# npoles                0  
# input sample rate     6000  
# decimal factor        3 
# normalization factor  1.0 
# gain factor           1.000000 
theoretical  2  anti_alias   fir    coef_conv 
6000 3 11
179
0.5767913535237313E-04 0.0
0.4473417066037655E-03 0.0
0.1971891149878502E-02 0.0
0.6342951208353043E-02 0.0
0.1635999698191881E-01 0.0
0.3546351660043001E-01 0.0
0.6631931895390153E-01 0.0
0.1085496614687145E+00 0.0
0.1564770471304655E+00 0.0
0.1983860679902136E+00 0.0
0.2187563343904912E+00 0.0
0.2037934930995107E+00 0.0
0.1486233170144260E+00 0.0
0.6270481459796429E-01 0.0
-.3030429128557444E-01 0.0
-.1000063852407038E+00 0.0
-.1220102887600660E+00 0.0
-.9021702827885746E-01 0.0
-.2175041195005178E-01 0.0
0.4951663641259075E-01 0.0
0.8893744554370641E-01 0.0
0.7877130201086402E-01 0.0
0.2771588088944554E-01 0.0
-.3382367966696620E-01 0.0
-.7086772844195366E-01 0.0
-.6389064481481910E-01 0.0
-.1987744728103280E-01 0.0
0.3250821353867650E-01 0.0
0.6091351713985205E-01 0.0
0.4933433886617422E-01 0.0
0.7558280602097512E-02 0.0
-.3597582923248410E-01 0.0
-.5314330989494920E-01 0.0
-.3438886487856507E-01 0.0
0.5756543949246407E-02 0.0
0.3932168427854776E-01 0.0
0.4419501498341561E-01 0.0
0.1879709633067250E-01 0.0
-.1776088913902640E-01 0.0
-.3972064331173897E-01 0.0
-.3276805765926838E-01 0.0
-.3444487228989601E-02 0.0
0.2641725121065974E-01 0.0
0.3577971877530217E-01 0.0
0.1923154760152101E-01 0.0
-.9941414929926395E-02 0.0
-.3017364954575896E-01 0.0
-.2749653020873666E-01 0.0
-.5200429819524289E-02 0.0
0.1944062998518348E-01 0.0
0.2843016339465976E-01 0.0
0.1617961237207055E-01 0.0
-.7084834855049849E-02 0.0
-.2367476187646389E-01 0.0
-.2183785429224372E-01 0.0
-.4072588868439198E-02 0.0
0.1552921393886208E-01 0.0
0.2237502718344331E-01 0.0
0.1221605576574802E-01 0.0
-.6313741207122803E-02 0.0
-.1890120329335332E-01 0.0
-.1657250756397843E-01 0.0
-.2062075771391392E-02 0.0
0.1297258399426937E-01 0.0
0.1725599355995655E-01 0.0
0.8328430354595184E-02 0.0
-.6189320702105761E-02 0.0
-.1500473078340292E-01 0.0
-.1190746761858463E-01 0.0
-.9907688945531845E-04 0.0
0.1088530384004116E-01 0.0
0.1283229188993573E-01 0.0
0.4964142106473446E-02 0.0
-.6021298933774233E-02 0.0
-.1158339530229568E-01 0.0
-.7951896172016859E-02 0.0
0.1382893417030573E-02 0.0
0.8889964316040277E-02 0.0
0.9039335418492555E-02 0.0
0.2341163810342550E-02 0.0
-.5540620069950819E-02 0.0
-.8528396952897310E-02 0.0
-.4790631588548422E-02 0.0
0.2231745980679989E-02 0.0
0.6909871939569712E-02 0.0
0.5910788197070361E-02 0.0
0.5286508239805699E-03 0.0
-.4729236941784621E-02 0.0
-.5880900193005801E-02 0.0
-.2456574235111475E-02 0.0
0.2483549062162638E-02 0.0
0.5032374057918787E-02 0.0
0.3502808511257172E-02 0.0
-.5102078430354596E-03 0.0
-.3687086515128612E-02 0.0
-.3700498957186937E-02 0.0
-.8880537934601306E-03 0.0
0.2293710131198168E-02 0.0
0.3379410132765770E-02 0.0
0.1780457329005003E-02 0.0
-.9770113974809646E-03 0.0
-.2661350183188915E-02 0.0
-.2123324666172266E-02 0.0
-.4587508738040924E-04 0.0
0.1799121964722872E-02 0.0
0.2039018552750349E-02 0.0
0.7000453770160675E-03 0.0
-.9903330355882644E-03 0.0
-.1697598490864038E-02 0.0
-.1015977002680302E-02 0.0
0.3438396379351616E-03 0.0
0.1249551773071289E-02 0.0
0.1073187682777643E-02 0.0
0.1035714522004127E-03 0.0
-.8034659549593925E-03 0.0
-.9628562256693840E-03 0.0
-.3625904209911823E-03 0.0
0.4243692383170128E-03 0.0
0.7666889578104020E-03 0.0
0.4694857634603978E-03 0.0
-.1408467069268227E-03 0.0
-.5471771582961083E-03 0.0
-.4696040414273739E-03 0.0
-.4464900121092797E-04 0.0
0.3453399986028671E-03 0.0
0.4063467495143414E-03 0.0
0.1455983147025108E-03 0.0
-.1828935928642750E-03 0.0
-.3151120617985725E-03 0.0
-.1827827654778957E-03 0.0
0.6669200956821442E-04 0.0
0.2209278754889965E-03 0.0
0.1780604943633079E-03 0.0
0.6308313459157944E-05 0.0
-.1388024538755417E-03 0.0
-.1504500396549702E-03 0.0
-.4444876685738564E-04 0.0
0.7547251880168915E-04 0.0
0.1143221743404865E-03 0.0
0.5783140659332276E-04 0.0
-.3183120861649513E-04 0.0
-.7903855293989182E-04 0.0
-.5595851689577103E-04 0.0
0.5292706191539765E-05 0.0
0.4961853846907616E-04 0.0
0.4642922431230545E-04 0.0
0.8289236575365066E-05 0.0
-.2783024683594704E-04 0.0
-.3453902900218964E-04 0.0
-.1320755109190941E-04 0.0
0.1334864646196365E-04 0.0
0.2343999221920967E-04 0.0
0.1312326639890671E-04 0.0
-.4777219146490097E-05 0.0
-.1459475606679916E-04 0.0
-.1072417944669723E-04 0.0
0.4093162715435028E-06 0.0
0.8326489478349685E-05 0.0
0.7725786417722702E-05 0.0
0.1329462975263596E-05 0.0
-.4325527697801590E-05 0.0
-.5041249096393586E-05 0.0
-.1644250005483627E-05 0.0
0.2028420567512512E-05 0.0
0.3015156835317612E-05 0.0
0.1344829797744751E-05 0.0
-.8502975106239318E-06 0.0
-.1666601747274399E-05 0.0
-.8940696716308593E-06 0.0
0.3278255462646484E-06 0.0
0.8600763976573944E-06 0.0
0.5085021257400513E-06 0.0
-.1289881765842438E-06 0.0
-.4339963197708130E-06 0.0
-.2747401595115662E-06 0.0
0.1024454832077026E-06 0.0
0.4055909812450409E-06 0.0
-.2537854015827179E-06 0.0
0.4097819328308106E-07 0.0
0
