# Kinemetrics coefB5C-350.coe FIR filter parameter file  
#
# coefficients are non-symetric, listed in time order 
# type                  2  
# npoles                0  
# input sample rate     1000  
# decimal factor        5 
# normalization factor  1.0 
# gain factor           1.000000 
theoretical  2  anti_alias   fir    coef_conv 
1000 5 21
350
0.1227483153343201E-05 0.0
0.7811468094587326E-05 0.0
0.3114994615316391E-04 0.0
0.9695673361420631E-04 0.0
0.2559931017458439E-03 0.0
0.5981908179819584E-03 0.0
0.1268708147108555E-02 0.0
0.2482647541910410E-02 0.0
0.4533271770924330E-02 0.0
0.7787101902067662E-02 0.0
0.1265889173373580E-01 0.0
0.1956105418503284E-01 0.0
0.2882588887587190E-01 0.0
0.4060514597222209E-01 0.0
0.5475919973105193E-01 0.0
0.7075596600770951E-01 0.0
0.8760562771931290E-01 0.0
0.1038588052615523E+00 0.0
0.1176911657676101E+00 0.0
0.1270855823531747E+00 0.0
0.1301046148873866E+00 0.0
0.1252238578163087E+00 0.0
0.1116750813089311E+00 0.0
0.8973254682496190E-01 0.0
0.6087180739268661E-01 0.0
0.2774152019992471E-01 0.0
-.6083838641643525E-02 0.0
-.3656200831755996E-01 0.0
-.5979672307148576E-01 0.0
-.7270935270935297E-01 0.0
-.7364220917224884E-01 0.0
-.6276289559900761E-01 0.0
-.4216347029432655E-01 0.0
-.1560008060187101E-01 0.0
0.1211010338738561E-01 0.0
0.3594167716801166E-01 0.0
0.5160664813593030E-01 0.0
0.5640119500458241E-01 0.0
0.4976732237264514E-01 0.0
0.3343212464824319E-01 0.0
0.1107216998934746E-01 0.0
-.1244581211358309E-01 0.0
-.3209761157631874E-01 0.0
-.4378684330731631E-01 0.0
-.4523968603461981E-01 0.0
-.3649998595938086E-01 0.0
-.1990153873339295E-01 0.0
0.4861084744334221E-03 0.0
0.1981667149811983E-01 0.0
0.3360889712348580E-01 0.0
0.3879982372745871E-01 0.0
0.3445457248017192E-01 0.0
0.2195791807025671E-01 0.0
0.4638713318854571E-02 0.0
-.1308089820668101E-01 0.0
-.2679941663518548E-01 0.0
-.3323295759037137E-01 0.0
-.3101799963042140E-01 0.0
-.2101698471233249E-01 0.0
-.6051507312804461E-02 0.0
0.9863954037427902E-02 0.0
0.2258482389152050E-01 0.0
0.2891572099179029E-01 0.0
0.2742306934669614E-01 0.0
0.1876990450546145E-01 0.0
0.5490191746503115E-02 0.0
-.8729678578674793E-02 0.0
-.2006291365250945E-01 0.0
-.2557139564305544E-01 0.0
-.2397374529391527E-01 0.0
-.1594850420951843E-01 0.0
-.3898010123521089E-02 0.0
0.8752741385251283E-02 0.0
0.1852116920053959E-01 0.0
0.2282527368515730E-01 0.0
0.2067029243335128E-01 0.0
0.1287907687947154E-01 0.0
0.1811807043850422E-02 0.0
-.9335582610219717E-02 0.0
-.1744845602661371E-01 0.0
-.2036358974874020E-01 0.0
-.1744847791269422E-01 0.0
-.9733254089951515E-02 0.0
0.4311348311603070E-03 0.0
0.1007959200069308E-01 0.0
0.1649396261200309E-01 0.0
0.1796890236437321E-01 0.0
0.1426607789471745E-01 0.0
0.6634984165430069E-02 0.0
-.2593662589788437E-02 0.0
-.1071292720735073E-01 0.0
-.1543119922280312E-01 0.0
-.1551901595667005E-01 0.0
-.1112812897190452E-01 0.0
-.3700069617480040E-02 0.0
0.4496714100241661E-02 0.0
0.1105489209294319E-01 0.0
0.1413370808586478E-01 0.0
0.1297519402578473E-01 0.0
0.8086189161986112E-02 0.0
0.1043781172484159E-02 0.0
-.6006190553307534E-02 0.0
-.1099976757541299E-01 0.0
-.1255796616896987E-01 0.0
-.1036616787314415E-01 0.0
-.5225650034844876E-02 0.0
0.1226288266479969E-02 0.0
0.7032780442386866E-02 0.0
0.1050868118181825E-01 0.0
0.1072842814028263E-01 0.0
0.7769399788230658E-02 0.0
0.2647671848535538E-02 0.0
-.3022837452590465E-02 0.0
-.7535411976277829E-02 0.0
-.9602523874491453E-02 0.0
-.8721501100808382E-02 0.0
-.5290423519909382E-02 0.0
-.4497771151363850E-03 0.0
0.4291289951652289E-02 0.0
0.7522936910390854E-02 0.0
0.8352290838956832E-02 0.0
0.6647418718785048E-02 0.0
0.3041774034500122E-02 0.0
-.1291689462959766E-02 0.0
-.5018395371735096E-02 0.0
-.7051187101751566E-02 0.0
-.6865634582936764E-02 0.0
-.4630653653293848E-02 0.0
-.1123544760048389E-02 0.0
0.2534674014896154E-02 0.0
0.5234933923929930E-02 0.0
0.6214592605829239E-02 0.0
0.5270315334200859E-02 0.0
0.2790719736367464E-02 0.0
-.3921571187674999E-03 0.0
-.3278306219726801E-02 0.0
-.5011877976357937E-02 0.0
-.5133099388331175E-02 0.0
-.3696376923471689E-02 0.0
-.1225604210048914E-02 0.0
0.1471062190830707E-02 0.0
0.3562903963029385E-02 0.0
0.4450757056474686E-02 0.0
0.3936312627047300E-02 0.0
0.2259508706629276E-02 0.0
-.5960464477539063E-07 0.0
-.2119879238307476E-02 0.0
-.3463540226221085E-02 0.0
-.3670003265142441E-02 0.0
-.2747358288615942E-02 0.0
-.1047907862812281E-02 0.0
0.8607585914433002E-03 0.0
0.2382876817137003E-02 0.0
0.3078770358115435E-02 0.0
0.2789774443954229E-02 0.0
0.1669011078774929E-02 0.0
0.1143822446465492E-03 0.0
-.1369448844343424E-02 0.0
-.2333061303943396E-02 0.0
-.2516761887818575E-02 0.0
-.1917822286486626E-02 0.0
-.7740757428109646E-03 0.0
0.5255835130810738E-03 0.0
0.1571297179907560E-02 0.0
0.2059992868453264E-02 0.0
0.1881415955722332E-02 0.0
0.1138637308031321E-02 0.0
0.1011705026030540E-03 0.0
-.8901152759790420E-03 0.0
-.1533447299152613E-02 0.0
-.1656608190387487E-02 0.0
-.1260748598724604E-02 0.0
-.5072662606835366E-03 0.0
0.3440594300627708E-03 0.0
0.1022912096232176E-02 0.0
0.1333016902208328E-02 0.0
0.1207385677844286E-02 0.0
0.7191961631178856E-03 0.0
0.4824809730052948E-04 0.0
-.5831834860146046E-03 0.0
-.9827627800405025E-03 0.0
-.1045528799295425E-02 0.0
-.7795928977429867E-03 0.0
-.2945382148027420E-03 0.0
0.2409173175692558E-03 0.0
0.6563127972185612E-03 0.0
0.8327332325279712E-03 0.0
0.7356391288340092E-03 0.0
0.4186197184026242E-03 0.0
-.7441267371177674E-06 0.0
-.3830241039395332E-03 0.0
-.6123948842287064E-03 0.0
-.6308332085609436E-03 0.0
-.4512849263846875E-03 0.0
-.1474339514970779E-03 0.0
0.1747054047882557E-03 0.0
0.4128748551011086E-03 0.0
0.5003036931157113E-03 0.0
0.4234896041452885E-03 0.0
0.2216324210166931E-03 0.0
-.3046030178666115E-04 0.0
-.2491446211934090E-03 0.0
-.3690528683364391E-03 0.0
-.3619706258177757E-03 0.0
-.2422514371573925E-03 0.0
-.5829986184835434E-04 0.0
0.1259059645235538E-03 0.0
0.2524722367525101E-03 0.0
0.2872692421078682E-03 0.0
0.2284152433276176E-03 0.0
0.1037390902638435E-03 0.0
-.4092138260602951E-04 0.0
-.1579849049448967E-03 0.0
-.2133529633283615E-03 0.0
-.1958590000867843E-03 0.0
-.1185042783617973E-03 0.0
-.1189531758427620E-04 0.0
0.8725188672542572E-04 0.0
0.1483866944909096E-03 0.0
0.1561832614243030E-03 0.0
0.1138322986662388E-03 0.0
0.4009110853075982E-04 0.0
-.3831228241324425E-04 0.0
-.9603146463632583E-04 0.0
-.1170164905488491E-03 0.0
-.9863497689366340E-04 0.0
-.5106069147586823E-04 0.0
0.7358379662036896E-05 0.0
0.5684932693839074E-04 0.0
0.8268235251307487E-04 0.0
0.7931655272841454E-04 0.0
0.5114916712045670E-04 0.0
0.9992625564336776E-05 0.0
-.2954015508294105E-04 0.0
-.5503511056303978E-04 0.0
-.6000045686960221E-04 0.0
-.4526739940047264E-04 0.0
-.1787440851330757E-04 0.0
0.1191440969705582E-04 0.0
0.3428803756833076E-04 0.0
0.4298426210880280E-04 0.0
0.3688270226120949E-04 0.0
0.1975009217858314E-04 0.0
-.1561362296342850E-05 0.0
-.1969933509826660E-04 0.0
-.2923840656876564E-04 0.0
-.2819811925292015E-04 0.0
-.1825159415602684E-04 0.0
-.3733206540346146E-05 0.0
0.1009786501526833E-04 0.0
0.1887744292616844E-04 0.0
0.2043461427092552E-04 0.0
0.1521315425634384E-04 0.0
0.5792360752820969E-05 0.0
-.4226807504892350E-05 0.0
-.1152791082859039E-04 0.0
-.1411512494087219E-04 0.0
-.1179100945591927E-04 0.0
-.5979556590318680E-05 0.0
0.9550713002681732E-06 0.0
0.6608664989471436E-05 0.0
0.9323935955762863E-05 0.0
0.8631031960248947E-05 0.0
0.5238223820924759E-05 0.0
0.6351619958877564E-06 0.0
-.3504566848278046E-05 0.0
-.5898531526327134E-05 0.0
-.6019137799739838E-05 0.0
-.4160217940807343E-05 0.0
-.1223292201757431E-05 0.0
0.1669395714998245E-05 0.0
0.3577210009098053E-05 0.0
0.4022382199764252E-05 0.0
0.3082212060689926E-05 0.0
0.1277308911085129E-05 0.0
-.6631016731262207E-06 0.0
-.2079177647829056E-05 0.0
-.2585817128419876E-05 0.0
-.2159271389245987E-05 0.0
-.1089647412300110E-05 0.0
0.1653097569942474E-06 0.0
0.1159496605396271E-05 0.0
0.1605600118637085E-05 0.0
0.1444481313228607E-05 0.0
0.8312053978443145E-06 0.0
0.4516914486885071E-07 0.0
-.6207264959812165E-06 0.0
-.9648501873016357E-06 0.0
-.9266659617424011E-06 0.0
-.5848705768585205E-06 0.0
-.1075677573680878E-06 0.0
0.3208406269550323E-06 0.0
0.5643814802169800E-06 0.0
0.5736947059631348E-06 0.0
0.3869645297527313E-06 0.0
0.1043081283569336E-06 0.0
-.1611188054084778E-06 0.0
-.3217719495296478E-06 0.0
-.3422610461711883E-06 0.0
-.2416782081127167E-06 0.0
-.7776543498039246E-07 0.0
0.8102506399154663E-07 0.0
0.1806765794754028E-06 0.0
0.1983717083930969E-06 0.0
0.1438893377780914E-06 0.0
0.5029141902923584E-07 0.0
-.4144385457038880E-07 0.0
-.9965151548385620E-07 0.0
-.1108273863792419E-06 0.0
-.8055940270423889E-07 0.0
-.2793967723846435E-07 0.0
0.2328306436538696E-07 0.0
0.5494803190231324E-07 0.0
0.6053596735000611E-07 0.0
0.4284083843231202E-07 0.0
0.1350417733192444E-07 0.0
-.1350417733192444E-07 0.0
-.2980232238769531E-07 0.0
-.3119930624961853E-07 0.0
-.2048909664154053E-07 0.0
-.4656612873077393E-08 0.0
0.8847564458847045E-08 0.0
0.1629814505577087E-07 0.0
0.1583248376846313E-07 0.0
0.9313225746154785E-08 0.0
0.9313225746154785E-09 0.0
-.5587935447692871E-08 0.0
-.7916241884231568E-08 0.0
-.6519258022308350E-08 0.0
-.2793967723846435E-08 0.0
0.9313225746154785E-09 0.0
0.3725290298461914E-08 0.0
0.4190951585769654E-08 0.0
0.2793967723846435E-08 0.0
0.4656612873077393E-09 0.0
-.9313225746154785E-09 0.0
-.1862645149230957E-08 0.0
-.1396983861923218E-08 0.0
0.0000000000000000E+00 0.0
0.9313225746154785E-09 0.0
0.1396983861923218E-08 0.0
0.9313225746154785E-09 0.0
0.0000000000000000E+00 0.0
0.0000000000000000E+00 0.0
-.4656612873077393E-09 0.0
0.0000000000000000E+00 0.0
0.4656612873077393E-09 0.0
0.4656612873077393E-09 0.0
0.0000000000000000E+00 0.0
0.0000000000000000E+00 0.0
0
