# Kinemetrics FIRA200DP.COE FIR filter parameter file  
# version:      $Revision$Date: 2007/05/26 22:51:26
#
# coefficients are symetric, listed in time order 
# type                  2  
# npoles                0  
# input sample rate     2000  
# decimal factor        5 
# normalization factor  1.0 
# gain factor           1.000000 
theoretical  1  anti_alias   fir    coef_conv 
2000 5 35
71
1.4499856376840774e-008		0.0 
1.1130032305357827e-007		0.0 
4.7221600168000152e-007		0.0 
1.4019774463613722e-006		0.0 
3.0992987471578809e-006		0.0 
4.9070610448401276e-006		0.0 
3.8266936362390762e-006		0.0 
-7.5064400578694638e-006	0.0 
-4.2364287338011237e-005	0.0 
-0.00011895322098115373	0.0 
-0.00025435311641709983	0.0 
-0.0004516526365417757	0.0 
-0.00068157153713940138	0.0 
-0.00086484747593299979	0.0 
-0.00086693349920859662	0.0 
-0.00051889714491875662	0.0 
 0.00032581743836320489	0.0 
 0.001701968172632354	0.0 
 0.0034333688923054496	0.0 
 0.0050667958723751164	0.0 
 0.0058911496565704395	0.0 
 0.0050827421376805531	0.0 
 0.0019810128631776985	0.0 
-0.0035565437463505795	0.0 
-0.010827796829656886	0.0 
-0.018127077378875565	0.0 
-0.02287774762237206	0.0 
-0.02210865226243407	0.0 
-0.013213419575154522	0.0 
 0.0051882915886853802	0.0 
 0.032548026671087159	0.0 
 0.066104024453362276	0.0 
 0.10117942283641997	0.0 
 0.13205885661216102	0.0 
 0.15324997317409997	0.0 
 0.16079405755138368	0.0 
 0.15324997317409997	0.0 
 0.13205885661216102	0.0 
 0.10117942283641997	0.0 
 0.066104024453362276	0.0 
 0.032548026671087159	0.0 
 0.0051882915886853802	0.0 
-0.013213419575154522	0.0 
-0.02210865226243407	0.0 
-0.02287774762237206	0.0 
-0.018127077378875565	0.0 
-0.010827796829656886	0.0 
-0.0035565437463505795	0.0 
 0.0019810128631776985	0.0 
 0.0050827421376805531	0.0 
 0.0058911496565704395	0.0 
 0.0050667958723751164	0.0 
 0.0034333688923054496	0.0 
 0.001701968172632354	0.0 
 0.00032581743836320489	0.0 
-0.00051889714491875662	0.0 
-0.00086693349920859662	0.0 
-0.00086484747593299979	0.0 
-0.00068157153713940138	0.0 
-0.0004516526365417757	0.0 
-0.00025435311641709983	0.0 
-0.00011895322098115373	0.0 
-4.2364287338011237e-005	0.0 
-7.5064400578694638e-006	0.0 
3.8266936362390762e-006		0.0 
4.9070610448401276e-006		0.0 
3.0992987471578809e-006		0.0 
1.4019774463613722e-006		0.0 
4.7221600168000152e-007		0.0 
1.1130032305357827e-007		0.0 
1.4499856376840774e-008		0.0 
 0
