# Kinemetrics FIRA250.COE FIR filter parameter file  
# coefficients are symetric, listed in time order 
# type                  2  
# npoles                0  
# input sample rate     2000  
# decimal factor        4 
# normalization factor  1.0 
# gain factor           1.000000 
theoretical  1  anti_alias   fir    coef_conv 
2000 4 23
47
 .00000191	0.0 
 .00000966	0.0 
 .00002182	0.0 
 .00001311	0.0 
-.00008249	0.0 
-.00035322	0.0 
-.00081623	0.0 
-.00127113	0.0 
-.00121140	0.0 
 .00001979	0.0 
 .00273001	0.0 
 .00619853	0.0 
 .00832188	0.0 
 .00618386	0.0 
-.00222659	0.0 
-.01575053	0.0 
-.02863240	0.0 
-.03140533	0.0 
-.01456451	0.0 
 .02622151	0.0 
 .08603883	0.0 
 .15049803	0.0 
 .20032513	0.0 
 .21908259	0.0 
 .20032513	0.0 
 .15049803	0.0 
 .08603883	0.0 
 .02622151	0.0 
-.01456451	0.0 
-.03140533	0.0 
-.02863240	0.0 
-.01575053	0.0 
-.00222659	0.0 
 .00618386	0.0 
 .00832188	0.0 
 .00619853	0.0 
 .00273001	0.0 
 .00001979	0.0 
-.00121140	0.0 
-.00127113	0.0 
-.00081623	0.0 
-.00035322	0.0 
-.00008249	0.0 
 .00001311	0.0 
 .00002182	0.0 
 .00000966	0.0 
 .00000191	0.0 
