# Kinemetrics FIRA100S3.COE FIR filter parameter file  
# version:      $Revision$Date: 2007/05/26 22:51:26
#
# coefficients are symetric, listed in time order 
# type                  2  
# npoles                0  
# input sample rate     2000  
# decimal factor        10 
# normalization factor  1.0 
# gain factor           1.000000 
theoretical  1  anti_alias   fir    coef_conv 
2000 10 56
113
 .00000000	0.0 
 .00000000	0.0 
-.00000048	0.0 
-.00000167	0.0 
-.00000417	0.0 
-.00000894	0.0 
-.00001717	0.0 
-.00003040	0.0 
-.00005019	0.0 
-.00007820	0.0 
-.00011551	0.0 
-.00016236	0.0 
-.00021756	0.0 
-.00027812	0.0 
-.00033844	0.0 
-.00039029	0.0 
-.00042260	0.0 
-.00042188	0.0 
-.00037324	0.0 
-.00026202	0.0 
-.00007546	0.0 
 .00019443	0.0 
 .00054872	0.0 
 .00097799	0.0 
 .00146079	0.0 
 .00196183	0.0 
 .00243247	0.0 
 .00281143	0.0 
 .00302923	0.0 
 .00301325	0.0 
 .00269496	0.0 
 .00201941	0.0 
 .00095379	0.0 
-.00050199	0.0 
-.00230825	0.0 
-.00437891	0.0 
-.00657964	0.0 
-.00872934	0.0 
-.01060736	0.0 
-.01196527	0.0 
-.01254296	0.0 
-.01208866	0.0 
-.01038122	0.0 
-.00725269	0.0 
-.00260866	0.0 
 .00355387	0.0 
 .01113701	0.0 
 .01993644	0.0 
 .02964747	0.0 
 .03987753	0.0 
 .05016792	0.0 
 .06002200	0.0 
 .06893742	0.0 
 .07644093	0.0 
 .08212268	0.0 
 .08566558	0.0 
 .08686936	0.0 
 .08566558	0.0 
 .08212268	0.0 
 .07644093	0.0 
 .06893742	0.0 
 .06002200	0.0 
 .05016792	0.0 
 .03987753	0.0 
 .02964747	0.0 
 .01993644	0.0 
 .01113701	0.0 
 .00355387	0.0 
-.00260866	0.0 
-.00725269	0.0 
-.01038122	0.0 
-.01208866	0.0 
-.01254296	0.0 
-.01196527	0.0 
-.01060736	0.0 
-.00872934	0.0 
-.00657964	0.0 
-.00437891	0.0 
-.00230825	0.0 
-.00050199	0.0 
 .00095379	0.0 
 .00201941	0.0 
 .00269496	0.0 
 .00301325	0.0 
 .00302923	0.0 
 .00281143	0.0 
 .00243247	0.0 
 .00196183	0.0 
 .00146079	0.0 
 .00097799	0.0 
 .00054872	0.0 
 .00019443	0.0 
-.00007546	0.0 
-.00026202	0.0 
-.00037324	0.0 
-.00042188	0.0 
-.00042260	0.0 
-.00039029	0.0 
-.00033844	0.0 
-.00027812	0.0 
-.00021756	0.0 
-.00016236	0.0 
-.00011551	0.0 
-.00007820	0.0 
-.00005019	0.0 
-.00003040	0.0 
-.00001717	0.0 
-.00000894	0.0 
-.00000417	0.0 
-.00000167	0.0 
-.00000048	0.0 
 .00000000	0.0 
 .00000000	0.0 
 0
