# Kinemetrics FIRA250DP.COE FIR filter parameter file  
# version:      $Revision$Date: 2007/05/26 22:51:26
#
# coefficients are symetric, listed in time order 
# type                  2  
# npoles                0  
# input sample rate     2000  
# decimal factor        4 
# normalization factor  1.0 
# gain factor           1.000000 
theoretical  1  anti_alias   fir    coef_conv 
2000 4 28
57
5.4505551448813726e-008		0.0 
5.0200687381190921e-007		0.0 
2.4129896681395019e-006		0.0 
7.7540269642140501e-006		0.0 
1.7751011206026324e-005		0.0 
2.7414151263366655e-005		0.0 
1.6223997987590426e-005		0.0 
-5.8894128128669311e-005	0.0 
-0.0002541765833398886	0.0 
-0.00059735761027136694	0.0 
-0.0010133572919273895	0.0 
-0.0012528544486624649	0.0 
-0.00089901589989437112	0.0 
 0.00046655211878769763	0.0 
 0.0029240598307249139	0.0 
 0.0058269875715311692	0.0 
 0.0076358400548551565	0.0 
 0.0062778276666626285	0.0 
 0.00015267294491464066	0.0 
-0.010481889675967979	0.0 
-0.022422081054182693	0.0 
-0.02955468293290436	0.0 
-0.024515397379004149	0.0 
-0.0016899521059950198	0.0 
 0.039592003760413601	0.0 
 0.093265144777666273	0.0 
 0.14737101221602875	0.0 
 0.18763870299520988	0.0 
 0.20253450288375005	0.0 
 0.18763870299520988	0.0 
 0.14737101221602875	0.0 
 0.093265144777666273	0.0 
 0.039592003760413601	0.0 
-0.0016899521059950198	0.0 
-0.024515397379004149	0.0 
-0.02955468293290436	0.0 
-0.022422081054182693	0.0 
-0.010481889675967979	0.0 
 0.00015267294491464066	0.0 
 0.0062778276666626285	0.0 
 0.0076358400548551565	0.0 
 0.0058269875715311692	0.0 
 0.0029240598307249139	0.0 
 0.00046655211878769763	0.0 
-0.00089901589989437112	0.0 
-0.0012528544486624649	0.0 
-0.0010133572919273895	0.0 
-0.00059735761027136694	0.0 
-0.0002541765833398886	0.0 
-5.8894128128669311e-005	0.0 
1.6223997987590426e-005		0.0 
2.7414151263366655e-005		0.0 
1.7751011206026324e-005		0.0 
7.7540269642140501e-006		0.0 
2.4129896681395019e-006		0.0 
5.0200687381190921e-007		0.0 
5.4505551448813726e-008		0.0 
 0
