# Kinemetrics FIRA200.COE FIR filter parameter file  
# coefficients are symetric, listed in time order 
# type                  2  
# npoles                0  
# input sample rate     2000  
# decimal factor        5 
# normalization factor  1.0 
# gain factor           1.000000 
theoretical  1  anti_alias   fir    coef_conv 
2000 5 26
57
 .00000012	0.0 
-.00000060	0.0 
-.00000727	0.0 
-.00003207	0.0 
-.00009632	0.0 
-.00022495	0.0 
-.00042784	0.0 
-.00066984	0.0 
-.00084126	0.0 
-.00074971	0.0 
-.00016510	0.0 
 .00106990	0.0 
 .00288117	0.0 
 .00481701	0.0 
 .00601399	0.0 
 .00536406	0.0 
 .00191724	0.0 
-.00455630	0.0 
-.01304090	0.0 
-.02104270	0.0 
-.02487850	0.0 
-.02055144	0.0 
-.00504291	0.0 
 .02237165	0.0 
 .05928445	0.0 
 .10020459	0.0 
 .13763285	0.0 
 .16392577	0.0 
 .17339122	0.0 
 .16392577	0.0 
 .13763285	0.0 
 .10020459	0.0 
 .05928445	0.0 
 .02237165	0.0 
-.00504291	0.0 
-.02055144	0.0 
-.02487850	0.0 
-.02104270	0.0 
-.01304090	0.0 
-.00455630	0.0 
 .00191724	0.0 
 .00536406	0.0 
 .00601399	0.0 
 .00481701	0.0 
 .00288117	0.0 
 .00106990	0.0 
-.00016510	0.0 
-.00074971	0.0 
-.00084126	0.0 
-.00066984	0.0 
-.00042784	0.0 
-.00022495	0.0 
-.00009632	0.0 
-.00003207	0.0 
-.00000727	0.0 
-.00000060	0.0 
 .00000012	0.0 
