# Kinemetrics FIRA250S3.COE FIR filter parameter file  
# $Id$
#
# coefficients are symetric, listed in time order 
# type                  2  
# npoles                0  
# input sample rate     2000  
# decimal factor        4 
# normalization factor  1.0 
# gain factor           1.000000 
theoretical  1  anti_alias   fir    coef_conv 
2000 4 23
47
 .00000000	0.0 
-.00000036	0.0 
-.00000763	0.0 
-.00004601	0.0 
-.00016677	0.0 
-.00042641	0.0 
-.00080919	0.0 
-.00110686	0.0 
-.00085807	0.0 
 .00049806	0.0 
 .00316060	0.0 
 .00635338	0.0 
 .00801980	0.0 
 .00538957	0.0 
-.00336659	0.0 
-.01695931	0.0 
-.02961421	0.0 
-.03195298	0.0 
-.01460981	0.0 
 .02662635	0.0 
 .08677912	0.0 
 .15145206	0.0 
 .20139241	0.0 
 .22018480	0.0 
 .20139241	0.0 
 .15145206	0.0 
 .08677912	0.0 
 .02662635	0.0 
-.01460981	0.0 
-.03195298	0.0 
-.02961421	0.0 
-.01695931	0.0 
-.00336659	0.0 
 .00538957	0.0 
 .00801980	0.0 
 .00635338	0.0 
 .00316060	0.0 
 .00049806	0.0 
-.00085807	0.0 
-.00110686	0.0 
-.00080919	0.0 
-.00042641	0.0 
-.00016677	0.0 
-.00004601	0.0 
-.00000763	0.0 
-.00000036	0.0 
 .00000000	0.0 
 0
