# Kinemetrics FIRA100DP.COE FIR filter parameter file  
# version:      $Revision$Date: 2007/05/26 22:51:26
#
# coefficients are symetric, listed in time order 
# type                  2  
# npoles                0  
# input sample rate     2000  
# decimal factor        10 
# normalization factor  1.0 
# gain factor           1.000000 
theoretical  1  anti_alias   fir    coef_conv 
2000 10 71
143
1.3581456639096959e-009		0.0 
6.0293657269895184e-009		0.0 
1.8466369094318948e-008		0.0 
4.6045404034499529e-008		0.0 
9.9811239457078844e-008		0.0 
1.9426489014247213e-007		0.0 
3.4550351376666265e-007		0.0 
5.666297669053412e-007		0.0 
8.5920660026622201e-007		0.0 
1.1995800637248983e-006		0.0 
1.5192344507817968e-006		0.0 
1.6790746650463563e-006		0.0 
1.4387347289900814e-006		0.0 
4.2365877866022331e-007		0.0 
-1.9052588571917606e-006	0.0 
-6.2724845587821339e-006	0.0 
-1.3590061744449592e-005	0.0 
-2.4930709219111255e-005	0.0 
-4.1460915734647886e-005	0.0 
-6.4324416361153253e-005	0.0 
-9.4469822143394223e-005	0.0 
-0.00013242198588978029	0.0 
-0.00017800493409141183	0.0 
-0.00023003453403004585	0.0 
-0.00028601069063292358	0.0 
-0.00034185049912817059	0.0 
-0.00039171372719723057	0.0 
-0.00042797827161889293	0.0 
-0.00044142375614846196	0.0 
-0.00042167432395353465	0.0 
-0.00035793557623707111	0.0 
-0.00024003500966593032	0.0 
-5.9740850653192831e-005	0.0 
 0.00018770711890850355	0.0 
 0.00050196588269852858	0.0 
 0.00087601124273088812	0.0 
 0.0012948046422263627	0.0 
 0.0017344191108071704	0.0 
 0.0021618429489098198	0.0 
 0.0025356601301441371	0.0 
 0.0028077598782347453	0.0 
 0.0029261541148319962	0.0 
 0.0028388832859078052	0.0 
 0.0024988746756369694	0.0 
 0.0018694921820184107	0.0 
 0.00093039482528397134	0.0 
-0.00031678316281532178	0.0 
-0.001843490776932695	0.0 
-0.003590645891883563	0.0 
-0.0054669110493077008	0.0 
-0.0073493366967609412	0.0 
-0.0090867040237135946	0.0 
-0.010505701471256155	0.0 
-0.011419831195668475	0.0 
-0.011640683202142465	0.0 
-0.010990958846557694	0.0 
-0.0093183975306928481	0.0 
-0.0065095860220499005	0.0 
-0.0025025312433363291	0.0 
 0.0027031287454400911	0.0 
 0.0090393057612173765	0.0 
 0.016366869127394434	0.0 
 0.024477829306763475	0.0 
 0.033102492523076135	0.0 
 0.041921386418121716	0.0 
 0.050581355638294453	0.0 
 0.058714855642389575	0.0 
 0.065961168552588101	0.0 
 0.071988057241352529	0.0 
 0.07651228560237254	0.0 
 0.07931747590726651	0.0 
 0.080267947896394909	0.0 
 0.07931747590726651	0.0 
 0.07651228560237254	0.0 
 0.071988057241352529	0.0 
 0.065961168552588101	0.0 
 0.058714855642389575	0.0 
 0.050581355638294453	0.0 
 0.041921386418121716	0.0 
 0.033102492523076135	0.0 
 0.024477829306763475	0.0 
 0.016366869127394434	0.0 
 0.0090393057612173765	0.0 
 0.0027031287454400911	0.0 
-0.0025025312433363291	0.0 
-0.0065095860220499005	0.0 
-0.0093183975306928481	0.0 
-0.010990958846557694	0.0 
-0.011640683202142465	0.0 
-0.011419831195668475	0.0 
-0.010505701471256155	0.0 
-0.0090867040237135946	0.0 
-0.0073493366967609412	0.0 
-0.0054669110493077008	0.0 
-0.003590645891883563	0.0 
-0.001843490776932695	0.0 
-0.00031678316281532178	0.0 
 0.00093039482528397134	0.0 
 0.0018694921820184107	0.0 
 0.0024988746756369694	0.0 
 0.0028388832859078052	0.0 
 0.0029261541148319962	0.0 
 0.0028077598782347453	0.0 
 0.0025356601301441371	0.0 
 0.0021618429489098198	0.0 
 0.0017344191108071704	0.0 
 0.0012948046422263627	0.0 
 0.00087601124273088812	0.0 
 0.00050196588269852858	0.0 
 0.00018770711890850355	0.0 
-5.9740850653192831e-005	0.0 
-0.00024003500966593032	0.0 
-0.00035793557623707111	0.0 
-0.00042167432395353465	0.0 
-0.00044142375614846196	0.0 
-0.00042797827161889293	0.0 
-0.00039171372719723057	0.0 
-0.00034185049912817059	0.0 
-0.00028601069063292358	0.0 
-0.00023003453403004585	0.0 
-0.00017800493409141183	0.0 
-0.00013242198588978029	0.0 
-9.4469822143394223e-005	0.0 
-6.4324416361153253e-005	0.0 
-4.1460915734647886e-005	0.0 
-2.4930709219111255e-005	0.0 
-1.3590061744449592e-005	0.0 
-6.2724845587821339e-006	0.0 
-1.9052588571917606e-006	0.0 
4.2365877866022331e-007		0.0 
1.4387347289900814e-006		0.0 
1.6790746650463563e-006		0.0 
1.5192344507817968e-006		0.0 
1.1995800637248983e-006		0.0 
8.5920660026622201e-007		0.0 
5.666297669053412e-007		0.0 
3.4550351376666265e-007		0.0 
1.9426489014247213e-007		0.0 
9.9811239457078844e-008		0.0 
4.6045404034499529e-008		0.0 
1.8466369094318948e-008		0.0 
6.0293657269895184e-009		0.0 
1.3581456639096959e-009		0.0 
 0
