# Kinemetrics FIRA200S3.COE FIR filter parameter file  
# coefficients are symetric, listed in time order 
# type                  2  
# npoles                0  
# input sample rate     2000  
# decimal factor        5 
# normalization factor  1.0 
# gain factor           1.000000 
theoretical  1  anti_alias   fir    coef_conv 
2000 5 28
57
 .00000012	0.0 
-.00000060	0.0 
-.00000727	0.0 
-.00003278	0.0 
-.00009894	0.0 
-.00023174	0.0 
-.00044167	0.0 
-.00069332	0.0 
-.00087345	0.0 
-.00078380	0.0 
-.00018537	0.0 
 .00108707	0.0 
 .00296128	0.0 
 .00497580	0.0 
 .00624192	0.0 
 .00561416	0.0 
 .00210238	0.0 
-.00455022	0.0 
-.01332319	0.0 
-.02167559	0.0 
-.02583683	0.0 
-.02170122	0.0 
-.00615335	0.0 
 .02157974	0.0 
 .05906367	0.0 
 .10070121	0.0 
 .13883042	0.0 
 .16563368	0.0 
 .17528582	0.0 
 .16563368	0.0 
 .13883042	0.0 
 .10070121	0.0 
 .05906367	0.0 
 .02157974	0.0 
-.00615335	0.0 
-.02170122	0.0 
-.02583683	0.0 
-.02167559	0.0 
-.01332319	0.0 
-.00455022	0.0 
 .00210238	0.0 
 .00561416	0.0 
 .00624192	0.0 
 .00497580	0.0 
 .00296128	0.0 
 .00108707	0.0 
-.00018537	0.0 
-.00078380	0.0 
-.00087345	0.0 
-.00069332	0.0 
-.00044167	0.0 
-.00023174	0.0 
-.00009894	0.0 
-.00003278	0.0 
-.00000727	0.0 
-.00000060	0.0 
 .00000012	0.0 
 0
