# Kinemetrics FIRA50DP.COE FIR filter parameter file  
# coefficients are symetric, listed in time order 
# type                  2  
# npoles                0  
# input sample rate     2000  
# decimal factor        2 
# normalization factor  1.0 
# gain factor           1.000000 
theoretical  1  anti_alias   fir    coef_conv 
2000 2 42
85
-4.38828423152928e-007	0.0 
-3.8534595332179484e-006	0.0 
-1.4848800036718801e-005	0.0 
-3.0296079101860861e-005	0.0 
-2.6328656359756638e-005	0.0 
1.9500286330526807e-005		0.0 
6.4830893528644129e-005		0.0 
1.2637302616577211e-005		0.0 
-0.0001171089027979781	0.0 
-9.9944703947309126e-005	0.0 
 0.00015976505120438481	0.0 
 0.00026927177424752614	0.0 
-0.0001490031401496612	0.0 
-0.00053845265313537405	0.0 
1.7452931039955742e-005		0.0 
 0.00090482212359882649	0.0 
 0.00032439484273264624	0.0 
-0.0013314645940281649	0.0 
-0.00098101862331306214	0.0 
 0.0017337110189567405	0.0 
 0.0020588237286637153	0.0 
-0.0019680598053799267	0.0 
-0.003648015878482513	0.0 
 0.0018256949089483295	0.0 
 0.0058028273454962262	0.0 
-0.001028980733497711	0.0 
-0.008522331767757187	0.0 
-0.00077204978697026751	0.0 
 0.011736871983593584	0.0 
 0.0040156006191945674	0.0 
-0.015303010594060871	0.0 
-0.0092837333199493697	0.0 
 0.019009673706493212	0.0 
 0.017470620705006882	0.0 
-0.022595742521184122	0.0 
-0.030292149607420004	0.0 
 0.025777657437485283	0.0 
 0.052082331446379596	0.0 
-0.028283261271197201	0.0 
-0.098838164820216928	0.0 
 0.029886638291067018	0.0 
 0.31581012458142171	0.0 
 0.46951867593941571	0.0 
 0.31581012458142171	0.0 
 0.029886638291067018	0.0 
-0.098838164820216928	0.0 
-0.028283261271197201	0.0 
 0.052082331446379596	0.0 
 0.025777657437485283	0.0 
-0.030292149607420004	0.0 
-0.022595742521184122	0.0 
 0.017470620705006882	0.0 
 0.019009673706493212	0.0 
-0.0092837333199493697	0.0 
-0.015303010594060871	0.0 
 0.0040156006191945674	0.0 
 0.011736871983593584	0.0 
-0.00077204978697026751	0.0 
-0.008522331767757187	0.0 
-0.001028980733497711	0.0 
 0.0058028273454962262	0.0 
 0.0018256949089483295	0.0 
-0.003648015878482513	0.0 
-0.0019680598053799267	0.0 
 0.0020588237286637153	0.0 
 0.0017337110189567405	0.0 
-0.00098101862331306214	0.0 
-0.0013314645940281649	0.0 
 0.00032439484273264624	0.0 
 0.00090482212359882649	0.0 
1.7452931039955742e-005		0.0 
-0.00053845265313537405	0.0 
-0.0001490031401496612	0.0 
 0.00026927177424752614	0.0 
 0.00015976505120438481	0.0 
-9.9944703947309126e-005	0.0 
-0.0001171089027979781	0.0 
1.2637302616577211e-005		0.0 
6.4830893528644129e-005		0.0 
1.9500286330526807e-005		0.0 
-2.6328656359756638e-005	0.0 
-3.0296079101860861e-005	0.0 
-1.4848800036718801e-005	0.0 
-3.8534595332179484e-006	0.0 
-4.38828423152928e-007	0.0 
 0
