# Kinemetrics FIRA50.COE FIR filter parameter file  
# $Id$
#
# coefficients are symetric, listed in time order 
# type                  2  
# npoles                0  
# input sample rate     2000  
# decimal factor        2 
# normalization factor  1.0 
# gain factor           1.000000 
theoretical  1  anti_alias   fir    coef_conv 
2000 2 29
59
 .00000250	0.0 
-.00001276	0.0 
-.00013816	0.0 
-.00042188	0.0 
-.00054169	0.0 
 .00002277	0.0 
 .00087321	0.0 
 .00047076	0.0 
-.00131154	0.0 
-.00148344	0.0 
 .00158954	0.0 
 .00316751	0.0 
-.00138617	0.0 
-.00561023	0.0 
 .00027645	0.0 
 .00880945	0.0 
 .00228822	0.0 
-.01264298	0.0 
-.00701129	0.0 
 .01687121	0.0 
 .01489902	0.0 
-.02115142	0.0 
-.02774274	0.0 
 .02508056	0.0 
 .04989469	0.0 
-.02825022	0.0 
-.09729087	0.0 
 .03031051	0.0 
 .31488979	0.0 
 .46826208	0.0 
 .31488979	0.0 
 .03031051	0.0 
-.09729087	0.0 
-.02825022	0.0 
 .04989469	0.0 
 .02508056	0.0 
-.02774274	0.0 
-.02115142	0.0 
 .01489902	0.0 
 .01687121	0.0 
-.00701129	0.0 
-.01264298	0.0 
 .00228822	0.0 
 .00880945	0.0 
 .00027645	0.0 
-.00561023	0.0 
-.00138617	0.0 
 .00316751	0.0 
 .00158954	0.0 
-.00148344	0.0 
-.00131154	0.0 
 .00047076	0.0 
 .00087321	0.0 
 .00002277	0.0 
-.00054169	0.0 
-.00042188	0.0 
-.00013816	0.0 
-.00001276	0.0 
 .00000250	0.0 
 0
