# Kinemetrics FIRBNCDP.COE FIR filter parameter file  
# version:      $Revision$Date: 2007/05/26 22:51:26
#
# coefficients are symetric, listed in time order 
# type                  2  
# npoles                0  
# input sample rate     1000  
# decimal factor        2 
# normalization factor  1.0 
# gain factor           1.000000 
theoretical  1  anti_alias   fir    coef_conv 
1000 2 86
173
2.8848378694705817e-008		0.0 
2.0513370774144376e-007		0.0 
6.2073741422574765e-007		0.0 
7.1866675936653531e-007		0.0 
-1.384554199175195e-006	0.0 
-7.7972700441856485e-006	0.0 
-1.6988522543532055e-005	0.0 
-2.1103467645484512e-005	0.0 
-1.1616854198859786e-005	0.0 
7.8022040651822081e-006		0.0 
1.7730514493496724e-005		0.0 
2.9875635576841039e-006		0.0 
-2.1435328359888922e-005	0.0 
-1.9715556662121526e-005	0.0 
1.5523424642270207e-005		0.0 
3.8195908714982449e-005		0.0 
4.421796252919479e-006		0.0 
-5.0170322436723306e-005	0.0 
-3.8962882007955669e-005	0.0 
4.4219864344385627e-005		0.0 
8.1282970511315503e-005		0.0 
-1.0153116469399864e-005	0.0 
-0.00011643443115982552	0.0 
-5.5762946472433867e-005	0.0 
 0.00012337906426203042	0.0 
 0.00014567902542765636	0.0 
-8.0492339035919972e-005	0.0 
-0.00023727746279665699	0.0 
-2.6216661422938383e-005	0.0 
 0.00029498808223127581	0.0 
 0.00019391108652352861	0.0 
-0.00027670982125770977	0.0 
-0.00039582038872694312	0.0 
 0.00014568337615088707	0.0 
 0.00057928002960337514	0.0 
 0.00011425738788170934	0.0 
-0.0006718464198092087	0.0 
-0.0004840976578449453	0.0 
 0.00059628636159412749	0.0 
 0.00090048348119467839	0.0 
-0.00029302535858087043	0.0 
-0.0012568350088379438	0.0 
-0.00025417563017507151	0.0 
 0.0014180956264440109	0.0 
 0.0009960758017143231	0.0 
-0.0012491858345537855	0.0 
-0.0018068398935571451	0.0 
 0.00065351881125890138	0.0 
 0.0024906337624111853	0.0 
 0.00038594344725420337	0.0 
-0.0028097129307530534	0.0 
-0.0017736161038171192	0.0 
 0.0025327410155526003	0.0 
 0.0032871257926462994	0.0 
-0.0014966327518029219	0.0 
-0.0045909247638069297	0.0 
-0.00032984306788592206	0.0 
 0.0052817867422808792	0.0 
 0.0027957070320658783	0.0 
-0.0049633502029514396	0.0 
-0.0055456002896479284	0.0 
 0.0033395459739041932	0.0 
 0.0080371976284839292	0.0 
-0.00031044053175425829	0.0 
-0.0096024518278036586	0.0 
-0.0039489878932975923	0.0 
 0.0095478918915071227	0.0 
 0.0089455479202046745	0.0 
-0.007279500742716616	0.0 
-0.01387176681399902	0.0 
 0.0024303928952106499	0.0 
 0.01765730402957346	0.0 
 0.0050338182196824803	0.0 
-0.019051683558656732	0.0 
-0.014756159474735584	0.0 
 0.016695748656302887	0.0 
 0.025992841875002705	0.0 
-0.009086952070498179	0.0 
-0.037686142963808004	0.0 
-0.0058145180284358312	0.0 
 0.048599105219416482	0.0 
 0.032308386799341164	0.0 
-0.057490609100168247	0.0 
-0.085982626869205672	0.0 
 0.063302177256578551	0.0 
 0.31135097948752605	0.0 
 0.43463274739620295	0.0 
 0.31135097948752605	0.0 
 0.063302177256578551	0.0 
-0.085982626869205672	0.0 
-0.057490609100168247	0.0 
 0.032308386799341164	0.0 
 0.048599105219416482	0.0 
-0.0058145180284358312	0.0 
-0.037686142963808004	0.0 
-0.009086952070498179	0.0 
 0.025992841875002705	0.0 
 0.016695748656302887	0.0 
-0.014756159474735584	0.0 
-0.019051683558656732	0.0 
 0.0050338182196824803	0.0 
 0.01765730402957346	0.0 
 0.0024303928952106499	0.0 
-0.01387176681399902	0.0 
-0.007279500742716616	0.0 
 0.0089455479202046745	0.0 
 0.0095478918915071227	0.0 
-0.0039489878932975923	0.0 
-0.0096024518278036586	0.0 
-0.00031044053175425829	0.0 
 0.0080371976284839292	0.0 
 0.0033395459739041932	0.0 
-0.0055456002896479284	0.0 
-0.0049633502029514396	0.0 
 0.0027957070320658783	0.0 
 0.0052817867422808792	0.0 
-0.00032984306788592206	0.0 
-0.0045909247638069297	0.0 
-0.0014966327518029219	0.0 
 0.0032871257926462994	0.0 
 0.0025327410155526003	0.0 
-0.0017736161038171192	0.0 
-0.0028097129307530534	0.0 
 0.00038594344725420337	0.0 
 0.0024906337624111853	0.0 
 0.00065351881125890138	0.0 
-0.0018068398935571451	0.0 
-0.0012491858345537855	0.0 
 0.0009960758017143231	0.0 
 0.0014180956264440109	0.0 
-0.00025417563017507151	0.0 
-0.0012568350088379438	0.0 
-0.00029302535858087043	0.0 
 0.00090048348119467839	0.0 
 0.00059628636159412749	0.0 
-0.0004840976578449453	0.0 
-0.0006718464198092087	0.0 
 0.00011425738788170934	0.0 
 0.00057928002960337514	0.0 
 0.00014568337615088707	0.0 
-0.00039582038872694312	0.0 
-0.00027670982125770977	0.0 
 0.00019391108652352861	0.0 
 0.00029498808223127581	0.0 
-2.6216661422938383e-005	0.0 
-0.00023727746279665699	0.0 
-8.0492339035919972e-005	0.0 
 0.00014567902542765636	0.0 
 0.00012337906426203042	0.0 
-5.5762946472433867e-005	0.0 
-0.00011643443115982552	0.0 
-1.0153116469399864e-005	0.0 
8.1282970511315503e-005		0.0 
4.4219864344385627e-005		0.0 
-3.8962882007955669e-005	0.0 
-5.0170322436723306e-005	0.0 
4.421796252919479e-006		0.0 
3.8195908714982449e-005		0.0 
1.5523424642270207e-005		0.0 
-1.9715556662121526e-005	0.0 
-2.1435328359888922e-005	0.0 
2.9875635576841039e-006		0.0 
1.7730514493496724e-005		0.0 
7.8022040651822081e-006		0.0 
-1.1616854198859786e-005	0.0 
-2.1103467645484512e-005	0.0 
-1.6988522543532055e-005	0.0 
-7.7972700441856485e-006	0.0 
-1.384554199175195e-006	0.0 
7.1866675936653531e-007		0.0 
6.2073741422574765e-007		0.0 
2.0513370774144376e-007		0.0 
2.8848378694705817e-008		0.0 
 0
