# Kinemetrics FIRBC.COE FIR filter parameter file  
# version:      $Revision$Date: 2007/05/26 22:51:26
#
# coefficients are non-symetric, listed in time order 
# type                  2  
# npoles                0  
# input sample rate     1000  
# decimal factor        2 
# normalization factor  1.0 
# gain factor           1.000000 
theoretical  1  anti_alias   fir    coef_conv 
1000 2 10
111
-0.00000206	0.0 
-0.00001219	0.0 
 0.00022803	0.0 
 0.00251068	0.0 
 0.01279174	0.0 
 0.04281990	0.0 
 0.10498685	0.0 
 0.19694931	0.0 
 0.28510906	0.0 
 0.30922376	0.0 
 0.22254261	0.0 
 0.04536691	0.0 
-0.12327002	0.0 
-0.17097550	0.0 
-0.07274992	0.0 
 0.07287046	0.0 
 0.12790216	0.0 
 0.04910778	0.0 
-0.06894971	0.0 
-0.09767751	0.0 
-0.01562395	0.0 
 0.07349438	0.0 
 0.06705659	0.0 
-0.01705849	0.0 
-0.07066927	0.0 
-0.03258794	0.0 
 0.04071076	0.0 
 0.05498540	0.0 
-0.00093622	0.0 
-0.04891677	0.0 
-0.02919256	0.0 
 0.02523275	0.0 
 0.04057722	0.0 
 0.00183956	0.0 
-0.03426010	0.0 
-0.02126285	0.0 
 0.01758183	0.0 
 0.02821350	0.0 
 0.00057367	0.0 
-0.02383745	0.0 
-0.01348916	0.0 
 0.01294588	0.0 
 0.01833540	0.0 
-0.00114873	0.0 
-0.01595152	0.0 
-0.00737969	0.0 
 0.00938667	0.0 
 0.01090838	0.0 
-0.00212069	0.0 
-0.00995814	0.0 
-0.00328954	0.0 
 0.00637107	0.0 
 0.00578496	0.0 
-0.00221879	0.0 
-0.00564714	0.0 
-0.00099262	0.0 
 0.00392023	0.0 
 0.00263443	0.0 
-0.00176456	0.0 
-0.00283244	0.0 
 0.00002269	0.0 
 0.00214137	0.0 
 0.00096395	0.0 
-0.00114527	0.0 
-0.00121872	0.0 
 0.00029480	0.0 
 0.00101057	0.0 
 0.00022662	0.0 
-0.00062404	0.0 
-0.00042695	0.0 
 0.00025885	0.0 
 0.00040737	0.0 
-0.00000970	0.0 
-0.00028486	0.0 
-0.00011064	0.0 
 0.00014813	0.0 
 0.00013453	0.0 
-0.00004449	0.0 
-0.00010672	0.0 
-0.00001347	0.0 
 0.00006397	0.0 
 0.00003371	0.0 
-0.00002744	0.0 
-0.00003175	0.0 
 0.00000466	0.0 
 0.00002138	0.0 
 0.00000523	0.0 
-0.00001081	0.0 
-0.00000704	0.0 
 0.00000356	0.0 
 0.00000540	0.0 
-0.00000006	0.0 
-0.00000298	0.0 
-0.00000105	0.0 
 0.00000119	0.0 
 0.00000101	0.0 
-0.00000032	0.0 
-0.00000054	0.0 
-0.00000005	0.0 
 0.00000021	0.0 
 0.00000015	0.0 
-0.00000009	0.0 
-0.00000007	0.0 
 0.00000002	0.0 
 0.00000001	0.0 
 0.00000001	0.0 
-0.00000001	0.0 
-0.00000001	0.0 
 0.00000000	0.0 
 0.00000000	0.0 
 0.00000000	0.0 
 0
