# Kinemetrics FIRBCDP.COE FIR filter parameter file  
# version:      $Revision$Date: 2007/05/26 22:51:26
#
# coefficients are non-symetric, listed in time order 
# type                  2  
# npoles                0  
# input sample rate     1000  
# decimal factor        2 
# normalization factor  1.0 
# gain factor           1.000000 
theoretical  1  anti_alias   fir    coef_conv 
1000 2 8
173
 0.00011241121123448096	0.0 
 0.0012350717757980722	0.0 
 0.0068773271544828101	0.0 
 0.025472015060883039	0.0 
 0.069467171305756276	0.0 
 0.14602198801161434	0.0 
 0.24026045897951578	0.0 
 0.30565269514933419	0.0 
 0.28277522238172714	0.0 
 0.14866073930580948	0.0 
-0.040456234968796773	0.0 
-0.16772419497535779	0.0 
-0.14550273990943921	0.0 
-0.0041049932853087232	0.0 
 0.12031221443105186	0.0 
 0.11081346676029133	0.0 
-0.010749732065542007	0.0 
-0.10590776710479836	0.0 
-0.072658308407146849	0.0 
 0.039925457804958549	0.0 
 0.093579114386811782	0.0 
 0.029146391246547672	0.0 
-0.064706173177232887	0.0 
-0.068570870826702227	0.0 
 0.015185463101541893	0.0 
 0.071749801641672439	0.0 
 0.029405186923908734	0.0 
-0.048243634409812108	0.0 
-0.054716963846903922	0.0 
 0.013356827322648425	0.0 
 0.05764065147736986	0.0 
 0.019044393575573478	0.0 
-0.042879327656812453	0.0 
-0.040072331229522556	0.0 
 0.018794947764423878	0.0 
 0.046538608450157844	0.0 
 0.0060562435607327816	0.0 
-0.039942458757149114	0.0 
-0.025160516318092584	0.0 
 0.024680754412326228	0.0 
 0.035034169620230975	0.0 
-0.0061749631503065566	0.0 
-0.035204807862963566	0.0 
-0.010654912685777528	0.0 
 0.02753198275317522	0.0 
 0.022365884302413031	0.0 
-0.015215022673355083	0.0 
-0.027386030875601257	0.0 
 0.0017805743167403647	0.0 
 0.025913816284889042	0.0 
 0.0097424172818526729	0.0 
-0.019475540213870202	0.0 
-0.01734566869069178	0.0 
 0.010315500211032001	0.0 
 0.020234049539220825	0.0 
-0.00078025687879095147	0.0 
-0.018728652325593328	0.0 
-0.0071801927727091625	0.0 
 0.013966217979884956	0.0 
 0.01232235495539419	0.0 
-0.0074998012993473919	0.0 
-0.014210472112677345	0.0 
 0.00090177135075406229	0.0 
 0.013134509208339942	0.0 
 0.0045525074954121825	0.0 
-0.0099005702656923371	0.0 
-0.0080745675273845661	0.0 
 0.0055625694657140193	0.0 
 0.0094148113385320517	0.0 
-0.0011619083378351892	0.0 
-0.008795896684461733	0.0 
-0.0024745281511965632	0.0 
 0.0067659397679699475	0.0 
 0.0048493846480326674	0.0 
-0.0040188255399591487	0.0 
-0.0058185707407167712	0.0 
 0.0012251332000145282	0.0 
 0.0055386646621394479	0.0 
 0.0010938567553774501	0.0 
-0.004366112170682398	0.0 
-0.0026335428313808114	0.0 
 0.0027385003988547184	0.0 
 0.0033111605338878919	0.0 
-0.0010740068758890208	0.0 
-0.0032400945803585206	0.0 
-0.00033625003357727845	0.0 
 0.0025948310619361638	0.0 
 0.0012370878928969083	0.0 
-0.0017494591277152872	0.0 
-0.0017223698155324906	0.0 
 0.00080523571041674947	0.0 
 0.0017399604955880381	0.0 
-9.8538673749080789e-006	0.0 
-0.001435943321131403	0.0 
-0.00052262533533213899	0.0 
 0.00098293556091445734	0.0 
 0.00078447399905074637	0.0 
-0.00051585155259932308	0.0 
-0.0008228110646161101	0.0 
 0.00012270529206191607	0.0 
 0.00070874823496601337	0.0 
 0.00015334728573765865	0.0 
-0.00051558775614886376	0.0 
-0.00030538029048438048	0.0 
 0.0003048618557653533	0.0 
 0.00035099925468055356	0.0 
-0.00011946478869080877	0.0 
-0.00032049395531728788	0.0 
-1.7476803260836623e-005	0.0 
 0.00024689613444476183	0.0 
9.9783356258848136e-005		0.0 
-0.00015902635444356618	0.0 
-0.0001333134349671532	0.0 
7.7749416508381404e-005		0.0 
 0.00013057380269397063	0.0 
-1.5016673576448678e-005	0.0 
-0.00010600587665759214	0.0 
-2.5093741393614156e-005	0.0 
7.2593557903668102e-005		0.0 
4.4229916512152128e-005		0.0 
-3.9970185009124799e-005	0.0 
-4.7311037925928357e-005	0.0 
1.3856451227138489e-005		0.0 
4.0346158358457813e-005		0.0 
3.5377145600731056e-006		0.0 
-2.8853975380715347e-005	0.0 
-1.2575628526364724e-005	0.0 
1.6976212875529017e-005		0.0 
1.5103709475920681e-005		0.0 
-7.2064654947156809e-006	0.0 
-1.3485091919752133e-005	0.0 
5.5773768865309977e-007		0.0 
9.9081471950391865e-006		0.0 
3.0319994737168834e-006		0.0 
-6.0079211361709458e-006	0.0 
-4.2336250134563047e-006	0.0 
2.7578689920620833e-006		0.0 
3.9227435740237801e-006		0.0 
-5.4839622282272243e-007	0.0 
-2.9006004960395424e-006	0.0 
-6.4044224535620486e-007	0.0 
1.7497895560202741e-006		0.0 
1.0492540859095417e-006		0.0 
-8.0242636270284142e-007	0.0 
-9.8239393318207971e-007	0.0 
1.7957535282981406e-007		0.0 
7.0628212987260465e-007		0.0 
1.371647307353885e-007		0.0 
-4.0345876054923161e-007	0.0 
-2.3338480527828831e-007	0.0 
1.6824119599384387e-007		0.0 
2.0662719639759249e-007		0.0 
-2.6721212540631702e-008	0.0 
-1.3519251779665726e-007	0.0 
-3.4889973911442429e-008	0.0 
6.6402348195087629e-008		0.0 
4.5709445801943665e-008		0.0 
-2.0091677450631797e-008	0.0 
-3.3499407337964368e-008	0.0 
-2.5155424713444206e-009	0.0 
1.7101711714685069e-008		0.0 
8.43904937415716e-009		0.0 
-5.1046256088997576e-009	0.0 
-6.4522674276259859e-009	0.0 
-3.271458211425444e-010	0.0 
3.0799677805702543e-009		0.0 
2.2355123694383062e-009		0.0 
3.2767786607195701e-010		0.0 
-5.6194181206633235e-010	0.0 
-3.2299594360227244e-010	0.0 
7.7080267441929177e-011		0.0 
5.3821904553649486e-011		0.0 
-8.962242934077022e-011	0.0 
 0
