# Kinemetrics FIRBNC.COE FIR filter parameter file  
# coefficients are symetric, listed in time order 
# type                  2  
# npoles                0  
# input sample rate     1000  
# decimal factor        2 
# normalization factor  1.0 
# gain factor           1.000000 
theoretical  1  anti_alias   fir    coef_conv 
1000 2 68
137
 .00000060	0.0 
 .00000155	0.0 
-.00000226	0.0 
-.00001681	0.0 
-.00003362	0.0 
-.00002730	0.0 
 .00001156	0.0 
 .00004172	0.0 
 .00000978	0.0 
-.00005686	0.0 
-.00005186	0.0 
 .00005221	0.0 
 .00010896	0.0 
-.00001156	0.0 
-.00016463	0.0 
-.00007641	0.0 
 .00019097	0.0 
 .00021076	0.0 
-.00015306	0.0 
-.00036979	0.0 
 .00001884	0.0 
 .00050938	0.0 
 .00022852	0.0 
-.00056541	0.0 
-.00057662	0.0 
 .00046456	0.0 
 .00097203	0.0 
-.00014412	0.0 
-.00131798	0.0 
-.00042439	0.0 
 .00148249	0.0 
 .00121105	0.0 
-.00132060	0.0 
-.00210965	0.0 
 .00070846	0.0 
 .00293458	0.0 
 .00041425	0.0 
-.00343633	0.0 
-.00200474	0.0 
 .00333858	0.0 
 .00388706	0.0 
-.00239384	0.0 
-.00574386	0.0 
 .00045073	0.0 
 .00713658	0.0 
 .00248027	0.0 
-.00755632	0.0 
-.00617528	0.0 
 .00650048	0.0 
 .01017010	0.0 
-.00356448	0.0 
-.01376915	0.0 
-.00146592	0.0 
 .01608443	0.0 
 .00854254	0.0 
-.01609099	0.0 
-.01731730	0.0 
 .01266038	0.0 
 .02715230	0.0 
-.00448489	0.0 
-.03718054	0.0 
-.01035464	0.0 
 .04641104	0.0 
 .03613663	0.0 
-.05386257	0.0 
-.08853483	0.0 
 .05870545	0.0 
 .31224155	0.0 
 .43956161	0.0 
 .31224155	0.0 
 .05870545	0.0 
-.08853483	0.0 
-.05386257	0.0 
 .03613663	0.0 
 .04641104	0.0 
-.01035464	0.0 
-.03718054	0.0 
-.00448489	0.0 
 .02715230	0.0 
 .01266038	0.0 
-.01731730	0.0 
-.01609099	0.0 
 .00854254	0.0 
 .01608443	0.0 
-.00146592	0.0 
-.01376915	0.0 
-.00356448	0.0 
 .01017010	0.0 
 .00650048	0.0 
-.00617528	0.0 
-.00755632	0.0 
 .00248027	0.0 
 .00713658	0.0 
 .00045073	0.0 
-.00574386	0.0 
-.00239384	0.0 
 .00388706	0.0 
 .00333858	0.0 
-.00200474	0.0 
-.00343633	0.0 
 .00041425	0.0 
 .00293458	0.0 
 .00070846	0.0 
-.00210965	0.0 
-.00132060	0.0 
 .00121105	0.0 
 .00148249	0.0 
-.00042439	0.0 
-.00131798	0.0 
-.00014412	0.0 
 .00097203	0.0 
 .00046456	0.0 
-.00057662	0.0 
-.00056541	0.0 
 .00022852	0.0 
 .00050938	0.0 
 .00001884	0.0 
-.00036979	0.0 
-.00015306	0.0 
 .00021076	0.0 
 .00019097	0.0 
-.00007641	0.0 
-.00016463	0.0 
-.00001156	0.0 
 .00010896	0.0 
 .00005221	0.0 
-.00005186	0.0 
-.00005686	0.0 
 .00000978	0.0 
 .00004172	0.0 
 .00001156	0.0 
-.00002730	0.0 
-.00003362	0.0 
-.00001681	0.0 
-.00000226	0.0 
 .00000155	0.0 
 .00000060	0.0 
 0
