# @(#)CS5329_3	1.0 4/9/98
# CS5329_3
# Crystal part 5329 stage 3 16 bit A/C 72A-06
#decimation factor	2
theoretical  1  anti_alias   fir    coef_conv
1000 2      
124
	10.0		0.0
	-18.0		0.0
	-8.0		0.0
	6.0		0.0
	28.0		0.0
	-13.0		0.0
	-41.0		0.0
	1.0		0.0
	63.0		0.0
	16.0		0.0
	-85.0		0.0
	-49.0		0.0
	103.0		0.0
	100.0		0.0
	-111.0		0.0
	-167.0		0.0
	98.0		0.0
	250.0		0.0
	-55.0		0.0
	-340.0		0.0
	-32.0		0.0
	426.0		0.0
	165.0		0.0
	-492.0		0.0
	-350.0		0.0
	511.0		0.0
	586.0		0.0
	-464.0		0.0
	-855.0		0.0
	321.0		0.0
	1139.0		0.0
	-63.0		0.0
	-1402.0		0.0
	-327.0		0.0
	1588.0		0.0
	853.0		0.0
	-1676.0		0.0
	-1502.0		0.0
	1575.0		0.0
	2250.0		0.0
	-1238.0		0.0
	-3043.0		0.0
	605.0		0.0
	3812.0		0.0
	374.0		0.0	
	-4465.0		0.0
	-1742.0		0.0
	4881.0		0.0
	3536.0		0.0
	-4915.0		0.0
	-5795.0		0.0
	4371.0		0.0
	8592.0		0.0
	-2947.0		0.0
	-12074.0	0.0
	112.0		0.0
	16754.0		0.0
	5904.0		0.0
	-22399.0	0.0
	-14754.0	0.0
	51699.0		0.0
	122013.0	0.0
	122013.0	0.0
	51699.0		0.0
	-14754.0	0.0
	-22399.0	0.0
	5904.0		0.0
	16754.0		0.0
	112.0		0.0
	-12074.0	0.0
	-2947.0		0.0
	8592.0		0.0
	4371.0		0.0
	-5795.0		0.0
	-4915.0		0.0
	3536.0		0.0
	4881.0		0.0
	-1742.0		0.0
	-4465.0		0.0
	374.0		0.0
	3812.0		0.0
	605.0		0.0
	-3043.0		0.0
	-1238.0		0.0
	2250.0		0.0
	1575.0		0.0
	-1502.0		0.0
	-1676.0		0.0
	853.0		0.0
	1588.0		0.0
	-327.0		0.0
	-1402.0		0.0		
	-63.0		0.0
	1139.0		0.0
	321.0		0.0
	-855.0		0.0
	-464.0		0.0
	586.0		0.0
	511.0		0.0
	-350.0		0.0
	-492.0		0.0
	165.0		0.0
	426.0		0.0
	-32.0		0.0
	-340.0		0.0
	-55.0		0.0
	250.0		0.0
	98.0		0.0
	-167.0		0.0
	-111.0		0.0
	100.0		0.0
	103.0		0.0
	-49.0		0.0
	-85.0		0.0
	16.0		0.0
	63.0		0.0
	1.0		0.0
	-41.0		0.0
	-13.0		0.0
	28.0		0.0
	6.0		0.0
	-8.0		0.0
	-18.0		0.0
	10.0		0.0
1       
1.0 0.0 
