# $Id$
# CS5329_2
# Crystal part 5329 stage 2  72A-06 A/D
#decimation factor	4
theoretical  1  anti_alias   fir    coef_conv
1000 4
30
-5.77098981e-05 0.00000e+00
-3.82328075e-04 0.00000e+00
-1.37926656e-03 0.00000e+00
-3.70353271e-03 0.00000e+00
-7.89327131e-03 0.00000e+00
-1.37363985e-02 0.00000e+00
-1.97468844e-02 0.00000e+00
-2.24823336e-02 0.00000e+00
-1.72437176e-02 0.00000e+00
 3.00091470e-04 0.00000e+00
 3.22612758e-02 0.00000e+00
 7.59491114e-02 0.00000e+00
 1.23823800e-01 0.00000e+00
 1.65188812e-01 0.00000e+00
 1.89102351e-01 0.00000e+00
 1.89102351e-01 0.00000e+00
 1.65188812e-01 0.00000e+00
 1.23823800e-01 0.00000e+00
 7.59491114e-02 0.00000e+00
 3.22612758e-02 0.00000e+00
 3.00091470e-04 0.00000e+00
-1.72437176e-02 0.00000e+00
-2.24823336e-02 0.00000e+00
-1.97468844e-02 0.00000e+00
-1.37363985e-02 0.00000e+00
-7.89327131e-03 0.00000e+00
-3.70353271e-03 0.00000e+00
-1.37926656e-03 0.00000e+00
-3.82328075e-04 0.00000e+00
-5.77098981e-05 0.00000e+00
1       
1.0 0.0 
