# @(#)CS5329_1	1.0 4/9/98
# CS5329_1
# crystal part 5329 16 bit A/D for 72A-06 stage 1
#decimation factor	8
theoretical 1	anti_alias   fir    coef_conv
1000 8
27
	722.0		0.0
	1867.0		0.0
	3855.0		0.0
	7104.0		0.0
	11314.0		0.0
	17192.0		0.0
	24732.0		0.0
	33923.0		0.0
	42654.0		0.0
	51785.0		0.0
	60072.0		0.0
	66277.0		0.0
	71258.0		0.0
	72919.0		0.0
	71258.0		0.0
	66277.0		0.0
	60072.0		0.0
	51785.0		0.0
	42654.0		0.0
	33923.0		0.0
	24732.0		0.0
	17192.0		0.0
	11314.0		0.0
	7104.0		0.0
	3855.0		0.0
	1867.0		0.0
	722.0		0.0
1       
1.0 0.0 
