# @(#)RT72A_4_f	1.3 6/24/94
# Reftek Stage 1. Low-pass FIR for decimation by 4
# fc = 0.08*fc   stop band: 0.2*fs to 1*fs
# type                   2
# num of poles           0
# input sample interval  1.0e-03
# decimal factor         4   
# normalization factor   1.0
# gain                   1.0
theoretical  1  anti_alias   fir    coef_conv
1000 4      
189
    -1.49861390588947e-05  0.0
    -3.49675027258657e-05  0.0
    -6.39409220159063e-05  0.0
    -8.99172995880343e-05  0.0
    -9.99082140388528e-05  0.0
    -7.89275263094670e-05  0.0
    -2.29788706195495e-05  0.0
     6.19427391257426e-05  0.0
     1.47864138168116e-04  0.0
     2.01814610967869e-04  0.0
     1.91823696517051e-04  0.0
     1.10897987317420e-04  0.0
    -2.19795465571347e-05  0.0
    -1.53858686838607e-04  0.0
    -2.23794622759670e-04  0.0
    -1.84830289018811e-04  0.0
    -3.49675027258657e-05  0.0
     1.74839374567992e-04  0.0
     3.54674438978727e-04  0.0
     4.08624911778481e-04  0.0
     2.83739644229915e-04  0.0
     6.99340749823996e-06  0.0
    -3.17708288128032e-04  0.0
    -5.37507010342040e-04  0.0
    -5.28514954718971e-04  0.0
    -2.53766900877459e-04  0.0
     1.99816428077706e-04  0.0
     6.37415224380893e-04  0.0
     8.43226666363755e-04  0.0
     6.76379558121752e-04  0.0
     1.56855728556519e-04  0.0
    -5.17525181440403e-04  0.0
    -1.04004605272355e-03  0.0
    -1.13096267637400e-03  0.0
    -6.81374782729828e-04  0.0
     1.70843008787665e-04  0.0
     1.06602243029568e-03  0.0
     1.57355669728526e-03  0.0
     1.38772708420404e-03  0.0
     5.01539718319094e-04  0.0
    -7.49312535760728e-04  0.0
    -1.80234700988767e-03  0.0
    -2.11805758036021e-03  0.0
    -1.44167755700379e-03  0.0
     2.79740952276258e-05  0.0
     1.67446423538653e-03  0.0
     2.71850711912507e-03  0.0
     2.57164137455004e-03  0.0
     1.15494087105596e-03  0.0
    -9.99083536092526e-04  0.0
    -2.93031264454376e-03  0.0
    -3.66963473108833e-03  0.0
    -2.71151324639216e-03  0.0
    -3.17708288128032e-04  0.0
     2.51769090175028e-03  0.0
     4.46490547332283e-03  0.0
     4.46890183910315e-03  0.0
     2.29689332070853e-03  0.0
    -1.24785567759657e-03  0.0
    -4.59878279649446e-03  0.0
    -6.10140469903091e-03  0.0
    -4.80559309730507e-03  0.0
    -1.01506899921384e-03  0.0
     3.71559247232743e-03  0.0
     7.18940714111839e-03  0.0
     7.56506273306117e-03  0.0
     4.29106495758258e-03  0.0
    -1.47264915918399e-03  0.0
    -7.21438419462810e-03  0.0
    -1.01277125172228e-02  0.0
    -8.44025986043288e-03  0.0
    -2.39880018287221e-03  0.0
     5.59686747375924e-03  0.0
     1.18900963345419e-02  0.0
     1.31719211212712e-02  0.0
     8.12954497980308e-03  0.0
    -1.65248422359473e-03  0.0
    -1.20569434427839e-02  0.0
    -1.80604381106661e-02  0.0
    -1.60143146491171e-02  0.0
    -5.60486020531989e-03  0.0
     9.47231364683043e-03  0.0
     2.26082679413134e-02  0.0
     2.68993328988960e-02  0.0
     1.83391825302879e-02  0.0
    -1.76937722481731e-03  0.0
    -2.63058772328640e-02  0.0
    -4.42344366684833e-02  0.0
    -4.43892946793843e-02  0.0
    -1.98617862617260e-02  0.0
     2.87216617376853e-02  0.0
     9.23962722651820e-02  0.0
     1.56044906415107e-01  0.0
     2.02955888827256e-01  0.0
     2.20209067563582e-01  0.0
     2.02955888827256e-01  0.0
     1.56044906415107e-01  0.0
     9.23962722651820e-02  0.0
     2.87216617376853e-02  0.0
    -1.98617862617260e-02  0.0
    -4.43892946793843e-02  0.0
    -4.42344366684833e-02  0.0
    -2.63058772328640e-02  0.0
    -1.76937722481731e-03  0.0
     1.83391825302879e-02  0.0
     2.68993328988960e-02  0.0
     2.26082679413134e-02  0.0
     9.47231364683043e-03  0.0
    -5.60486020531989e-03  0.0
    -1.60143146491171e-02  0.0
    -1.80604381106661e-02  0.0
    -1.20569434427839e-02  0.0
    -1.65248422359473e-03  0.0
     8.12954497980308e-03  0.0
     1.31719211212712e-02  0.0
     1.18900963345419e-02  0.0
     5.59686747375924e-03  0.0
    -2.39880018287221e-03  0.0
    -8.44025986043288e-03  0.0
    -1.01277125172228e-02  0.0
    -7.21438419462810e-03  0.0
    -1.47264915918399e-03  0.0
     4.29106495758258e-03  0.0
     7.56506273306117e-03  0.0
     7.18940714111839e-03  0.0
     3.71559247232743e-03  0.0
    -1.01506899921384e-03  0.0
    -4.80559309730507e-03  0.0
    -6.10140469903091e-03  0.0
    -4.59878279649446e-03  0.0
    -1.24785567759657e-03  0.0
     2.29689332070853e-03  0.0
     4.46890183910315e-03  0.0
     4.46490547332283e-03  0.0
     2.51769090175028e-03  0.0
    -3.17708288128032e-04  0.0
    -2.71151324639216e-03  0.0
    -3.66963473108833e-03  0.0
    -2.93031264454376e-03  0.0
    -9.99083536092526e-04  0.0
     1.15494087105596e-03  0.0
     2.57164137455004e-03  0.0
     2.71850711912507e-03  0.0
     1.67446423538653e-03  0.0
     2.79740952276258e-05  0.0
    -1.44167755700379e-03  0.0
    -2.11805758036021e-03  0.0
    -1.80234700988767e-03  0.0
    -7.49312535760728e-04  0.0
     5.01539718319094e-04  0.0
     1.38772708420404e-03  0.0
     1.57355669728526e-03  0.0
     1.06602243029568e-03  0.0
     1.70843008787665e-04  0.0
    -6.81374782729828e-04  0.0
    -1.13096267637400e-03  0.0
    -1.04004605272355e-03  0.0
    -5.17525181440403e-04  0.0
     1.56855728556519e-04  0.0
     6.76379558121752e-04  0.0
     8.43226666363755e-04  0.0
     6.37415224380893e-04  0.0
     1.99816428077706e-04  0.0
    -2.53766900877459e-04  0.0
    -5.28514954718971e-04  0.0
    -5.37507010342040e-04  0.0
    -3.17708288128032e-04  0.0
     6.99340749823996e-06  0.0
     2.83739644229915e-04  0.0
     4.08624911778481e-04  0.0
     3.54674438978727e-04  0.0
     1.74839374567992e-04  0.0
    -3.49675027258657e-05  0.0
    -1.84830289018811e-04  0.0
    -2.23794622759670e-04  0.0
    -1.53858686838607e-04  0.0
    -2.19795465571347e-05  0.0
     1.10897987317420e-04  0.0
     1.91823696517051e-04  0.0
     2.01814610967869e-04  0.0
     1.47864138168116e-04  0.0
     6.19427391257426e-05  0.0
    -2.29788706195495e-05  0.0
    -7.89275263094670e-05  0.0
    -9.99082140388528e-05  0.0
    -8.99172995880343e-05  0.0
    -6.39409220159063e-05  0.0
    -3.49675027258657e-05  0.0
    -1.49861390588947e-05  0.0
0       
