# $Id$
# Reftek RT72A-07 24 bit FIR filter for 20 sps
# stop band: 0.4*fs to 1*fs
# type                   2
# num of poles           0
# input sample interval  5.0e-02
# decimal factor         1   
# normalization factor   1.0
# gain                   1.0
theoretical  1  anti_alias   fir    coef_conv
20 1 28      
57
  0.00000000000000e+00  0.0
 -6.11545988258317e-05  0.0
 -6.11545988258317e-05  0.0
 -6.11545988258317e-05  0.0
 -1.83463796477495e-04  0.0
 -1.22309197651663e-04  0.0
  1.83463796477495e-04  0.0
 -4.28082191780822e-04  0.0
  4.28082191780822e-04  0.0
 -2.44618395303327e-04  0.0
 -4.89236790606654e-04  0.0
  1.59001956947162e-03  0.0
 -2.87426614481409e-03  0.0
  3.60812133072407e-03  0.0
 -3.18003913894325e-03  0.0
  7.95009784735812e-04  0.0
  3.54696673189824e-03  0.0
 -9.47896281800391e-03  0.0
  1.52274951076321e-02  0.0
 -1.87133072407045e-02  0.0
  1.70009784735812e-02  0.0
 -8.07240704500978e-03  0.0
 -9.47896281800391e-03  0.0
  3.49192759295499e-02  0.0
 -6.58635029354208e-02  0.0
  9.79085127201566e-02  0.0
 -1.26528864970646e-01  0.0
  1.48422211350294e-01  0.0
  8.44422700587084e-01  0.0
  1.48422211350294e-01  0.0
 -1.26528864970646e-01  0.0
  9.79085127201566e-02  0.0
 -6.58635029354208e-02  0.0
  3.49192759295499e-02  0.0
 -9.47896281800391e-03  0.0
 -8.07240704500978e-03  0.0
  1.70009784735812e-02  0.0
 -1.87133072407045e-02  0.0
  1.52274951076321e-02  0.0
 -9.47896281800391e-03  0.0
  3.54696673189824e-03  0.0
  7.95009784735812e-04  0.0
 -3.18003913894325e-03  0.0
  3.60812133072407e-03  0.0
 -2.87426614481409e-03  0.0
  1.59001956947162e-03  0.0
 -4.89236790606654e-04  0.0
 -2.44618395303327e-04  0.0
  4.28082191780822e-04  0.0
 -4.28082191780822e-04  0.0
  1.83463796477495e-04  0.0
 -1.22309197651663e-04  0.0
 -1.83463796477495e-04  0.0
 -6.11545988258317e-05  0.0
 -6.11545988258317e-05  0.0
 -6.11545988258317e-05  0.0
  0.00000000000000e+00  0.0
1       
1.0 0.0 
