# $Id$
# Reftek Stage 1. Low-pass FIR for decimation by 5
# fc = 0.08*fc   stop band: 0.2*fs to 1*fs
# type                   2
# num of poles           0
# input sample interval  1.0e-03
# decimal factor         5   
# normalization factor   1.0
# gain                   1.0
theoretical  1  anti_alias   fir    coef_conv
1000 5      
235
    -1.09889169473623e-05  0.0
    -1.99798067044392e-05  0.0
    -3.29667508420868e-05  0.0
    -4.39561329878636e-05  0.0
    -4.79521873684343e-05  0.0
    -4.09588596032283e-05  0.0
    -1.89810257085037e-05  0.0
     1.89810257085037e-05  0.0
     6.79319940728735e-05  0.0
     1.18881454825943e-04  0.0
     1.58841533433236e-04  0.0
     1.74825750955519e-04  0.0
     1.57842752437301e-04  0.0
     1.04895264493946e-04  0.0
     2.49751072793598e-05  0.0
    -6.49351858866527e-05  0.0
    -1.40859753919082e-04  0.0
    -1.78821805336090e-04  0.0
    -1.60839560623521e-04  0.0
    -8.59142387854418e-05  0.0
     3.29667508420868e-05  0.0
     1.63836834008157e-04  0.0
     2.68732563700517e-04  0.0
     3.10690669498095e-04  0.0
     2.63737263125596e-04  0.0
     1.30869617967655e-04  0.0
    -6.09391315060820e-05  0.0
    -2.60740454939375e-04  0.0
    -4.08593071425249e-04  0.0
    -4.48553615230956e-04  0.0
    -3.53648021490023e-04  0.0
    -1.35864453344162e-04  0.0
     1.55844725247015e-04  0.0
     4.38563479279530e-04  0.0
     6.23379366186475e-04  0.0
     6.38364802712823e-04  0.0
     4.56545723992098e-04  0.0
     1.08891318874516e-04  0.0
    -3.15685504874601e-04  0.0
    -6.94309098842399e-04  0.0
    -9.03101312032769e-04  0.0
    -8.54149878469984e-04  0.0
    -5.33469073020463e-04  0.0
    -7.99164356272697e-06  0.0
     5.81421260388897e-04  0.0
     1.05694801008950e-03  0.0
     1.25674933352279e-03  0.0
     1.08791719893971e-03  0.0
     5.59442961295758e-04  0.0
    -2.01798885425164e-04  0.0
    -9.83021469247354e-04  0.0
    -1.54046686855124e-03  0.0
    -1.67733103328817e-03  0.0
    -1.30370273989529e-03  0.0
    -4.84517639457678e-04  0.0
     5.71431124437470e-04  0.0
     1.55645108607352e-03  0.0
     2.15685383736934e-03  0.0
     2.14286764703734e-03  0.0
     1.45854868414637e-03  0.0
     2.50750318987948e-04  0.0
    -1.15385163102072e-03  0.0
    -2.33567564270543e-03  0.0
    -2.90311117796074e-03  0.0
    -2.61739561574201e-03  0.0
    -1.48751984580630e-03  0.0
     2.15785075757162e-04  0.0
     2.01399605625997e-03  0.0
     3.35166479319170e-03  0.0
     3.76825043857650e-03  0.0
     3.04596895907011e-03  0.0
     1.30370273989529e-03  0.0
    -1.00899582272106e-03  0.0
    -3.22079517522404e-03  0.0
    -4.63139167200198e-03  0.0
    -4.72329999235828e-03  0.0
    -3.34666995781519e-03  0.0
    -7.93210746963903e-04  0.0
     2.24476610334507e-03  0.0
     4.86515899247171e-03  0.0
     6.20582500278807e-03  0.0
     5.72730097970284e-03  0.0
     3.40860833551563e-03  0.0
    -1.99800858234879e-04  0.0
    -4.09192851741066e-03  0.0
    -7.07595909878034e-03  0.0
    -8.12791227349333e-03  0.0
    -6.72830515886117e-03  0.0
    -3.07194331254382e-03  0.0
     1.92308651689961e-03  0.0
     6.82720680698268e-03  0.0
     1.00909593341987e-02  0.0
     1.05175346503365e-02  0.0
     7.66437368693444e-03  0.0
     2.06594429800898e-03  0.0
    -4.83219177643121e-03  0.0
    -1.10100448637537e-02  0.0
    -1.44376342249778e-02  0.0
    -1.36933749115767e-02  0.0
    -8.47456743241656e-03  0.0
     1.73826969959584e-04  0.0
     1.00040458492189e-02  0.0
     1.80850051815381e-02  0.0
     2.15935144113696e-02  0.0
     1.86664264419270e-02  0.0
     9.10094453718609e-03  0.0
    -5.32869757903060e-03  0.0
    -2.10540507915799e-02  0.0
    -3.33957707758928e-02  0.0
    -3.76225654308501e-02  0.0
    -3.01370135492518e-02  0.0
    -9.49754991066804e-03  0.0
     2.29931215260017e-02  0.0
     6.33040123052498e-02  0.0
     1.05340186305155e-01  0.0
     1.42123586828863e-01  0.0
     1.67225610004865e-01  0.0
     1.76133746546383e-01  0.0
     1.67225610004865e-01  0.0
     1.42123586828863e-01  0.0
     1.05340186305155e-01  0.0
     6.33040123052498e-02  0.0
     2.29931215260017e-02  0.0
    -9.49754991066804e-03  0.0
    -3.01370135492518e-02  0.0
    -3.76225654308501e-02  0.0
    -3.33957707758928e-02  0.0
    -2.10540507915799e-02  0.0
    -5.32869757903060e-03  0.0
     9.10094453718609e-03  0.0
     1.86664264419270e-02  0.0
     2.15935144113696e-02  0.0
     1.80850051815381e-02  0.0
     1.00040458492189e-02  0.0
     1.73826969959584e-04  0.0
    -8.47456743241656e-03  0.0
    -1.36933749115767e-02  0.0
    -1.44376342249778e-02  0.0
    -1.10100448637537e-02  0.0
    -4.83219177643121e-03  0.0
     2.06594429800898e-03  0.0
     7.66437368693444e-03  0.0
     1.05175346503365e-02  0.0
     1.00909593341987e-02  0.0
     6.82720680698268e-03  0.0
     1.92308651689961e-03  0.0
    -3.07194331254382e-03  0.0
    -6.72830515886117e-03  0.0
    -8.12791227349333e-03  0.0
    -7.07595909878034e-03  0.0
    -4.09192851741066e-03  0.0
    -1.99800858234879e-04  0.0
     3.40860833551563e-03  0.0
     5.72730097970284e-03  0.0
     6.20582500278807e-03  0.0
     4.86515899247171e-03  0.0
     2.24476610334507e-03  0.0
    -7.93210746963903e-04  0.0
    -3.34666995781519e-03  0.0
    -4.72329999235828e-03  0.0
    -4.63139167200198e-03  0.0
    -3.22079517522404e-03  0.0
    -1.00899582272106e-03  0.0
     1.30370273989529e-03  0.0
     3.04596895907011e-03  0.0
     3.76825043857650e-03  0.0
     3.35166479319170e-03  0.0
     2.01399605625997e-03  0.0
     2.15785075757162e-04  0.0
    -1.48751984580630e-03  0.0
    -2.61739561574201e-03  0.0
    -2.90311117796074e-03  0.0
    -2.33567564270543e-03  0.0
    -1.15385163102072e-03  0.0
     2.50750318987948e-04  0.0
     1.45854868414637e-03  0.0
     2.14286764703734e-03  0.0
     2.15685383736934e-03  0.0
     1.55645108607352e-03  0.0
     5.71431124437470e-04  0.0
    -4.84517639457678e-04  0.0
    -1.30370273989529e-03  0.0
    -1.67733103328817e-03  0.0
    -1.54046686855124e-03  0.0
    -9.83021469247354e-04  0.0
    -2.01798885425164e-04  0.0
     5.59442961295758e-04  0.0
     1.08791719893971e-03  0.0
     1.25674933352279e-03  0.0
     1.05694801008950e-03  0.0
     5.81421260388897e-04  0.0
    -7.99164356272697e-06  0.0
    -5.33469073020463e-04  0.0
    -8.54149878469984e-04  0.0
    -9.03101312032769e-04  0.0
    -6.94309098842399e-04  0.0
    -3.15685504874601e-04  0.0
     1.08891318874516e-04  0.0
     4.56545723992098e-04  0.0
     6.38364802712823e-04  0.0
     6.23379366186475e-04  0.0
     4.38563479279530e-04  0.0
     1.55844725247015e-04  0.0
    -1.35864453344162e-04  0.0
    -3.53648021490023e-04  0.0
    -4.48553615230956e-04  0.0
    -4.08593071425249e-04  0.0
    -2.60740454939375e-04  0.0
    -6.09391315060820e-05  0.0
     1.30869617967655e-04  0.0
     2.63737263125596e-04  0.0
     3.10690669498095e-04  0.0
     2.68732563700517e-04  0.0
     1.63836834008157e-04  0.0
     3.29667508420868e-05  0.0
    -8.59142387854418e-05  0.0
    -1.60839560623521e-04  0.0
    -1.78821805336090e-04  0.0
    -1.40859753919082e-04  0.0
    -6.49351858866527e-05  0.0
     2.49751072793598e-05  0.0
     1.04895264493946e-04  0.0
     1.57842752437301e-04  0.0
     1.74825750955519e-04  0.0
     1.58841533433236e-04  0.0
     1.18881454825943e-04  0.0
     6.79319940728735e-05  0.0
     1.89810257085037e-05  0.0
    -1.89810257085037e-05  0.0
    -4.09588596032283e-05  0.0
    -4.79521873684343e-05  0.0
    -4.39561329878636e-05  0.0
    -3.29667508420868e-05  0.0
    -1.99798067044392e-05  0.0
    -1.09889169473623e-05  0.0
0       
