# @(#)RT72A_07_40	1.1 7/20/93
# Reftek RT72A-07 24 bit FIR filter for 40 sps
# stop band: 0.4*fs to 1*fs
# type                   2
# num of poles           0
# input sample interval  2.5e-02
# decimal factor         1   
# normalization factor   1.0
# gain                   1.0
theoretical  1  anti_alias   fir    coef_conv
40 1 28     
57
  0.00000000000000e+00  0.0
 -3.05455434052172e-05  0.0
 -3.05455434052172e-05  0.0
 -3.05455434052172e-05  0.0
 -1.83273260431303e-04  0.0
 -9.16366302156515e-05  0.0
  2.13818803836520e-04  0.0
 -4.27637607673041e-04  0.0
  4.58183151078258e-04  0.0
 -2.44364347241737e-04  0.0
 -4.88728694483475e-04  0.0
  1.58836825707129e-03  0.0
 -2.87128108009042e-03  0.0
  3.60437412181563e-03  0.0
 -3.17673651414259e-03  0.0
  7.94184128535647e-04  0.0
  3.57382857841041e-03  0.0
 -9.46911845561733e-03  0.0
  1.52422261592034e-02  0.0
 -1.86938725639929e-02  0.0
  1.70444132201112e-02  0.0
 -8.06402345897734e-03  0.0
 -9.46911845561733e-03  0.0
  3.49135561121632e-02  0.0
 -6.57951004948378e-02  0.0
  9.78984666137211e-02  0.0
 -1.26428004154194e-01  0.0
  1.48268067688924e-01  0.0
  8.43790091025719e-01  0.0
  1.48268067688924e-01  0.0
 -1.26428004154194e-01  0.0
  9.78984666137211e-02  0.0
 -6.57951004948378e-02  0.0
  3.49135561121632e-02  0.0
 -9.46911845561733e-03  0.0
 -8.06402345897734e-03  0.0
  1.70444132201112e-02  0.0
 -1.86938725639929e-02  0.0
  1.52422261592034e-02  0.0
 -9.46911845561733e-03  0.0
  3.57382857841041e-03  0.0
  7.94184128535647e-04  0.0
 -3.17673651414259e-03  0.0
  3.60437412181563e-03  0.0
 -2.87128108009042e-03  0.0
  1.58836825707129e-03  0.0
 -4.88728694483475e-04  0.0
 -2.44364347241737e-04  0.0
  4.58183151078258e-04  0.0
 -4.27637607673041e-04  0.0
  2.13818803836520e-04  0.0
 -9.16366302156515e-05  0.0
 -1.83273260431303e-04  0.0
 -3.05455434052172e-05  0.0
 -3.05455434052172e-05  0.0
 -3.05455434052172e-05  0.0
  0.00000000000000e+00  0.0
1       
1.0 0.0 
