# @(#)RT72A_2_f	1.3 6/24/94
# Reftek Stage 1. Low-pass FIR for decimation by 2
# fc = 0.08*fc   stop band: 0.2*fs to 1*fs
# type                   2
# num of poles           0
# input sample interval  1.0e-03
# decimal factor         2   
# normalization factor   1.0
# gain                   1.0
theoretical  1  anti_alias   fir    coef_conv
1000 2      
95
    -4.70420443420339e-05  0.0
    -1.86167290659787e-04  0.0
    -2.92263224731128e-04  0.0
    -1.45130702930163e-04  0.0
     2.12190935980228e-04  0.0
     3.10279128487130e-04  0.0
    -1.24111371746116e-04  0.0
    -5.23471206943373e-04  0.0
    -1.14102743473327e-04  0.0
     6.92623736323174e-04  0.0
     5.34481443773404e-04  0.0
    -6.95626697669992e-04  0.0
    -1.09999084700364e-03  0.0
     4.06365968204455e-04  0.0
     1.69853002856152e-03  0.0
     2.73246178499112e-04  0.0
    -2.13992806004565e-03  0.0
    -1.36522975001954e-03  0.0
     2.18096464777527e-03  0.0
     2.77850315293836e-03  0.0
    -1.56841273412177e-03  0.0
    -4.27885497761528e-03  0.0
     1.08097286860917e-04  0.0
     5.49495085304428e-03  0.0
     2.26303875539697e-03  0.0
    -5.95036115054280e-03  0.0
    -5.41087492655177e-03  0.0
     5.13562692918186e-03  0.0
     8.95506843763824e-03  0.0
    -2.60134381415658e-03  0.0
    -1.22650505390844e-02  0.0
    -1.93974757120901e-03  0.0
     1.44780442887925e-02  0.0
     8.51967586276653e-03  0.0
    -1.45601183964142e-02  0.0
    -1.68651953480981e-02  0.0
     1.13402172119918e-02  0.0
     2.63837713700958e-02  0.0
    -3.44610485249834e-03  0.0
    -3.62236372234918e-02  0.0
    -1.11030037731671e-02  0.0
     4.53778854735719e-02  0.0
     3.66400122860503e-02  0.0
    -5.28235941346552e-02  0.0
    -8.88720738382361e-02  0.0
     5.76879767042088e-02  0.0
     3.12633683223649e-01  0.0
     4.41072406631232e-01  0.0
     3.12633683223649e-01  0.0
     5.76879767042088e-02  0.0
    -8.88720738382361e-02  0.0
    -5.28235941346552e-02  0.0
     3.66400122860503e-02  0.0
     4.53778854735719e-02  0.0
    -1.11030037731671e-02  0.0
    -3.62236372234918e-02  0.0
    -3.44610485249834e-03  0.0
     2.63837713700958e-02  0.0
     1.13402172119918e-02  0.0
    -1.68651953480981e-02  0.0
    -1.45601183964142e-02  0.0
     8.51967586276653e-03  0.0
     1.44780442887925e-02  0.0
    -1.93974757120901e-03  0.0
    -1.22650505390844e-02  0.0
    -2.60134381415658e-03  0.0
     8.95506843763824e-03  0.0
     5.13562692918186e-03  0.0
    -5.41087492655177e-03  0.0
    -5.95036115054280e-03  0.0
     2.26303875539697e-03  0.0
     5.49495085304428e-03  0.0
     1.08097286860917e-04  0.0
    -4.27885497761528e-03  0.0
    -1.56841273412177e-03  0.0
     2.77850315293836e-03  0.0
     2.18096464777527e-03  0.0
    -1.36522975001954e-03  0.0
    -2.13992806004565e-03  0.0
     2.73246178499112e-04  0.0
     1.69853002856152e-03  0.0
     4.06365968204455e-04  0.0
    -1.09999084700364e-03  0.0
    -6.95626697669992e-04  0.0
     5.34481443773404e-04  0.0
     6.92623736323174e-04  0.0
    -1.14102743473327e-04  0.0
    -5.23471206943373e-04  0.0
    -1.24111371746116e-04  0.0
     3.10279128487130e-04  0.0
     2.12190935980228e-04  0.0
    -1.45130702930163e-04  0.0
    -2.92263224731128e-04  0.0
    -1.86167290659787e-04  0.0
    -4.70420443420339e-05  0.0
0       
