# $Id$
# Reftek RT72A-07 24 bit FIR filter for 10 sps
# stop band: 0.4*fs to 1*fs
# type                   2
# num of poles           0
# input sample interval  1.0e-01
# decimal factor         1   
# normalization factor   1.0
# gain                   1.0
theoretical  1  anti_alias   fir    coef_conv
10 1 27     
55
  0.00000000000000e+00  0.0
 -1.22564039710749e-04  0.0
 -1.22564039710749e-04  0.0
 -2.45128079421498e-04  0.0
 -1.22564039710749e-04  0.0
  1.22564039710749e-04  0.0
 -4.90256158842996e-04  0.0
  3.67692119132247e-04  0.0
 -2.45128079421498e-04  0.0
 -4.90256158842996e-04  0.0
  1.59333251623974e-03  0.0
 -2.94153695305797e-03  0.0
  3.55435715161172e-03  0.0
 -3.18666503247947e-03  0.0
  7.35384238264493e-04  0.0
  3.55435715161172e-03  0.0
 -9.55999509743841e-03  0.0
  1.51979409241329e-02  0.0
 -1.87522980757446e-02  0.0
  1.70364015197941e-02  0.0
 -8.08922662090943e-03  0.0
 -9.55999509743841e-03  0.0
  3.49307513175634e-02  0.0
 -6.60620174040936e-02  0.0
  9.80512317685991e-02  0.0
 -1.26853781100625e-01  0.0
  1.48670180169138e-01  0.0
  8.46059566123300e-01  0.0
  1.48670180169138e-01  0.0
 -1.26853781100625e-01  0.0
  9.80512317685991e-02  0.0
 -6.60620174040936e-02  0.0
  3.49307513175634e-02  0.0
 -9.55999509743841e-03  0.0
 -8.08922662090943e-03  0.0
  1.70364015197941e-02  0.0
 -1.87522980757446e-02  0.0
  1.51979409241329e-02  0.0
 -9.55999509743841e-03  0.0
  3.55435715161172e-03  0.0
  7.35384238264493e-04  0.0
 -3.18666503247947e-03  0.0
  3.55435715161172e-03  0.0
 -2.94153695305797e-03  0.0
  1.59333251623974e-03  0.0
 -4.90256158842996e-04  0.0
 -2.45128079421498e-04  0.0
  3.67692119132247e-04  0.0
 -4.90256158842996e-04  0.0
  1.22564039710749e-04  0.0
 -1.22564039710749e-04  0.0
 -2.45128079421498e-04  0.0
 -1.22564039710749e-04  0.0
 -1.22564039710749e-04  0.0
  0.00000000000000e+00  0.0
1       
1.0 0.0 
