# $Id$
# Reftek RT72A-07 24 bit FIR filter for 500 sps
# stop band: 0.4*fs to 1*fs
# type                   2
# num of poles           0
# input sample interval  2.0e-03
# decimal factor         1   
# normalization factor   1.0
# gain                   1.0
theoretical  1  anti_alias   fir    coef_conv
500 1  28    
57
  0.00000000000000e+00  0.0
 -1.52662432828530e-05  0.0
 -1.52662432828530e-05  0.0
 -3.05324865657059e-05  0.0
 -1.83194919394236e-04  0.0
 -9.15974596971177e-05  0.0
  2.13727405959941e-04  0.0
 -4.27454811919883e-04  0.0
  4.73253541768442e-04  0.0
 -2.44259892525647e-04  0.0
 -4.88519785051295e-04  0.0
  1.60295554469956e-03  0.0
 -2.87005373717636e-03  0.0
  3.61809965803615e-03  0.0
 -3.16011235955056e-03  0.0
  7.93844650708354e-04  0.0
  3.60283341475330e-03  0.0
 -9.48033707865169e-03  0.0
  1.52815095261358e-02  0.0
 -1.87164142647777e-02  0.0
  1.70523937469468e-02  0.0
 -8.06057645334636e-03  0.0
 -9.49560332193454e-03  0.0
  3.49749633610161e-02  0.0
 -6.58891060087934e-02  0.0
  9.80245481191988e-02  0.0
 -1.26496091841720e-01  0.0
  1.48052027357108e-01  0.0
  8.43948461162677e-01  0.0
  1.48052027357108e-01  0.0
 -1.26496091841720e-01  0.0
  9.80245481191988e-02  0.0
 -6.58891060087934e-02  0.0
  3.49749633610161e-02  0.0
 -9.49560332193454e-03  0.0
 -8.06057645334636e-03  0.0
  1.70523937469468e-02  0.0
 -1.87164142647777e-02  0.0
  1.52815095261358e-02  0.0
 -9.48033707865169e-03  0.0
  3.60283341475330e-03  0.0
  7.93844650708354e-04  0.0
 -3.16011235955056e-03  0.0
  3.61809965803615e-03  0.0
 -2.87005373717636e-03  0.0
  1.60295554469956e-03  0.0
 -4.88519785051295e-04  0.0
 -2.44259892525647e-04  0.0
  4.73253541768442e-04  0.0
 -4.27454811919883e-04  0.0
  2.13727405959941e-04  0.0
 -9.15974596971177e-05  0.0
 -1.83194919394236e-04  0.0
 -3.05324865657059e-05  0.0
 -1.52662432828530e-05  0.0
 -1.52662432828530e-05  0.0
  0.00000000000000e+00  0.0
1       
1.0 0.0 
