# @(#)RT72A_07_25	1.1 7/20/93
# Reftek RT72A-07 24 bit FIR filter for 25 sps
# stop band: 0.4*fs to 1*fs
# type                   2
# num of poles           0
# input sample interval  4.0e-02
# decimal factor         1   
# normalization factor   1.0
# gain                   1.0
theoretical  1  anti_alias   fir    coef_conv
25 1 27     
55
  0.00000000000000e+00  0.0
 -2.46062992125984e-04  0.0
 -2.46062992125984e-04  0.0
 -2.46062992125984e-04  0.0
 -2.46062992125984e-04  0.0
  0.00000000000000e+00  0.0
 -4.92125984251969e-04  0.0
  2.46062992125984e-04  0.0
 -2.46062992125984e-04  0.0
 -4.92125984251969e-04  0.0
  1.47637795275591e-03  0.0
 -2.95275590551181e-03  0.0
  3.44488188976378e-03  0.0
 -3.19881889763780e-03  0.0
  7.38188976377953e-04  0.0
  3.44488188976378e-03  0.0
 -9.59645669291339e-03  0.0
  1.52559055118110e-02  0.0
 -1.89468503937008e-02  0.0
  1.69783464566929e-02  0.0
 -8.12007874015748e-03  0.0
 -9.59645669291339e-03  0.0
  3.49409448818898e-02  0.0
 -6.64370078740158e-02  0.0
  9.84251968503937e-02  0.0
 -1.27460629921260e-01  0.0
  1.49114173228347e-01  0.0
  8.48917322834646e-01  0.0
  1.49114173228347e-01  0.0
 -1.27460629921260e-01  0.0
  9.84251968503937e-02  0.0
 -6.64370078740158e-02  0.0
  3.49409448818898e-02  0.0
 -9.59645669291339e-03  0.0
 -8.12007874015748e-03  0.0
  1.69783464566929e-02  0.0
 -1.89468503937008e-02  0.0
  1.52559055118110e-02  0.0
 -9.59645669291339e-03  0.0
  3.44488188976378e-03  0.0
  7.38188976377953e-04  0.0
 -3.19881889763780e-03  0.0
  3.44488188976378e-03  0.0
 -2.95275590551181e-03  0.0
  1.47637795275591e-03  0.0
 -4.92125984251969e-04  0.0
 -2.46062992125984e-04  0.0
  2.46062992125984e-04  0.0
 -4.92125984251969e-04  0.0
  0.00000000000000e+00  0.0
 -2.46062992125984e-04  0.0
 -2.46062992125984e-04  0.0
 -2.46062992125984e-04  0.0
 -2.46062992125984e-04  0.0
  0.00000000000000e+00  0.0
1       
1.0 0.0 
