# $Id$
# Reftek Stage 1. Low-pass FIR for decimation by 5
# fc = 0.08*fc   stop band: 0.2*fs to 1*fs
# type                   2
# num of poles           0
# input sample interval  1.0e-03
# decimal factor         5   
# normalization factor   1.0
# gain                   1.0
theoretical  1  anti_alias   fir    coef_conv
1000 5      
99
     1.00095098827311e-05  0.0
     1.60154954857390e-05  0.0
     2.10207165493865e-05  0.0
     1.70167261473813e-05  0.0
    -5.00475494136557e-06  0.0
    -5.60553995057914e-05  0.0
    -1.39137501163977e-04  0.0
    -2.52249064714920e-04  0.0
    -3.79375060795164e-04  0.0
    -4.90484629145105e-04  0.0
    -5.44538499572175e-04  0.0
    -4.95489850208752e-04  0.0
    -3.05301704480349e-04  0.0
     4.00394378977705e-05  0.0
     5.19513792620783e-04  0.0
     1.06605428739396e-03  0.0
     1.56654889254408e-03  0.0
     1.87985904395072e-03  0.0
     1.85883832740133e-03  0.0
     1.39437870362470e-03  0.0
     4.52447186448337e-04  0.0
    -8.91881637151297e-04  0.0
    -2.44041350513092e-03  0.0
    -3.88684408398168e-03  0.0
    -4.85680306784980e-03  0.0
    -4.98693182367041e-03  0.0
    -4.01296838327800e-03  0.0
    -1.86484431300434e-03  0.0
     1.27225792860810e-03  0.0
     4.93087642416462e-03  0.0
     8.40631352413510e-03  0.0
     1.08557362407317e-02  0.0
     1.14653388851530e-02  0.0
     9.63653048576671e-03  0.0
     5.17011321925644e-03  0.0
    -1.59357559469647e-03  0.0
    -9.73062332796927e-03  0.0
    -1.77895937145252e-02  0.0
    -2.39687045910082e-02  0.0
    -2.63971065910554e-02  0.0
    -2.34561980146521e-02  0.0
    -1.41149592573607e-02  0.0
     1.80478492309654e-03  0.0
     2.34952366880105e-02  0.0
     4.91706293695107e-02  0.0
     7.62664271583709e-02  0.0
     1.01770650881613e-01  0.0
     1.22659309861177e-01  0.0
     1.36352852624643e-01  0.0
     1.41120568071354e-01  0.0
     1.36352852624643e-01  0.0
     1.22659309861177e-01  0.0
     1.01770650881613e-01  0.0
     7.62664271583709e-02  0.0
     4.91706293695107e-02  0.0
     2.34952366880105e-02  0.0
     1.80478492309654e-03  0.0
    -1.41149592573607e-02  0.0
    -2.34561980146521e-02  0.0
    -2.63971065910554e-02  0.0
    -2.39687045910082e-02  0.0
    -1.77895937145252e-02  0.0
    -9.73062332796927e-03  0.0
    -1.59357559469647e-03  0.0
     5.17011321925644e-03  0.0
     9.63653048576671e-03  0.0
     1.14653388851530e-02  0.0
     1.08557362407317e-02  0.0
     8.40631352413510e-03  0.0
     4.93087642416462e-03  0.0
     1.27225792860810e-03  0.0
    -1.86484431300434e-03  0.0
    -4.01296838327800e-03  0.0
    -4.98693182367041e-03  0.0
    -4.85680306784980e-03  0.0
    -3.88684408398168e-03  0.0
    -2.44041350513092e-03  0.0
    -8.91881637151297e-04  0.0
     4.52447186448337e-04  0.0
     1.39437870362470e-03  0.0
     1.85883832740133e-03  0.0
     1.87985904395072e-03  0.0
     1.56654889254408e-03  0.0
     1.06605428739396e-03  0.0
     5.19513792620783e-04  0.0
     4.00394378977705e-05  0.0
    -3.05301704480349e-04  0.0
    -4.95489850208752e-04  0.0
    -5.44538499572175e-04  0.0
    -4.90484629145105e-04  0.0
    -3.79375060795164e-04  0.0
    -2.52249064714920e-04  0.0
    -1.39137501163977e-04  0.0
    -5.60553995057914e-05  0.0
    -5.00475494136557e-06  0.0
     1.70167261473813e-05  0.0
     2.10207165493865e-05  0.0
     1.60154954857390e-05  0.0
     1.00095098827311e-05  0.0
0       
