# $Id$
# Reftek RT72A-07 24 bit FIR filter for 1000 sps
# stop band: 0.4*fs to 1*fs
# type                   2
# num of poles           0
# input sample interval  1.0e-03
# decimal factor         1   
# normalization factor   1.0
# gain                   1.0
theoretical  1  anti_alias   fir    coef_conv
1000 1  28    
57
  0.00000000000000e+00  0.0
 -7.63137410522139e-06  0.0
 -7.63137410522139e-06  0.0
 -3.05254964208855e-05  0.0
 -1.83152978525313e-04  0.0
 -8.39451151574353e-05  0.0
  2.13678474946199e-04  0.0
 -4.19725575787176e-04  0.0
  4.80776568628947e-04  0.0
 -2.36572597261863e-04  0.0
 -4.88407942734169e-04  0.0
  1.61785131030693e-03  0.0
 -2.87702803766846e-03  0.0
  3.64016544819060e-03  0.0
 -3.16702025366688e-03  0.0
  7.93662906943024e-04  0.0
  3.63253407408538e-03  0.0
 -9.55448037973718e-03  0.0
  1.53848501961263e-02  0.0
 -1.88265999175812e-02  0.0
  1.71476976144325e-02  0.0
 -8.07399380332423e-03  0.0
 -9.60026862436850e-03  0.0
  3.52645797402280e-02  0.0
 -6.63700605931104e-02  0.0
  9.86355103099864e-02  0.0
 -1.27039484729620e-01  0.0
  1.47285520230773e-01  0.0
  8.45739403837055e-01  0.0
  1.47285520230773e-01  0.0
 -1.27039484729620e-01  0.0
  9.86355103099864e-02  0.0
 -6.63700605931104e-02  0.0
  3.52645797402280e-02  0.0
 -9.60026862436850e-03  0.0
 -8.07399380332423e-03  0.0
  1.71476976144325e-02  0.0
 -1.88265999175812e-02  0.0
  1.53848501961263e-02  0.0
 -9.55448037973718e-03  0.0
  3.63253407408538e-03  0.0
  7.93662906943024e-04  0.0
 -3.16702025366688e-03  0.0
  3.64016544819060e-03  0.0
 -2.87702803766846e-03  0.0
  1.61785131030693e-03  0.0
 -4.88407942734169e-04  0.0
 -2.36572597261863e-04  0.0
  4.80776568628947e-04  0.0
 -4.19725575787176e-04  0.0
  2.13678474946199e-04  0.0
 -8.39451151574353e-05  0.0
 -1.83152978525313e-04  0.0
 -3.05254964208855e-05  0.0
 -7.63137410522139e-06  0.0
 -7.63137410522139e-06  0.0
  0.00000000000000e+00  0.0
1       
1.0 0.0 
