# $Id$
# Reftek Stage 1. Low-pass FIR for decimation by 4
# fc = 0.08*fc   stop band: 0.2*fs to 1*fs
# type                   2
# num of poles           0
# input sample interval  1.0e-03
# decimal factor         4   
# normalization factor   1.0
# gain                   1.0
theoretical  1  anti_alias   fir    coef_conv
1000 4      
81
     1.50122514852947e-05  0.0
     3.80311613748288e-05  0.0
     6.80556643454182e-05  0.0
     8.70717110781413e-05  0.0
     6.70550650675426e-05  0.0
    -2.20178445663499e-05  0.0
    -1.97162332045817e-04  0.0
    -4.40362483870702e-04  0.0
    -6.84563701018771e-04  0.0
    -8.18674297199165e-04  0.0
    -7.09584275509366e-04  0.0
    -2.63216797835484e-04  0.0
     5.15424673387793e-04  0.0
     1.47521515984841e-03  0.0
     2.31290550378030e-03  0.0
     2.63617177360227e-03  0.0
     2.09372486112282e-03  0.0
     5.40445247878387e-04  0.0
    -1.82150080560522e-03  0.0
    -4.39261917874101e-03  0.0
    -6.26816492857484e-03  0.0
    -6.49435116431338e-03  0.0
    -4.41463748935267e-03  0.0
    -3.20261675716492e-05  0.0
     5.78776868663764e-03  0.0
     1.13683671842695e-02  0.0
     1.45900218922966e-02  0.0
     1.35361536356315e-02  0.0
     7.23896480336394e-03  0.0
    -3.70405168247481e-03  0.0
    -1.68739039584295e-02  0.0
    -2.83203355960950e-02  0.0
    -3.33925150134201e-02  0.0
    -2.79440254473676e-02  0.0
    -9.62092750285815e-03  0.0
     2.11724458330113e-02  0.0
     6.09462195919435e-02  0.0
     1.03603369071550e-01  0.0
     1.41667733844401e-01  0.0
     1.67972409032769e-01  0.0
     1.77364148036010e-01  0.0
     1.67972409032769e-01  0.0
     1.41667733844401e-01  0.0
     1.03603369071550e-01  0.0
     6.09462195919435e-02  0.0
     2.11724458330113e-02  0.0
    -9.62092750285815e-03  0.0
    -2.79440254473676e-02  0.0
    -3.33925150134201e-02  0.0
    -2.83203355960950e-02  0.0
    -1.68739039584295e-02  0.0
    -3.70405168247481e-03  0.0
     7.23896480336394e-03  0.0
     1.35361536356315e-02  0.0
     1.45900218922966e-02  0.0
     1.13683671842695e-02  0.0
     5.78776868663764e-03  0.0
    -3.20261675716492e-05  0.0
    -4.41463748935267e-03  0.0
    -6.49435116431338e-03  0.0
    -6.26816492857484e-03  0.0
    -4.39261917874101e-03  0.0
    -1.82150080560522e-03  0.0
     5.40445247878387e-04  0.0
     2.09372486112282e-03  0.0
     2.63617177360227e-03  0.0
     2.31290550378030e-03  0.0
     1.47521515984841e-03  0.0
     5.15424673387793e-04  0.0
    -2.63216797835484e-04  0.0
    -7.09584275509366e-04  0.0
    -8.18674297199165e-04  0.0
    -6.84563701018771e-04  0.0
    -4.40362483870702e-04  0.0
    -1.97162332045817e-04  0.0
    -2.20178445663499e-05  0.0
     6.70550650675426e-05  0.0
     8.70717110781413e-05  0.0
     6.80556643454182e-05  0.0
     3.80311613748288e-05  0.0
     1.50122514852947e-05  0.0
0       
