#  Guralp CMG6D FIR linear phase filter parameter file 
# version:      $Revision$Date: 2007/05/26 22:51:26
#
# decimation 2 
# type			2 
# npoles		0 
# input sample interval	1.0e-03 
# decimation factor	2 
# normalization factor	1.0 
# gain factor		 
theoretical  1  anti_alias   fir    coef_conv 
1000 2 250
501 
 3.4803116567137818e-007	0.0 
 8.9242767051826931e-008	0.0 
-5.8275755933564651e-006	0.0 
-2.3852595452767122e-005	0.0 
-4.9760142201380680e-005	0.0 
-6.1755463558727327e-005	0.0 
-3.9188503502697331e-005	0.0 
 5.8806208817741609e-006	0.0 
 3.1026521820460957e-005	0.0 
 1.2859270380042835e-005	0.0 
-1.8506679698557886e-005	0.0 
-1.8133737260221288e-005	0.0 
 9.4521020367678700e-006	0.0 
 1.8786236472753843e-005	0.0 
-3.5799232441556163e-006	0.0 
-1.8166717454003270e-005	0.0 
-3.1184134609449026e-007	0.0 
 1.7421862887896588e-005	0.0 
 3.1236406855643452e-006	0.0 
-1.6897026398005619e-005	0.0 
-5.4394721382948248e-006	0.0 
 1.6620630883890827e-005	0.0 
 7.5938911531921747e-006	0.0 
-1.6531575113345105e-005	0.0 
-9.7768765438024304e-006	0.0 
 1.6556259733482797e-005	0.0 
 1.2113642500910870e-005	0.0 
-1.6600366963889763e-005	0.0 
-1.4662113124475805e-005	0.0 
 1.6589088908495326e-005	0.0 
 1.7455478914422976e-005	0.0 
-1.6459863283359684e-005	0.0 
-2.0522361715216195e-005	0.0 
 1.6136551830560660e-005	0.0 
 2.3858412353198846e-005	0.0 
-1.5562809856664556e-005	0.0 
-2.7454078809758841e-005	0.0 
 1.4694713113858664e-005	0.0 
 3.1309156250527587e-005	0.0 
-1.3473907842782360e-005	0.0 
-3.5402975458452617e-005	0.0 
 1.1855347970923713e-005	0.0 
 3.9713935974044767e-005	0.0 
-9.8029015643668364e-006	0.0 
-4.4233913431127341e-005	0.0 
 7.2605328834040205e-006	0.0 
 4.8934940833786715e-005	0.0 
-4.1775537035135975e-006	0.0 
-5.3777750435546844e-005	0.0 
 5.1899454358191527e-007	0.0 
 5.8735103977060651e-005	0.0 
 3.7615675182469637e-006	0.0 
-6.3769925192195254e-005	0.0 
-8.7115237226076553e-006	0.0 
 6.8831909106029164e-005	0.0 
 1.4363584149741158e-005	0.0 
-7.3879516721602547e-005	0.0 
-2.0756415394001205e-005	0.0 
 7.8869233604102608e-005	0.0 
 2.7938492214254746e-005	0.0 
-8.3738449495042848e-005	0.0 
-3.5947354941438315e-005	0.0 
 8.8417812931769458e-005	0.0 
 4.4806784173045113e-005	0.0 
-9.2846124042537660e-005	0.0 
-5.4543116720291163e-005	0.0 
 9.6963547396330114e-005	0.0 
 6.5192921456237886e-005	0.0 
-1.0069416084203107e-004	0.0 
-7.6787727552740813e-005	0.0 
 1.0394847815203401e-004	0.0 
 8.9342127472419636e-005	0.0 
-1.0664157830731668e-004	0.0 
-1.0286797171106617e-004	0.0 
 1.0868842567812221e-004	0.0 
 1.1737921491264752e-004	0.0 
-1.0999251196082591e-004	0.0 
-1.3287799978506100e-004	0.0 
 1.1045825460252017e-004	0.0 
 1.4936198187703964e-004	0.0 
-1.0999137947726810e-004	0.0 
-1.6683439869775085e-004	0.0 
 1.0848062486158127e-004	0.0 
 1.8528490096694501e-004	0.0 
-1.0580673989761870e-004	0.0 
-2.0468177090752828e-004	0.0 
 1.0186310187052166e-004	0.0 
 2.2499313589332168e-004	0.0 
-9.6546099004368431e-005	0.0 
-2.4619418655614676e-004	0.0 
 8.9736138812943110e-005	0.0 
 2.6824926202443847e-004	0.0 
-8.1301671441380346e-005	0.0 
-2.9109928315766833e-004	0.0 
 7.1118082517413928e-005	0.0 
 3.1467223742196642e-004	0.0 
-5.9072900984036327e-005	0.0 
-3.3889957244524727e-004	0.0 
 4.5049709429014688e-005	0.0 
 3.6371094820204385e-004	0.0 
-2.8919558386600157e-005	0.0 
-3.8901831967095294e-004	0.0 
 1.0552194739996251e-005	0.0 
 4.1471503389876332e-004	0.0 
 1.0174106990240761e-005	0.0 
-4.4068421795876816e-004	0.0 
-3.3371873302950073e-005	0.0 
 4.6680795816877340e-004	0.0 
 5.9154601555647326e-005	0.0 
-4.9296557295263927e-004	0.0 
-8.7648984001235838e-005	0.0 
 5.1901138048725140e-004	0.0 
 1.1897644116347364e-004	0.0 
-5.4477487496795750e-004	0.0 
-1.5323120894290276e-004	0.0 
 5.7009420111430755e-004	0.0 
 1.9050745876598993e-004	0.0 
-5.9481047403288519e-004	0.0 
-2.3091970310833978e-004	0.0 
 6.1873063072587339e-004	0.0 
 2.7456881539296717e-004	0.0 
-6.4163916075886613e-004	0.0 
-3.2152616371372767e-004	0.0 
 6.6333034785467156e-004	0.0 
 3.7186300293607001e-004	0.0 
-6.8359729750574615e-004	0.0 
-4.2566224218198160e-004	0.0 
 7.0220619847987829e-004	0.0 
 4.8299620382466930e-004	0.0 
-7.1889983715726804e-004	0.0 
-5.4390920467562950e-004	0.0 
 7.3342419336604333e-004	0.0 
 6.0843656404710759e-004	0.0 
-7.4552876389782615e-004	0.0 
-6.7662634661340144e-004	0.0 
 7.5493158309356857e-004	0.0 
 7.4850708000124221e-004	0.0 
-7.6133221464084447e-004	0.0 
-8.2407278709909133e-004	0.0 
 7.6445127311186383e-004	0.0 
 9.0333384651740899e-004	0.0 
-7.6398706909357184e-004	0.0 
-9.8630048267443348e-004	0.0 
 7.5959339534394771e-004	0.0 
 1.0729255248433185e-003	0.0 
-7.5095182725800410e-004	0.0 
-1.1631635282433933e-003	0.0 
 7.3775037710427469e-004	0.0 
 1.2569983766855804e-003	0.0 
-7.1961490098740126e-004	0.0 
-1.3543584145034300e-003	0.0 
 6.9617965594754292e-004	0.0 
 1.4551493191777402e-003	0.0 
-6.6710140668529592e-004	0.0 
-1.5593105069383654e-003	0.0 
 6.3197653565623087e-004	0.0 
 1.6667278233830230e-003	0.0 
-5.9041084204802341e-004	0.0 
-1.7772681319298703e-003	0.0 
 5.4203305030317149e-004	0.0 
 1.8908462878653894e-003	0.0 
-4.8638163096579717e-004	0.0 
-2.0072850667767952e-003	0.0 
 4.2305011108037657e-004	0.0 
 2.1264507626841608e-003	0.0 
-3.5156682960940422e-004	0.0 
-2.2481416912199961e-003	0.0 
 2.7152100134117781e-004	0.0 
 2.3722648238521417e-003	0.0 
-1.8229968886859246e-004	0.0 
-2.4984565074541651e-003	0.0 
 8.3610462154534634e-005	0.0 
 2.6267660890880351e-003	0.0 
 2.5351764417913003e-005	0.0 
-2.7567215333039962e-003	0.0 
-1.4494233404931380e-004	0.0 
 2.8882307930938426e-003	0.0 
 2.7580369907824432e-004	0.0 
-3.0211065302924904e-003	0.0 
-4.1870130826561789e-004	0.0 
 3.1549352737988341e-003	0.0 
 5.7416302389412684e-004	0.0 
-3.2895656084761084e-003	0.0 
-7.4295513033127876e-004	0.0 
 3.4247873099268306e-003	0.0 
 9.2599324245070975e-004	0.0 
-3.5602060892590023e-003	0.0 
-1.1240753214935963e-003	0.0 
 3.6955556607889319e-003	0.0 
 1.3381167615459158e-003	0.0 
-3.8306457201084743e-003	0.0 
-1.5692847293726038e-003	0.0 
 3.9651462371299712e-003	0.0 
 1.8188095587747665e-003	0.0 
-4.0986995987943474e-003	0.0 
-2.0879872015594743e-003	0.0 
 4.2310479902870858e-003	0.0 
 2.3783618473523565e-003	0.0 
-4.3619412332877175e-003	0.0 
-2.6917705906440042e-003	0.0 
 4.4910545642241834e-003	0.0 
 3.0302953570189553e-003	0.0 
-4.6180360057766880e-003	0.0 
-3.3962942989766800e-003	0.0 
 4.7425876266545498e-003	0.0 
 3.7925498233299629e-003	0.0 
-4.8644591327655197e-003	0.0 
-4.2224294447030996e-003	0.0 
 4.9833632005086273e-003	0.0 
 4.6899619577551489e-003	0.0 
-5.0989665914023272e-003	0.0 
-5.1999440616884536e-003	0.0 
 5.2109665234366014e-003	0.0 
 5.7582061280032435e-003	0.0 
-5.3191076085390872e-003	0.0 
-6.3719662744390641e-003	0.0 
 5.4231415284070094e-003	0.0 
 7.0502393007918938e-003	0.0 
-5.5228073978304355e-003	0.0 
-7.8043942832881118e-003	0.0 
 5.6178282618264122e-003	0.0 
 8.6489453042202461e-003	0.0 
-5.7079326069928542e-003	0.0 
-9.6027222432327527e-003	0.0 
 5.7928910372516719e-003	0.0 
 1.0690653389363607e-002	0.0 
-5.8725046085816414e-003	0.0 
-1.1946440315076422e-002	0.0 
 5.9465694709785371e-003	0.0 
 1.3416702408769554e-002	0.0 
-6.0148808225789297e-003	0.0 
-1.5167767254871185e-002	0.0 
 6.0772501887677074e-003	0.0 
 1.7297285763600605e-002	0.0 
-6.1335077528360989e-003	0.0 
-1.9955128182494349e-002	0.0 
 6.1835058003990523e-003	0.0 
 2.3383568711586932e-002	0.0 
-6.2271197889228764e-003	0.0 
-2.8001305654779148e-002	0.0 
 6.2642375534603077e-003	0.0 
 3.4599483395306239e-002	0.0 
-6.2947492512531655e-003	0.0 
-4.4873741400395524e-002	0.0 
 6.3185563568803130e-003	0.0 
 6.3233226531596909e-002	0.0 
-6.3355943009227381e-003	0.0 
-1.0584571574634370e-001	0.0 
 6.3458318173297557e-003	0.0 
 3.1822397084090615e-001	0.0 
 4.9365075210605214e-001	0.0 
 3.1822397084090615e-001	0.0 
 6.3458318173297557e-003	0.0 
-1.0584571574634370e-001	0.0 
-6.3355943009227381e-003	0.0 
 6.3233226531596909e-002	0.0 
 6.3185563568803130e-003	0.0 
-4.4873741400395524e-002	0.0 
-6.2947492512531655e-003	0.0 
 3.4599483395306239e-002	0.0 
 6.2642375534603077e-003	0.0 
-2.8001305654779148e-002	0.0 
-6.2271197889228764e-003	0.0 
 2.3383568711586932e-002	0.0 
 6.1835058003990523e-003	0.0 
-1.9955128182494349e-002	0.0 
-6.1335077528360989e-003	0.0 
 1.7297285763600605e-002	0.0 
 6.0772501887677074e-003	0.0 
-1.5167767254871185e-002	0.0 
-6.0148808225789297e-003	0.0 
 1.3416702408769554e-002	0.0 
 5.9465694709785371e-003	0.0 
-1.1946440315076422e-002	0.0 
-5.8725046085816414e-003	0.0 
 1.0690653389363607e-002	0.0 
 5.7928910372516719e-003	0.0 
-9.6027222432327527e-003	0.0 
-5.7079326069928542e-003	0.0 
 8.6489453042202461e-003	0.0 
 5.6178282618264122e-003	0.0 
-7.8043942832881118e-003	0.0 
-5.5228073978304355e-003	0.0 
 7.0502393007918938e-003	0.0 
 5.4231415284070094e-003	0.0 
-6.3719662744390641e-003	0.0 
-5.3191076085390872e-003	0.0 
 5.7582061280032435e-003	0.0 
 5.2109665234366014e-003	0.0 
-5.1999440616884536e-003	0.0 
-5.0989665914023272e-003	0.0 
 4.6899619577551489e-003	0.0 
 4.9833632005086273e-003	0.0 
-4.2224294447030996e-003	0.0 
-4.8644591327655197e-003	0.0 
 3.7925498233299629e-003	0.0 
 4.7425876266545498e-003	0.0 
-3.3962942989766800e-003	0.0 
-4.6180360057766880e-003	0.0 
 3.0302953570189553e-003	0.0 
 4.4910545642241834e-003	0.0 
-2.6917705906440042e-003	0.0 
-4.3619412332877175e-003	0.0 
 2.3783618473523565e-003	0.0 
 4.2310479902870858e-003	0.0 
-2.0879872015594743e-003	0.0 
-4.0986995987943474e-003	0.0 
 1.8188095587747665e-003	0.0 
 3.9651462371299712e-003	0.0 
-1.5692847293726038e-003	0.0 
-3.8306457201084743e-003	0.0 
 1.3381167615459158e-003	0.0 
 3.6955556607889319e-003	0.0 
-1.1240753214935963e-003	0.0 
-3.5602060892590023e-003	0.0 
 9.2599324245070975e-004	0.0 
 3.4247873099268306e-003	0.0 
-7.4295513033127876e-004	0.0 
-3.2895656084761084e-003	0.0 
 5.7416302389412684e-004	0.0 
 3.1549352737988341e-003	0.0 
-4.1870130826561789e-004	0.0 
-3.0211065302924904e-003	0.0 
 2.7580369907824432e-004	0.0 
 2.8882307930938426e-003	0.0 
-1.4494233404931380e-004	0.0 
-2.7567215333039962e-003	0.0 
 2.5351764417913003e-005	0.0 
 2.6267660890880351e-003	0.0 
 8.3610462154534634e-005	0.0 
-2.4984565074541651e-003	0.0 
-1.8229968886859246e-004	0.0 
 2.3722648238521417e-003	0.0 
 2.7152100134117781e-004	0.0 
-2.2481416912199961e-003	0.0 
-3.5156682960940422e-004	0.0 
 2.1264507626841608e-003	0.0 
 4.2305011108037657e-004	0.0 
-2.0072850667767952e-003	0.0 
-4.8638163096579717e-004	0.0 
 1.8908462878653894e-003	0.0 
 5.4203305030317149e-004	0.0 
-1.7772681319298703e-003	0.0 
-5.9041084204802341e-004	0.0 
 1.6667278233830230e-003	0.0 
 6.3197653565623087e-004	0.0 
-1.5593105069383654e-003	0.0 
-6.6710140668529592e-004	0.0 
 1.4551493191777402e-003	0.0 
 6.9617965594754292e-004	0.0 
-1.3543584145034300e-003	0.0 
-7.1961490098740126e-004	0.0 
 1.2569983766855804e-003	0.0 
 7.3775037710427469e-004	0.0 
-1.1631635282433933e-003	0.0 
-7.5095182725800410e-004	0.0 
 1.0729255248433185e-003	0.0 
 7.5959339534394771e-004	0.0 
-9.8630048267443348e-004	0.0 
-7.6398706909357184e-004	0.0 
 9.0333384651740899e-004	0.0 
 7.6445127311186383e-004	0.0 
-8.2407278709909133e-004	0.0 
-7.6133221464084447e-004	0.0 
 7.4850708000124221e-004	0.0 
 7.5493158309356857e-004	0.0 
-6.7662634661340144e-004	0.0 
-7.4552876389782615e-004	0.0 
 6.0843656404710759e-004	0.0 
 7.3342419336604333e-004	0.0 
-5.4390920467562950e-004	0.0 
-7.1889983715726804e-004	0.0 
 4.8299620382466930e-004	0.0 
 7.0220619847987829e-004	0.0 
-4.2566224218198160e-004	0.0 
-6.8359729750574615e-004	0.0 
 3.7186300293607001e-004	0.0 
 6.6333034785467156e-004	0.0 
-3.2152616371372767e-004	0.0 
-6.4163916075886613e-004	0.0 
 2.7456881539296717e-004	0.0 
 6.1873063072587339e-004	0.0 
-2.3091970310833978e-004	0.0 
-5.9481047403288519e-004	0.0 
 1.9050745876598993e-004	0.0 
 5.7009420111430755e-004	0.0 
-1.5323120894290276e-004	0.0 
-5.4477487496795750e-004	0.0 
 1.1897644116347364e-004	0.0 
 5.1901138048725140e-004	0.0 
-8.7648984001235838e-005	0.0 
-4.9296557295263927e-004	0.0 
 5.9154601555647326e-005	0.0 
 4.6680795816877340e-004	0.0 
-3.3371873302950073e-005	0.0 
-4.4068421795876816e-004	0.0 
 1.0174106990240761e-005	0.0 
 4.1471503389876332e-004	0.0 
 1.0552194739996251e-005	0.0 
-3.8901831967095294e-004	0.0 
-2.8919558386600157e-005	0.0 
 3.6371094820204385e-004	0.0 
 4.5049709429014688e-005	0.0 
-3.3889957244524727e-004	0.0 
-5.9072900984036327e-005	0.0 
 3.1467223742196642e-004	0.0 
 7.1118082517413928e-005	0.0 
-2.9109928315766833e-004	0.0 
-8.1301671441380346e-005	0.0 
 2.6824926202443847e-004	0.0 
 8.9736138812943110e-005	0.0 
-2.4619418655614676e-004	0.0 
-9.6546099004368431e-005	0.0 
 2.2499313589332168e-004	0.0 
 1.0186310187052166e-004	0.0 
-2.0468177090752828e-004	0.0 
-1.0580673989761870e-004	0.0 
 1.8528490096694501e-004	0.0 
 1.0848062486158127e-004	0.0 
-1.6683439869775085e-004	0.0 
-1.0999137947726810e-004	0.0 
 1.4936198187703964e-004	0.0 
 1.1045825460252017e-004	0.0 
-1.3287799978506100e-004	0.0 
-1.0999251196082591e-004	0.0 
 1.1737921491264752e-004	0.0 
 1.0868842567812221e-004	0.0 
-1.0286797171106617e-004	0.0 
-1.0664157830731668e-004	0.0 
 8.9342127472419636e-005	0.0 
 1.0394847815203401e-004	0.0 
-7.6787727552740813e-005	0.0 
-1.0069416084203107e-004	0.0 
 6.5192921456237886e-005	0.0 
 9.6963547396330114e-005	0.0 
-5.4543116720291163e-005	0.0 
-9.2846124042537660e-005	0.0 
 4.4806784173045113e-005	0.0 
 8.8417812931769458e-005	0.0 
-3.5947354941438315e-005	0.0 
-8.3738449495042848e-005	0.0 
 2.7938492214254746e-005	0.0 
 7.8869233604102608e-005	0.0 
-2.0756415394001205e-005	0.0 
-7.3879516721602547e-005	0.0 
 1.4363584149741158e-005	0.0 
 6.8831909106029164e-005	0.0 
-8.7115237226076553e-006	0.0 
-6.3769925192195254e-005	0.0 
 3.7615675182469637e-006	0.0 
 5.8735103977060651e-005	0.0 
 5.1899454358191527e-007	0.0 
-5.3777750435546844e-005	0.0 
-4.1775537035135975e-006	0.0 
 4.8934940833786715e-005	0.0 
 7.2605328834040205e-006	0.0 
-4.4233913431127341e-005	0.0 
-9.8029015643668364e-006	0.0 
 3.9713935974044767e-005	0.0 
 1.1855347970923713e-005	0.0 
-3.5402975458452617e-005	0.0 
-1.3473907842782360e-005	0.0 
 3.1309156250527587e-005	0.0 
 1.4694713113858664e-005	0.0 
-2.7454078809758841e-005	0.0 
-1.5562809856664556e-005	0.0 
 2.3858412353198846e-005	0.0 
 1.6136551830560660e-005	0.0 
-2.0522361715216195e-005	0.0 
-1.6459863283359684e-005	0.0 
 1.7455478914422976e-005	0.0 
 1.6589088908495326e-005	0.0 
-1.4662113124475805e-005	0.0 
-1.6600366963889763e-005	0.0 
 1.2113642500910870e-005	0.0 
 1.6556259733482797e-005	0.0 
-9.7768765438024304e-006	0.0 
-1.6531575113345105e-005	0.0 
 7.5938911531921747e-006	0.0 
 1.6620630883890827e-005	0.0 
-5.4394721382948248e-006	0.0 
-1.6897026398005619e-005	0.0 
 3.1236406855643452e-006	0.0 
 1.7421862887896588e-005	0.0 
-3.1184134609449026e-007	0.0 
-1.8166717454003270e-005	0.0 
-3.5799232441556163e-006	0.0 
 1.8786236472753843e-005	0.0 
 9.4521020367678700e-006	0.0 
-1.8133737260221288e-005	0.0 
-1.8506679698557886e-005	0.0 
 1.2859270380042835e-005	0.0 
 3.1026521820460957e-005	0.0 
 5.8806208817741609e-006	0.0 
-3.9188503502697331e-005	0.0 
-6.1755463558727327e-005	0.0 
-4.9760142201380680e-005	0.0 
-2.3852595452767122e-005	0.0 
-5.8275755933564651e-006	0.0 
 8.9242767051826931e-008	0.0 
 3.4803116567137818e-007	0.0 
0 
