#  Guralp CMG6D FIR linear phase filter parameter file 
# $Id$
#
# decimation 5 
# type			2 
# npoles		0 
# input sample interval	1.0e-03 
# decimation factor	5 
# normalization factor	1.0 
# gain factor		 
theoretical  1  anti_alias   fir    coef_conv 
1000 5 250
501 
-7.8843770220965393e-008	0.0 
-3.8771118301734107e-007	0.0 
-1.0775623962492469e-006	0.0 
-2.4385173013201370e-006	0.0 
-4.6899360547013182e-006	0.0 
-8.0012593046107122e-006	0.0 
-1.2320773135013113e-005	0.0 
-1.7320794779467764e-005	0.0 
-2.2336210429331469e-005	0.0 
-2.6427299774647301e-005	0.0 
-2.8530670881830679e-005	0.0 
-2.7716367870601565e-005	0.0 
-2.3481215393920887e-005	0.0 
-1.6006343504005780e-005	0.0 
-6.2789131344918972e-006	0.0 
 3.9935579001588563e-006	0.0 
 1.2703098935856095e-005	0.0 
 1.7847396466445700e-005	0.0 
 1.8103387131832985e-005	0.0 
 1.3300161864144255e-005	0.0 
 4.6226339001298046e-006	0.0 
-5.5665197515398625e-006	0.0 
-1.4293419209966028e-005	0.0 
-1.8806928356300416e-005	0.0 
-1.7449713483970339e-005	0.0 
-1.0287663166634756e-005	0.0 
 7.4244015010843730e-007	0.0 
 1.2279455127799877e-005	0.0 
 2.0505076039091969e-005	0.0 
 2.2370883812507423e-005	0.0 
 1.6700582604773814e-005	0.0 
 4.7761490989516075e-006	0.0 
-9.8538010326991511e-006	0.0 
-2.2367270473764992e-005	0.0 
-2.8210160048851321e-005	0.0 
-2.4709107010145702e-005	0.0 
-1.2198385095913543e-005	0.0 
 5.7902071298483975e-006	0.0 
 2.3444949156362056e-005	0.0 
 3.4495169491267430e-005	0.0 
 3.4386576329615344e-005	0.0 
 2.2073570207905764e-005	0.0 
 7.4709930008621717e-007	0.0 
-2.2875636521746976e-005	0.0 
-4.0596913331904426e-005	0.0 
-4.5524302508840711e-005	0.0 
-3.4671048474455631e-005	0.0 
-1.0414657370531437e-005	0.0 
 1.9829795104731705e-005	0.0 
 4.5784859646545375e-005	0.0 
 5.7734154985959877e-005	0.0 
 5.0079324931289848e-005	0.0 
 2.3754681881725871e-005	0.0 
-1.3488609093205636e-005	0.0 
-4.9240173939988677e-005	0.0 
-7.0482364730330445e-005	0.0 
-6.8245640949547528e-005	0.0 
-4.1231453078171090e-005	0.0 
 3.0136351088668418e-006	0.0 
 5.0029441877361942e-005	0.0 
 8.3064470724504246e-005	0.0 
 8.8951903102111739e-005	0.0 
 6.3211029262119490e-005	0.0 
 1.2442612376455777e-005	0.0 
-4.7099810633658436e-005	0.0 
-9.4582040805404489e-005	0.0 
-1.1177473856312101e-004	0.0 
-8.9912178821746204e-005	0.0 
-3.3688769523711110e-005	0.0 
 3.9315250732752769e-005	0.0 
 1.0396093042186915e-004	0.0 
 1.3608582417461913e-004	0.0 
 1.2139489414159598e-004	0.0 
 6.1482372300028065e-005	0.0 
-2.5458358730520054e-005	0.0 
-1.0993492537502483e-004	0.0 
-1.6101663586879516e-004	0.0 
-1.5751349725650921e-004	0.0 
-9.6483853581218624e-005	0.0 
 4.2611563696156070e-006	0.0 
 1.1105062864118422e-004	0.0 
 1.8543369898024858e-004	0.0 
 1.9786735419250216e-004	0.0 
 1.3919526029123350e-004	0.0 
 2.5537388077033433e-005	0.0 
-1.0570743705517029e-004	0.0 
-2.0795442522180243e-004	0.0 
-2.4179500357193447e-004	0.0 
-1.8994374986626658e-004	0.0 
-6.5179773428264149e-005	0.0 
 9.2149440991491061e-005	0.0 
 2.2691064421295808e-004	0.0 
 2.8831044025211131e-004	0.0 
 2.4880116426041597e-004	0.0 
 1.1580988685036780e-004	0.0 
-6.8527822350802529e-005	0.0 
-2.4038147442337704e-004	0.0 
-3.3610435539024202e-004	0.0 
-3.1556219823751687e-004	0.0 
-1.7844424023513833e-004	0.0 
 3.2918114779643640e-005	0.0 
 2.4618506675253942e-004	0.0 
 3.8350578399531612e-004	0.0 
 3.8968271750381735e-004	0.0 
 2.5390287988278428e-004	0.0 
 1.6622716751600699e-005	0.0 
-2.4190789698339414e-004	0.0 
-4.2847723893774722e-004	0.0 
-4.7024669707243434e-004	0.0 
-3.4276481657305365e-004	0.0 
-8.2022406162112103e-005	0.0 
 2.2490736925164894e-004	0.0 
 4.6857442171514390e-004	0.0 
 5.5588414503677033e-004	0.0 
 4.4525798267667295e-004	0.0 
 1.6507708211198005e-004	0.0 
-1.9241225637114828e-004	0.0 
-5.0101555931260778e-004	0.0 
-6.4480618349054550e-004	0.0 
-5.6126958705882710e-004	0.0 
-2.6745552360206128e-004	0.0 
 1.4150369097527479e-004	0.0 
 5.2263235384756939e-004	0.0 
 7.3472175526036773e-004	0.0 
 6.9023717678944984e-004	0.0 
 3.9058281235307055e-004	0.0 
-6.9217675972877579e-005	0.0 
-5.2994198525381823e-004	0.0 
-8.2287307209840137e-004	0.0 
-8.3115388051444678e-004	0.0 
-5.3563146282276585e-004	0.0 
-2.7451279096217334e-005	0.0 
 5.1913065743611523e-004	0.0 
 9.0599484030292840e-004	0.0 
 9.8251208938273022e-004	0.0 
 7.0346866746547499e-004	0.0 
 1.5152380799852842e-004	0.0 
-4.8603541309800730e-004	0.0 
-9.8024497158681330e-004	0.0 
-1.1421909970227729e-003	0.0 
-8.9452091115804679e-004	0.0 
-3.0590342381429551e-004	0.0 
 4.2624965861329153e-004	0.0 
 1.0412696508252611e-003	0.0 
 1.3074808844224291e-003	0.0 
 1.1087693436966999e-003	0.0 
 4.9336151591441264e-004	0.0 
-3.3513106518291442e-004	0.0 
-1.0841940754251381e-003	0.0 
-1.4750572399935713e-003	0.0 
-1.3457166883403472e-003	0.0 
-7.1651000866758614e-004	0.0 
 2.0781321018793373e-004	0.0 
 1.1036166017877871e-003	0.0 
 1.6409646793033299e-003	0.0 
 1.6043739811798124e-003	0.0 
 9.7780319503582664e-004	0.0 
-3.9183820677804788e-005	0.0 
-1.0935733554247166e-003	0.0 
-1.8005842122170049e-003	0.0 
-1.8832506056864510e-003	0.0 
-1.2795658238768362e-003	0.0 
-1.7618424816475515e-004	0.0 
 1.0474406514228319e-003	0.0 
 1.9485309367842242e-003	0.0 
 2.1802731106703829e-003	0.0 
 1.6239495263982134e-003	0.0 
 4.4402579742983697e-004	0.0 
-9.5792564634200432e-004	0.0 
-2.0786583525596357e-003	0.0 
-2.4928291790125008e-003	0.0 
-2.0130225823028784e-003	0.0 
-7.7049605856515995e-004	0.0 
 8.1697969754184981e-004	0.0 
 2.1840574714443043e-003	0.0 
 2.8178979466448447e-003	0.0 
 2.4490385635901348e-003	0.0 
 1.1625332688554283e-003	0.0 
-6.1543153681960163e-004	0.0 
-2.2567942202443934e-003	0.0 
-3.1519791889073898e-003	0.0 
-2.9345854193627667e-003	0.0 
-1.6281753958902808e-003	0.0 
 3.4262674509610071e-004	0.0 
 2.2876600610865277e-003	0.0 
 3.4910801847803825e-003	0.0 
 3.4728440782831778e-003	0.0 
 2.1770035258092970e-003	0.0 
 1.4003948482733429e-005	0.0 
-2.2659954835550578e-003	0.0 
-3.8309894860555447e-003	0.0 
-4.0683641512601499e-003	0.0 
-2.8212730941231962e-003	0.0 
-4.7010412216206903e-004	0.0 
 2.1789141206270215e-003	0.0 
 4.1672287443991528e-003	0.0 
 4.7278640838553923e-003	0.0 
 3.5773640348838358e-003	0.0 
 1.0459920351491049e-003	0.0 
-2.0102058347364732e-003	0.0 
-4.4950229868168890e-003	0.0 
-5.4614827943086719e-003	0.0 
-4.4680081404962456e-003	0.0 
-1.7690490636563896e-003	0.0 
 1.7388822198555923e-003	0.0 
 4.8097537402019084e-003	0.0 
 6.2855458814389002e-003	0.0 
 5.5268906479942932e-003	0.0 
 2.6787777532418251e-003	0.0 
-1.3355810106064753e-003	0.0 
-5.1066003968407046e-003	0.0 
-7.2262713777189970e-003	0.0 
-6.8056884924363650e-003	0.0 
-3.8347709142320672e-003	0.0 
 7.5716027284425825e-004	0.0 
 5.3810698949865671e-003	0.0 
 8.3279669995046830e-003	0.0 
 8.3887638912913641e-003	0.0 
 5.3334379014372381e-003	0.0 
 6.5230254027597986e-005	0.0 
-5.6287979510745581e-003	0.0 
-9.6685266073131704e-003	0.0 
-1.0422535479981357e-002	0.0 
-7.3423854140712546e-003	0.0 
-1.2510431283993468e-003	0.0 
 5.8458052114432873e-003	0.0 
 1.1394926690879268e-002	0.0 
 1.3183767132140365e-002	0.0 
 1.0182295168704088e-002	0.0 
 3.0314145090462601e-003	0.0 
-6.0285254713785584e-003	0.0 
-1.3814213581031758e-002	0.0 
-1.7261220066731867e-002	0.0 
-1.4552981411615290e-002	0.0 
-5.9246108557495757e-003	0.0 
 6.1739356154456877e-003	0.0 
 1.7679458126419134e-002	0.0 
 2.4156532581739824e-002	0.0 
 2.2324739581811078e-002	0.0 
 1.1390280991189062e-002	0.0 
-6.2795958972713187e-003	0.0 
-2.5428309955316929e-002	0.0 
-3.9137826239451036e-002	0.0 
-4.0720766164272018e-002	0.0 
-2.5754823156040826e-002	0.0 
 6.3437236625402856e-003	0.0 
 5.1710161907382195e-002	0.0 
 1.0262862913034758e-001	0.0 
 1.4923526705082252e-001	0.0 
 1.8189823158740603e-001	0.0 
 1.9363477536158297e-001	0.0 
 1.8189823158740603e-001	0.0 
 1.4923526705082252e-001	0.0 
 1.0262862913034758e-001	0.0 
 5.1710161907382195e-002	0.0 
 6.3437236625402856e-003	0.0 
-2.5754823156040826e-002	0.0 
-4.0720766164272018e-002	0.0 
-3.9137826239451036e-002	0.0 
-2.5428309955316929e-002	0.0 
-6.2795958972713187e-003	0.0 
 1.1390280991189062e-002	0.0 
 2.2324739581811078e-002	0.0 
 2.4156532581739824e-002	0.0 
 1.7679458126419134e-002	0.0 
 6.1739356154456877e-003	0.0 
-5.9246108557495757e-003	0.0 
-1.4552981411615290e-002	0.0 
-1.7261220066731867e-002	0.0 
-1.3814213581031758e-002	0.0 
-6.0285254713785584e-003	0.0 
 3.0314145090462601e-003	0.0 
 1.0182295168704088e-002	0.0 
 1.3183767132140365e-002	0.0 
 1.1394926690879268e-002	0.0 
 5.8458052114432873e-003	0.0 
-1.2510431283993468e-003	0.0 
-7.3423854140712546e-003	0.0 
-1.0422535479981357e-002	0.0 
-9.6685266073131704e-003	0.0 
-5.6287979510745581e-003	0.0 
 6.5230254027597986e-005	0.0 
 5.3334379014372381e-003	0.0 
 8.3887638912913641e-003	0.0 
 8.3279669995046830e-003	0.0 
 5.3810698949865671e-003	0.0 
 7.5716027284425825e-004	0.0 
-3.8347709142320672e-003	0.0 
-6.8056884924363650e-003	0.0 
-7.2262713777189970e-003	0.0 
-5.1066003968407046e-003	0.0 
-1.3355810106064753e-003	0.0 
 2.6787777532418251e-003	0.0 
 5.5268906479942932e-003	0.0 
 6.2855458814389002e-003	0.0 
 4.8097537402019084e-003	0.0 
 1.7388822198555923e-003	0.0 
-1.7690490636563896e-003	0.0 
-4.4680081404962456e-003	0.0 
-5.4614827943086719e-003	0.0 
-4.4950229868168890e-003	0.0 
-2.0102058347364732e-003	0.0 
 1.0459920351491049e-003	0.0 
 3.5773640348838358e-003	0.0 
 4.7278640838553923e-003	0.0 
 4.1672287443991528e-003	0.0 
 2.1789141206270215e-003	0.0 
-4.7010412216206903e-004	0.0 
-2.8212730941231962e-003	0.0 
-4.0683641512601499e-003	0.0 
-3.8309894860555447e-003	0.0 
-2.2659954835550578e-003	0.0 
 1.4003948482733429e-005	0.0 
 2.1770035258092970e-003	0.0 
 3.4728440782831778e-003	0.0 
 3.4910801847803825e-003	0.0 
 2.2876600610865277e-003	0.0 
 3.4262674509610071e-004	0.0 
-1.6281753958902808e-003	0.0 
-2.9345854193627667e-003	0.0 
-3.1519791889073898e-003	0.0 
-2.2567942202443934e-003	0.0 
-6.1543153681960163e-004	0.0 
 1.1625332688554283e-003	0.0 
 2.4490385635901348e-003	0.0 
 2.8178979466448447e-003	0.0 
 2.1840574714443043e-003	0.0 
 8.1697969754184981e-004	0.0 
-7.7049605856515995e-004	0.0 
-2.0130225823028784e-003	0.0 
-2.4928291790125008e-003	0.0 
-2.0786583525596357e-003	0.0 
-9.5792564634200432e-004	0.0 
 4.4402579742983697e-004	0.0 
 1.6239495263982134e-003	0.0 
 2.1802731106703829e-003	0.0 
 1.9485309367842242e-003	0.0 
 1.0474406514228319e-003	0.0 
-1.7618424816475515e-004	0.0 
-1.2795658238768362e-003	0.0 
-1.8832506056864510e-003	0.0 
-1.8005842122170049e-003	0.0 
-1.0935733554247166e-003	0.0 
-3.9183820677804788e-005	0.0 
 9.7780319503582664e-004	0.0 
 1.6043739811798124e-003	0.0 
 1.6409646793033299e-003	0.0 
 1.1036166017877871e-003	0.0 
 2.0781321018793373e-004	0.0 
-7.1651000866758614e-004	0.0 
-1.3457166883403472e-003	0.0 
-1.4750572399935713e-003	0.0 
-1.0841940754251381e-003	0.0 
-3.3513106518291442e-004	0.0 
 4.9336151591441264e-004	0.0 
 1.1087693436966999e-003	0.0 
 1.3074808844224291e-003	0.0 
 1.0412696508252611e-003	0.0 
 4.2624965861329153e-004	0.0 
-3.0590342381429551e-004	0.0 
-8.9452091115804679e-004	0.0 
-1.1421909970227729e-003	0.0 
-9.8024497158681330e-004	0.0 
-4.8603541309800730e-004	0.0 
 1.5152380799852842e-004	0.0 
 7.0346866746547499e-004	0.0 
 9.8251208938273022e-004	0.0 
 9.0599484030292840e-004	0.0 
 5.1913065743611523e-004	0.0 
-2.7451279096217334e-005	0.0 
-5.3563146282276585e-004	0.0 
-8.3115388051444678e-004	0.0 
-8.2287307209840137e-004	0.0 
-5.2994198525381823e-004	0.0 
-6.9217675972877579e-005	0.0 
 3.9058281235307055e-004	0.0 
 6.9023717678944984e-004	0.0 
 7.3472175526036773e-004	0.0 
 5.2263235384756939e-004	0.0 
 1.4150369097527479e-004	0.0 
-2.6745552360206128e-004	0.0 
-5.6126958705882710e-004	0.0 
-6.4480618349054550e-004	0.0 
-5.0101555931260778e-004	0.0 
-1.9241225637114828e-004	0.0 
 1.6507708211198005e-004	0.0 
 4.4525798267667295e-004	0.0 
 5.5588414503677033e-004	0.0 
 4.6857442171514390e-004	0.0 
 2.2490736925164894e-004	0.0 
-8.2022406162112103e-005	0.0 
-3.4276481657305365e-004	0.0 
-4.7024669707243434e-004	0.0 
-4.2847723893774722e-004	0.0 
-2.4190789698339414e-004	0.0 
 1.6622716751600699e-005	0.0 
 2.5390287988278428e-004	0.0 
 3.8968271750381735e-004	0.0 
 3.8350578399531612e-004	0.0 
 2.4618506675253942e-004	0.0 
 3.2918114779643640e-005	0.0 
-1.7844424023513833e-004	0.0 
-3.1556219823751687e-004	0.0 
-3.3610435539024202e-004	0.0 
-2.4038147442337704e-004	0.0 
-6.8527822350802529e-005	0.0 
 1.1580988685036780e-004	0.0 
 2.4880116426041597e-004	0.0 
 2.8831044025211131e-004	0.0 
 2.2691064421295808e-004	0.0 
 9.2149440991491061e-005	0.0 
-6.5179773428264149e-005	0.0 
-1.8994374986626658e-004	0.0 
-2.4179500357193447e-004	0.0 
-2.0795442522180243e-004	0.0 
-1.0570743705517029e-004	0.0 
 2.5537388077033433e-005	0.0 
 1.3919526029123350e-004	0.0 
 1.9786735419250216e-004	0.0 
 1.8543369898024858e-004	0.0 
 1.1105062864118422e-004	0.0 
 4.2611563696156070e-006	0.0 
-9.6483853581218624e-005	0.0 
-1.5751349725650921e-004	0.0 
-1.6101663586879516e-004	0.0 
-1.0993492537502483e-004	0.0 
-2.5458358730520054e-005	0.0 
 6.1482372300028065e-005	0.0 
 1.2139489414159598e-004	0.0 
 1.3608582417461913e-004	0.0 
 1.0396093042186915e-004	0.0 
 3.9315250732752769e-005	0.0 
-3.3688769523711110e-005	0.0 
-8.9912178821746204e-005	0.0 
-1.1177473856312101e-004	0.0 
-9.4582040805404489e-005	0.0 
-4.7099810633658436e-005	0.0 
 1.2442612376455777e-005	0.0 
 6.3211029262119490e-005	0.0 
 8.8951903102111739e-005	0.0 
 8.3064470724504246e-005	0.0 
 5.0029441877361942e-005	0.0 
 3.0136351088668418e-006	0.0 
-4.1231453078171090e-005	0.0 
-6.8245640949547528e-005	0.0 
-7.0482364730330445e-005	0.0 
-4.9240173939988677e-005	0.0 
-1.3488609093205636e-005	0.0 
 2.3754681881725871e-005	0.0 
 5.0079324931289848e-005	0.0 
 5.7734154985959877e-005	0.0 
 4.5784859646545375e-005	0.0 
 1.9829795104731705e-005	0.0 
-1.0414657370531437e-005	0.0 
-3.4671048474455631e-005	0.0 
-4.5524302508840711e-005	0.0 
-4.0596913331904426e-005	0.0 
-2.2875636521746976e-005	0.0 
 7.4709930008621717e-007	0.0 
 2.2073570207905764e-005	0.0 
 3.4386576329615344e-005	0.0 
 3.4495169491267430e-005	0.0 
 2.3444949156362056e-005	0.0 
 5.7902071298483975e-006	0.0 
-1.2198385095913543e-005	0.0 
-2.4709107010145702e-005	0.0 
-2.8210160048851321e-005	0.0 
-2.2367270473764992e-005	0.0 
-9.8538010326991511e-006	0.0 
 4.7761490989516075e-006	0.0 
 1.6700582604773814e-005	0.0 
 2.2370883812507423e-005	0.0 
 2.0505076039091969e-005	0.0 
 1.2279455127799877e-005	0.0 
 7.4244015010843730e-007	0.0 
-1.0287663166634756e-005	0.0 
-1.7449713483970339e-005	0.0 
-1.8806928356300416e-005	0.0 
-1.4293419209966028e-005	0.0 
-5.5665197515398625e-006	0.0 
 4.6226339001298046e-006	0.0 
 1.3300161864144255e-005	0.0 
 1.8103387131832985e-005	0.0 
 1.7847396466445700e-005	0.0 
 1.2703098935856095e-005	0.0 
 3.9935579001588563e-006	0.0 
-6.2789131344918972e-006	0.0 
-1.6006343504005780e-005	0.0 
-2.3481215393920887e-005	0.0 
-2.7716367870601565e-005	0.0 
-2.8530670881830679e-005	0.0 
-2.6427299774647301e-005	0.0 
-2.2336210429331469e-005	0.0 
-1.7320794779467764e-005	0.0 
-1.2320773135013113e-005	0.0 
-8.0012593046107122e-006	0.0 
-4.6899360547013182e-006	0.0 
-2.4385173013201370e-006	0.0 
-1.0775623962492469e-006	0.0 
-3.8771118301734107e-007	0.0 
-7.8843770220965393e-008	0.0 
0 
