#  Guralp CMG6D FIR linear phase filter parameter file 
# $Id$
#
# decimation 4 
# type			2 
# npoles		0 
# input sample interval	1.0e-03 
# decimation factor	4 
# normalization factor	1.0 
# gain factor		 
theoretical  1  anti_alias   fir    coef_conv 
1000 4 250
501 
 6.0419774712768943e-008	0.0 
 6.3365150972357666e-008	0.0 
-1.8960460744103218e-007	0.0 
-1.1300898796159437e-006	0.0 
-3.3428433352990125e-006	0.0 
-7.3782350724928530e-006	0.0 
-1.3426661858060167e-005	0.0 
-2.0967914820893613e-005	0.0 
-2.8580048802952748e-005	0.0 
-3.4096873067325006e-005	0.0 
-3.5199206225378598e-005	0.0 
-3.0324505907444859e-005	0.0 
-1.9566314080867239e-005	0.0 
-5.1197831922390315e-006	0.0 
 9.0835438606783766e-006	0.0 
 1.8606671409337274e-005	0.0 
 2.0238461205733498e-005	0.0 
 1.3518974216280955e-005	0.0 
 1.2914501835643720e-006	0.0 
-1.1164786969692529e-005	0.0 
-1.8245898926305215e-005	0.0 
-1.6551216249969518e-005	0.0 
-6.6510960012461071e-006	0.0 
 6.8801647090723667e-006	0.0 
 1.7401182133687206e-005	0.0 
 1.9366205700047958e-005	0.0 
 1.1237215920146747e-005	0.0 
-3.3881400661074589e-006	0.0 
-1.7216961659984936e-005	0.0 
-2.2787591960698186e-005	0.0 
-1.6430317242983348e-005	0.0 
-5.8658389526117472e-007	0.0 
 1.6938011253134315e-005	0.0 
 2.6706170642134803e-005	0.0 
 2.2646626751957692e-005	0.0 
 5.7124792461891173e-006	0.0 
-1.5953828646606334e-005	0.0 
-3.0807735841004745e-005	0.0 
-2.9959570883528858e-005	0.0 
-1.2374713690359044e-005	0.0 
 1.3768458050165935e-005	0.0 
 3.4720990174620221e-005	0.0 
 3.8288152768531674e-005	0.0 
 2.0805080035838666e-005	0.0 
-9.9660782302725347e-006	0.0 
-3.8062593674283218e-005	0.0 
-4.7478705902538905e-005	0.0 
-3.1157928119007348e-005	0.0 
 4.1664327420212504e-006	0.0 
 4.0428971507028721e-005	0.0 
 5.7323440887453966e-005	0.0 
 4.3541057729819496e-005	0.0 
 4.0075230175498007e-006	0.0 
-4.1366845512967566e-005	0.0 
-6.7533610979976944e-005	0.0 
-5.7990286251180114e-005	0.0 
-1.4905701215901012e-005	0.0 
 4.0393775363973470e-005	0.0 
 7.7754233633786594e-005	0.0 
 7.4477323709729729e-005	0.0 
 2.8853395829213062e-005	0.0 
-3.6997992947869657e-005	0.0 
-8.7564168770449104e-005	0.0 
-9.2910531362155031e-005	0.0 
-4.6155597400613605e-005	0.0 
 3.0626999779934488e-005	0.0 
 9.6455701957479892e-005	0.0 
 1.1310707933076247e-004	0.0 
 6.7066891716447384e-005	0.0 
-2.0713264663713979e-005	0.0 
-1.0385106960545326e-004	0.0 
-1.3479980690308055e-004	0.0 
-9.1792447141491996e-005	0.0 
 6.6734390716891404e-006	0.0 
 1.0909777107163624e-004	0.0 
 1.5762883134890103e-004	0.0 
 1.2048092193695734e-004	0.0 
 1.2093413641837795e-005	0.0 
-1.1145184347876515e-004	0.0 
-1.8110897720022750e-004	0.0 
-1.5318157738393676e-004	0.0 
-3.6162354692059974e-005	0.0 
 1.1011230142724752e-004	0.0 
 2.0464989616094317e-004	0.0 
 1.8985094210738097e-004	0.0 
 6.6081666545615272e-005	0.0 
-1.0422253438219995e-004	0.0 
-2.2755421033099853e-004	0.0 
-2.3034997668142508e-004	0.0 
-1.0237630744803370e-004	0.0 
 9.2852305833149331e-005	0.0 
 2.4898045861621097e-004	0.0 
 2.7439000416616492e-004	0.0 
 1.4548495868778717e-004	0.0 
-7.5059032060555885e-005	0.0 
-2.6799480324763369e-004	0.0 
-3.2157340595039496e-004	0.0 
-1.9579499076134154e-004	0.0 
 4.9849941216836461e-005	0.0 
 2.8352352166485610e-004	0.0 
 3.7133547356178894e-004	0.0 
 2.5357920204214086e-004	0.0 
-1.6241564700305264e-005	0.0 
-2.9440164736922069e-004	0.0 
-4.2298120827901384e-004	0.0 
-3.1902679048381109e-004	0.0 
-2.6775484585391613e-005	0.0 
 2.9932480837462972e-004	0.0 
 4.7562185039637346e-004	0.0 
 3.9217015078391580e-004	0.0 
 8.0164116837611553e-005	0.0 
-2.9691126061566063e-004	0.0 
-5.2822369362707426e-004	0.0 
-4.7292649677734672e-004	0.0 
-1.4488759118820027e-004	0.0 
 2.8563725295841939e-004	0.0 
 5.7951950000571426e-004	0.0 
 5.6098943936955692e-004	0.0 
 2.2179438954449384e-004	0.0 
-2.6394233602906056e-004	0.0 
-6.2809118701938316e-004	0.0 
-6.5588478267379049e-004	0.0 
-3.1165157990190056e-004	0.0 
 2.3020948412768555e-004	0.0 
 6.7235596954983465e-004	0.0 
 7.5696106391434995e-004	0.0 
 4.1514433473316284e-004	0.0 
-1.8274941042891319e-004	0.0 
-7.1053010431471996e-004	0.0 
-8.6333482286778519e-004	0.0 
-5.3281105269984092e-004	0.0 
 1.1986532992931872e-004	0.0 
 7.4068702494558701e-004	0.0 
 9.7394312560093016e-004	0.0 
 6.6509818415195739e-004	0.0 
-3.9785955219363785e-005	0.0 
-7.6067307789103142e-004	0.0 
-1.0874464405791857e-003	0.0 
-8.1226402197870525e-004	0.0 
-5.9257299299144203e-005	0.0 
 7.6815068606978540e-004	0.0 
 1.2022318077334743e-003	0.0 
 9.7434671348555738e-004	0.0 
 1.7897559925658142e-004	0.0 
-7.6066190179150761e-004	0.0 
-1.3164752484056328e-003	0.0 
-1.1512213113978938e-003	0.0 
-3.2107379123742297e-004	0.0 
 7.3558412606858424e-004	0.0 
 1.4281081323007613e-003	0.0 
 1.3425828739092533e-003	0.0 
 4.8725487668245933e-004	0.0 
-6.9010537562892694e-004	0.0 
-1.5347806973058204e-003	0.0 
-1.5479115103832831e-003	0.0 
-6.7919862910574937e-004	0.0 
 6.2122717941083658e-004	0.0 
 1.6338509611182469e-003	0.0 
 1.7664582499501143e-003	0.0 
 8.9855534672458805e-004	0.0 
-5.2575800245078554e-004	0.0 
-1.7223679581748665e-003	0.0 
-1.9972245284971594e-003	0.0 
-1.1469252942042101e-003	0.0 
 4.0033721316063163e-004	0.0 
 1.7971078165603936e-003	0.0 
 2.2390166055782945e-003	0.0 
 1.4259261029373137e-003	0.0 
-2.4137535316128385e-004	0.0 
-1.8545514498423349e-003	0.0 
-2.4904849488239303e-003	0.0 
-1.7372971063917113e-003	0.0 
 4.4909175278409937e-005	0.0 
 1.8907425160003060e-003	0.0 
 2.7500269567314823e-003	0.0 
 2.0828645535427002e-003	0.0 
 1.9340956224627871e-004	0.0 
-1.9012703467123477e-003	0.0 
-3.0158002487398849e-003	0.0 
-2.4645884999664829e-003	0.0 
-4.7835364005600710e-004	0.0 
 1.8813050444844860e-003	0.0 
 3.2858848534894087e-003	0.0 
 2.8848474642981258e-003	0.0 
 8.1544999047578656e-004	0.0 
-1.8253465071043260e-003	0.0 
-3.5582190072008012e-003	0.0 
-3.3465890488671474e-003	0.0 
-1.2112655728753385e-003	0.0 
 1.7269564289540806e-003	0.0 
 3.8304898816770047e-003	0.0 
 3.8534151303133953e-003	0.0 
 1.6735757803469341e-003	0.0 
-1.5787186025141380e-003	0.0 
-4.1004124592203036e-003	0.0 
-4.4102109685984648e-003	0.0 
-2.2121528906273867e-003	0.0 
 1.3716398116750334e-003	0.0 
 4.3656452091210222e-003	0.0 
 5.0236708947625714e-003	0.0 
 2.8396607688193883e-003	0.0 
-1.0943775538819415e-003	0.0 
-4.6236161947492320e-003	0.0 
-5.7028670310702127e-003	0.0 
-3.5726048138147817e-003	0.0 
 7.3266059046266324e-004	0.0 
 4.8720557198962018e-003	0.0 
 6.4611292280539745e-003	0.0 
 4.4339948698184535e-003	0.0 
-2.6705251887841554e-004	0.0 
-5.1084212931986573e-003	0.0 
-7.3175863471631767e-003	0.0 
-5.4561634771768206e-003	0.0 
-3.2920662230878585e-004	0.0 
 5.3304500270385359e-003	0.0 
 8.3012420446270871e-003	0.0 
 6.6870019064468392e-003	0.0 
 1.0952873470025314e-003	0.0 
-5.5358602191615527e-003	0.0 
-9.4570573756515581e-003	0.0 
-8.2001669485708244e-003	0.0 
-2.0911798181192189e-003	0.0 
 5.7225697736609264e-003	0.0 
 1.0858121810728342e-002	0.0 
 1.0115323935297538e-002	0.0 
 3.4147379163933967e-003	0.0 
-5.8886217045823362e-003	0.0 
-1.2630072899303988e-002	0.0 
-1.2640091944861979e-002	0.0 
-5.2378939888216266e-003	0.0 
 6.0322671051135351e-003	0.0 
 1.5006570698163460e-002	0.0 
 1.6168112960738539e-002	0.0 
 7.8942023886132695e-003	0.0 
-6.1519661336318374e-003	0.0 
-1.8473338594334029e-002	0.0 
-2.1545086271138391e-002	0.0 
-1.2127905581741833e-002	0.0 
 6.2464337419211582e-003	0.0 
 2.4226492747988878e-002	0.0 
 3.0973321784981328e-002	0.0 
 2.0007270096663317e-002	0.0 
-6.3146610654764455e-003	0.0 
-3.6202088365660419e-002	0.0 
-5.2534342055479931e-002	0.0 
-4.0221894714198105e-002	0.0 
 6.3559014272572961e-003	0.0 
 7.9341626756674222e-002	0.0 
 1.5898205559661849e-001	0.0 
 2.2051449266153178e-001	0.0 
 2.4363030199638308e-001	0.0 
 2.2051449266153178e-001	0.0 
 1.5898205559661849e-001	0.0 
 7.9341626756674222e-002	0.0 
 6.3559014272572961e-003	0.0 
-4.0221894714198105e-002	0.0 
-5.2534342055479931e-002	0.0 
-3.6202088365660419e-002	0.0 
-6.3146610654764455e-003	0.0 
 2.0007270096663317e-002	0.0 
 3.0973321784981328e-002	0.0 
 2.4226492747988878e-002	0.0 
 6.2464337419211582e-003	0.0 
-1.2127905581741833e-002	0.0 
-2.1545086271138391e-002	0.0 
-1.8473338594334029e-002	0.0 
-6.1519661336318374e-003	0.0 
 7.8942023886132695e-003	0.0 
 1.6168112960738539e-002	0.0 
 1.5006570698163460e-002	0.0 
 6.0322671051135351e-003	0.0 
-5.2378939888216266e-003	0.0 
-1.2640091944861979e-002	0.0 
-1.2630072899303988e-002	0.0 
-5.8886217045823362e-003	0.0 
 3.4147379163933967e-003	0.0 
 1.0115323935297538e-002	0.0 
 1.0858121810728342e-002	0.0 
 5.7225697736609264e-003	0.0 
-2.0911798181192189e-003	0.0 
-8.2001669485708244e-003	0.0 
-9.4570573756515581e-003	0.0 
-5.5358602191615527e-003	0.0 
 1.0952873470025314e-003	0.0 
 6.6870019064468392e-003	0.0 
 8.3012420446270871e-003	0.0 
 5.3304500270385359e-003	0.0 
-3.2920662230878585e-004	0.0 
-5.4561634771768206e-003	0.0 
-7.3175863471631767e-003	0.0 
-5.1084212931986573e-003	0.0 
-2.6705251887841554e-004	0.0 
 4.4339948698184535e-003	0.0 
 6.4611292280539745e-003	0.0 
 4.8720557198962018e-003	0.0 
 7.3266059046266324e-004	0.0 
-3.5726048138147817e-003	0.0 
-5.7028670310702127e-003	0.0 
-4.6236161947492320e-003	0.0 
-1.0943775538819415e-003	0.0 
 2.8396607688193883e-003	0.0 
 5.0236708947625714e-003	0.0 
 4.3656452091210222e-003	0.0 
 1.3716398116750334e-003	0.0 
-2.2121528906273867e-003	0.0 
-4.4102109685984648e-003	0.0 
-4.1004124592203036e-003	0.0 
-1.5787186025141380e-003	0.0 
 1.6735757803469341e-003	0.0 
 3.8534151303133953e-003	0.0 
 3.8304898816770047e-003	0.0 
 1.7269564289540806e-003	0.0 
-1.2112655728753385e-003	0.0 
-3.3465890488671474e-003	0.0 
-3.5582190072008012e-003	0.0 
-1.8253465071043260e-003	0.0 
 8.1544999047578656e-004	0.0 
 2.8848474642981258e-003	0.0 
 3.2858848534894087e-003	0.0 
 1.8813050444844860e-003	0.0 
-4.7835364005600710e-004	0.0 
-2.4645884999664829e-003	0.0 
-3.0158002487398849e-003	0.0 
-1.9012703467123477e-003	0.0 
 1.9340956224627871e-004	0.0 
 2.0828645535427002e-003	0.0 
 2.7500269567314823e-003	0.0 
 1.8907425160003060e-003	0.0 
 4.4909175278409937e-005	0.0 
-1.7372971063917113e-003	0.0 
-2.4904849488239303e-003	0.0 
-1.8545514498423349e-003	0.0 
-2.4137535316128385e-004	0.0 
 1.4259261029373137e-003	0.0 
 2.2390166055782945e-003	0.0 
 1.7971078165603936e-003	0.0 
 4.0033721316063163e-004	0.0 
-1.1469252942042101e-003	0.0 
-1.9972245284971594e-003	0.0 
-1.7223679581748665e-003	0.0 
-5.2575800245078554e-004	0.0 
 8.9855534672458805e-004	0.0 
 1.7664582499501143e-003	0.0 
 1.6338509611182469e-003	0.0 
 6.2122717941083658e-004	0.0 
-6.7919862910574937e-004	0.0 
-1.5479115103832831e-003	0.0 
-1.5347806973058204e-003	0.0 
-6.9010537562892694e-004	0.0 
 4.8725487668245933e-004	0.0 
 1.3425828739092533e-003	0.0 
 1.4281081323007613e-003	0.0 
 7.3558412606858424e-004	0.0 
-3.2107379123742297e-004	0.0 
-1.1512213113978938e-003	0.0 
-1.3164752484056328e-003	0.0 
-7.6066190179150761e-004	0.0 
 1.7897559925658142e-004	0.0 
 9.7434671348555738e-004	0.0 
 1.2022318077334743e-003	0.0 
 7.6815068606978540e-004	0.0 
-5.9257299299144203e-005	0.0 
-8.1226402197870525e-004	0.0 
-1.0874464405791857e-003	0.0 
-7.6067307789103142e-004	0.0 
-3.9785955219363785e-005	0.0 
 6.6509818415195739e-004	0.0 
 9.7394312560093016e-004	0.0 
 7.4068702494558701e-004	0.0 
 1.1986532992931872e-004	0.0 
-5.3281105269984092e-004	0.0 
-8.6333482286778519e-004	0.0 
-7.1053010431471996e-004	0.0 
-1.8274941042891319e-004	0.0 
 4.1514433473316284e-004	0.0 
 7.5696106391434995e-004	0.0 
 6.7235596954983465e-004	0.0 
 2.3020948412768555e-004	0.0 
-3.1165157990190056e-004	0.0 
-6.5588478267379049e-004	0.0 
-6.2809118701938316e-004	0.0 
-2.6394233602906056e-004	0.0 
 2.2179438954449384e-004	0.0 
 5.6098943936955692e-004	0.0 
 5.7951950000571426e-004	0.0 
 2.8563725295841939e-004	0.0 
-1.4488759118820027e-004	0.0 
-4.7292649677734672e-004	0.0 
-5.2822369362707426e-004	0.0 
-2.9691126061566063e-004	0.0 
 8.0164116837611553e-005	0.0 
 3.9217015078391580e-004	0.0 
 4.7562185039637346e-004	0.0 
 2.9932480837462972e-004	0.0 
-2.6775484585391613e-005	0.0 
-3.1902679048381109e-004	0.0 
-4.2298120827901384e-004	0.0 
-2.9440164736922069e-004	0.0 
-1.6241564700305264e-005	0.0 
 2.5357920204214086e-004	0.0 
 3.7133547356178894e-004	0.0 
 2.8352352166485610e-004	0.0 
 4.9849941216836461e-005	0.0 
-1.9579499076134154e-004	0.0 
-3.2157340595039496e-004	0.0 
-2.6799480324763369e-004	0.0 
-7.5059032060555885e-005	0.0 
 1.4548495868778717e-004	0.0 
 2.7439000416616492e-004	0.0 
 2.4898045861621097e-004	0.0 
 9.2852305833149331e-005	0.0 
-1.0237630744803370e-004	0.0 
-2.3034997668142508e-004	0.0 
-2.2755421033099853e-004	0.0 
-1.0422253438219995e-004	0.0 
 6.6081666545615272e-005	0.0 
 1.8985094210738097e-004	0.0 
 2.0464989616094317e-004	0.0 
 1.1011230142724752e-004	0.0 
-3.6162354692059974e-005	0.0 
-1.5318157738393676e-004	0.0 
-1.8110897720022750e-004	0.0 
-1.1145184347876515e-004	0.0 
 1.2093413641837795e-005	0.0 
 1.2048092193695734e-004	0.0 
 1.5762883134890103e-004	0.0 
 1.0909777107163624e-004	0.0 
 6.6734390716891404e-006	0.0 
-9.1792447141491996e-005	0.0 
-1.3479980690308055e-004	0.0 
-1.0385106960545326e-004	0.0 
-2.0713264663713979e-005	0.0 
 6.7066891716447384e-005	0.0 
 1.1310707933076247e-004	0.0 
 9.6455701957479892e-005	0.0 
 3.0626999779934488e-005	0.0 
-4.6155597400613605e-005	0.0 
-9.2910531362155031e-005	0.0 
-8.7564168770449104e-005	0.0 
-3.6997992947869657e-005	0.0 
 2.8853395829213062e-005	0.0 
 7.4477323709729729e-005	0.0 
 7.7754233633786594e-005	0.0 
 4.0393775363973470e-005	0.0 
-1.4905701215901012e-005	0.0 
-5.7990286251180114e-005	0.0 
-6.7533610979976944e-005	0.0 
-4.1366845512967566e-005	0.0 
 4.0075230175498007e-006	0.0 
 4.3541057729819496e-005	0.0 
 5.7323440887453966e-005	0.0 
 4.0428971507028721e-005	0.0 
 4.1664327420212504e-006	0.0 
-3.1157928119007348e-005	0.0 
-4.7478705902538905e-005	0.0 
-3.8062593674283218e-005	0.0 
-9.9660782302725347e-006	0.0 
 2.0805080035838666e-005	0.0 
 3.8288152768531674e-005	0.0 
 3.4720990174620221e-005	0.0 
 1.3768458050165935e-005	0.0 
-1.2374713690359044e-005	0.0 
-2.9959570883528858e-005	0.0 
-3.0807735841004745e-005	0.0 
-1.5953828646606334e-005	0.0 
 5.7124792461891173e-006	0.0 
 2.2646626751957692e-005	0.0 
 2.6706170642134803e-005	0.0 
 1.6938011253134315e-005	0.0 
-5.8658389526117472e-007	0.0 
-1.6430317242983348e-005	0.0 
-2.2787591960698186e-005	0.0 
-1.7216961659984936e-005	0.0 
-3.3881400661074589e-006	0.0 
 1.1237215920146747e-005	0.0 
 1.9366205700047958e-005	0.0 
 1.7401182133687206e-005	0.0 
 6.8801647090723667e-006	0.0 
-6.6510960012461071e-006	0.0 
-1.6551216249969518e-005	0.0 
-1.8245898926305215e-005	0.0 
-1.1164786969692529e-005	0.0 
 1.2914501835643720e-006	0.0 
 1.3518974216280955e-005	0.0 
 2.0238461205733498e-005	0.0 
 1.8606671409337274e-005	0.0 
 9.0835438606783766e-006	0.0 
-5.1197831922390315e-006	0.0 
-1.9566314080867239e-005	0.0 
-3.0324505907444859e-005	0.0 
-3.5199206225378598e-005	0.0 
-3.4096873067325006e-005	0.0 
-2.8580048802952748e-005	0.0 
-2.0967914820893613e-005	0.0 
-1.3426661858060167e-005	0.0 
-7.3782350724928530e-006	0.0 
-3.3428433352990125e-006	0.0 
-1.1300898796159437e-006	0.0 
-1.8960460744103218e-007	0.0 
 6.3365150972357666e-008	0.0 
 6.0419774712768943e-008	0.0 
0 
