# @(#)Guralp_16 
# Gualp Low-pass FIR for decimation by 16
# fc = 0.08*fc   stop band: 0.2*fs to 1*fs
# type                   2
# num of poles           0
# input sample interval  1.0e-03
# decimal factor         16   
# normalization factor   1.0
# gain                   1.0
theoretical  1  anti_alias   fir    coef_conv
1000 16 1000      
2001
 0.000000000000000 0.0
 0.000000000000000 0.0
 0.000000000000000 0.0
 0.000000000000000 0.0
 0.000000000000000 0.0
 0.000000000000000 0.0
 0.000000000000000 0.0
-0.000000007450581 0.0
-0.000000007450581 0.0
-0.000000014901161 0.0
-0.000000022351742 0.0
-0.000000022351742 0.0
-0.000000029802322 0.0
-0.000000037252903 0.0
-0.000000044703484 0.0
-0.000000044703484 0.0
-0.000000044703484 0.0
-0.000000044703484 0.0
-0.000000044703484 0.0
-0.000000037252903 0.0
-0.000000029802322 0.0
-0.000000014901161 0.0
 0.000000007450581 0.0
 0.000000022351742 0.0
 0.000000044703484 0.0
 0.000000074505806 0.0
 0.000000096857548 0.0
 0.000000126659870 0.0
 0.000000156462193 0.0
 0.000000178813934 0.0
 0.000000201165676 0.0
 0.000000216066837 0.0
 0.000000223517418 0.0
 0.000000223517418 0.0
 0.000000216066837 0.0
 0.000000201165676 0.0
 0.000000171363354 0.0
 0.000000134110451 0.0
 0.000000089406967 0.0
 0.000000037252903 0.0
-0.000000029802322 0.0
-0.000000096857548 0.0
-0.000000163912773 0.0
-0.000000238418579 0.0
-0.000000312924385 0.0
-0.000000379979610 0.0
-0.000000439584255 0.0
-0.000000491738319 0.0
-0.000000528991222 0.0
-0.000000551342964 0.0
-0.000000558793545 0.0
-0.000000543892384 0.0
-0.000000506639481 0.0
-0.000000454485416 0.0
-0.000000379979610 0.0
-0.000000283122063 0.0
-0.000000178813934 0.0
-0.000000052154064 0.0
 0.000000089406967 0.0
 0.000000230967999 0.0
 0.000000379979610 0.0
 0.000000521540642 0.0
 0.000000663101673 0.0
 0.000000789761543 0.0
 0.000000894069672 0.0
 0.000000976026058 0.0
 0.000001035630703 0.0
 0.000001065433025 0.0
 0.000001050531864 0.0
 0.000001013278961 0.0
 0.000000931322575 0.0
 0.000000812113285 0.0
 0.000000663101673 0.0
 0.000000476837158 0.0
 0.000000268220901 0.0
 0.000000037252903 0.0
-0.000000208616257 0.0
-0.000000461935997 0.0
-0.000000715255737 0.0
-0.000000961124897 0.0
-0.000001184642315 0.0
-0.000001385807991 0.0
-0.000001549720764 0.0
-0.000001676380634 0.0
-0.000001750886440 0.0
-0.000001765787601 0.0
-0.000001728534698 0.0
-0.000001639127731 0.0
-0.000001482665539 0.0
-0.000001274049282 0.0
-0.000001005828381 0.0
-0.000000700354576 0.0
-0.000000350177288 0.0
 0.000000022351742 0.0
 0.000000417232513 0.0
 0.000000812113285 0.0
 0.000001206994057 0.0
 0.000001579523087 0.0
 0.000001914799213 0.0
 0.000002205371857 0.0
 0.000002436339855 0.0
 0.000002600252628 0.0
 0.000002682209015 0.0
 0.000002682209015 0.0
 0.000002600252628 0.0
 0.000002428889275 0.0
 0.000002168118954 0.0
 0.000001825392246 0.0
 0.000001415610313 0.0
 0.000000938773155 0.0
 0.000000409781933 0.0
-0.000000156462193 0.0
-0.000000737607479 0.0
-0.000001318752766 0.0
-0.000001884996891 0.0
-0.000002413988113 0.0
-0.000002883374691 0.0
-0.000003278255463 0.0
-0.000003583729267 0.0
-0.000003784894943 0.0
-0.000003866851330 0.0
-0.000003837049007 0.0
-0.000003680586815 0.0
-0.000003397464752 0.0
-0.000002995133400 0.0
-0.000002481043339 0.0
-0.000001862645149 0.0
-0.000001169741154 0.0
-0.000000409781933 0.0
 0.000000394880772 0.0
 0.000001214444637 0.0
 0.000002019107342 0.0
 0.000002793967724 0.0
 0.000003501772881 0.0
 0.000004127621651 0.0
 0.000004641711712 0.0
 0.000005029141903 0.0
 0.000005260109901 0.0
 0.000005334615707 0.0
 0.000005245208740 0.0
 0.000004976987839 0.0
 0.000004544854164 0.0
 0.000003948807716 0.0
 0.000003211200237 0.0
 0.000002346932888 0.0
 0.000001370906830 0.0
 0.000000327825546 0.0
-0.000000767409801 0.0
-0.000001870095730 0.0
-0.000002957880497 0.0
-0.000003978610039 0.0
-0.000004902482033 0.0
-0.000005707144737 0.0
-0.000006347894669 0.0
-0.000006809830666 0.0
-0.000007070600986 0.0
-0.000007107853889 0.0
-0.000006929039955 0.0
-0.000006519258022 0.0
-0.000005885958672 0.0
-0.000005044043064 0.0
-0.000004015862942 0.0
-0.000002831220627 0.0
-0.000001519918442 0.0
-0.000000119209290 0.0
 0.000001326203346 0.0
 0.000002771615982 0.0
 0.000004172325134 0.0
 0.000005483627319 0.0
 0.000006660819054 0.0
 0.000007659196854 0.0
 0.000008441507816 0.0
 0.000008977949619 0.0
 0.000009246170521 0.0
 0.000009223818779 0.0
 0.000008910894394 0.0
 0.000008307397366 0.0
 0.000007413327694 0.0
 0.000006265938282 0.0
 0.000004887580872 0.0
 0.000003308057785 0.0
 0.000001586973667 0.0
-0.000000238418579 0.0
-0.000002101063728 0.0
-0.000003956258297 0.0
-0.000005729496479 0.0
-0.000007376074791 0.0
-0.000008828938007 0.0
-0.000010043382645 0.0
-0.000010974705219 0.0
-0.000011578202248 0.0
-0.000011824071407 0.0
-0.000011712312698 0.0
-0.000011220574379 0.0
-0.000010356307030 0.0
-0.000009141862392 0.0
-0.000007607042789 0.0
-0.000005796551704 0.0
-0.000003747642040 0.0
-0.000001519918442 0.0
 0.000000804662704 0.0
 0.000003166496754 0.0
 0.000005491077900 0.0
 0.000007696449757 0.0
 0.000009715557098 0.0
 0.000011481344700 0.0
 0.000012926757336 0.0
 0.000013999640942 0.0
 0.000014655292034 0.0
 0.000014856457710 0.0
 0.000014603137970 0.0
 0.000013872981071 0.0
 0.000012688338757 0.0
 0.000011071562767 0.0
 0.000009059906006 0.0
 0.000006712973118 0.0
 0.000004097819328 0.0
 0.000001288950443 0.0
-0.000001631677151 0.0
-0.000004567205906 0.0
-0.000007435679436 0.0
-0.000010132789612 0.0
-0.000012576580048 0.0
-0.000014677643776 0.0
-0.000016368925571 0.0
-0.000017583370209 0.0
-0.000018261373043 0.0
-0.000018388032913 0.0
-0.000017926096916 0.0
-0.000016890466213 0.0
-0.000015296041965 0.0
-0.000013180077076 0.0
-0.000010594725609 0.0
-0.000007614493370 0.0
-0.000004328787327 0.0
-0.000000827014446 0.0
 0.000002786517143 0.0
 0.000006385147572 0.0
 0.000009872019291 0.0
 0.000013127923012 0.0
 0.000016033649445 0.0
 0.000018507242203 0.0
 0.000020444393158 0.0
 0.000021785497665 0.0
 0.000022463500500 0.0
 0.000022448599339 0.0
 0.000021725893021 0.0
 0.000020295381546 0.0
 0.000018194317818 0.0
 0.000015467405319 0.0
 0.000012196600437 0.0
 0.000008463859558 0.0
 0.000004380941391 0.0
 0.000000074505806 0.0
-0.000004336237907 0.0
-0.000008702278137 0.0
-0.000012882053852 0.0
-0.000016756355762 0.0
-0.000020176172256 0.0
-0.000023037195206 0.0
-0.000025235116482 0.0
-0.000026680529118 0.0
-0.000027306377888 0.0
-0.000027090311050 0.0
-0.000026017427444 0.0
-0.000024095177650 0.0
-0.000021368265152 0.0
-0.000017911195755 0.0
-0.000013820827007 0.0
-0.000009201467037 0.0
-0.000004194676876 0.0
 0.000001043081284 0.0
 0.000006362795830 0.0
 0.000011593103409 0.0
 0.000016562640667 0.0
 0.000021114945412 0.0
 0.000025093555450 0.0
 0.000028364360332 0.0
 0.000030808150768 0.0
 0.000032328069210 0.0
 0.000032857060432 0.0
 0.000032357871532 0.0
 0.000030830502510 0.0
 0.000028297305107 0.0
 0.000024825334549 0.0
 0.000020496547222 0.0
 0.000015430152416 0.0
 0.000009775161743 0.0
 0.000003702938557 0.0
-0.000002615153790 0.0
-0.000008970499039 0.0
-0.000015169382095 0.0
-0.000021018087864 0.0
-0.000026315450668 0.0
-0.000030890107155 0.0
-0.000034585595131 0.0
-0.000037252902985 0.0
-0.000038802623749 0.0
-0.000039160251617 0.0
-0.000038288533688 0.0
-0.000036194920540 0.0
-0.000032916665077 0.0
-0.000028535723686 0.0
-0.000023171305656 0.0
-0.000016972422600 0.0
-0.000010117888451 0.0
-0.000002808868885 0.0
 0.000004723668098 0.0
 0.000012256205082 0.0
 0.000019542872906 0.0
 0.000026352703571 0.0
 0.000032469630241 0.0
 0.000037670135498 0.0
 0.000041782855988 0.0
 0.000044666230679 0.0
 0.000046186149120 0.0
 0.000046283006668 0.0
 0.000044919550419 0.0
 0.000042118132114 0.0
 0.000037938356400 0.0
 0.000032484531403 0.0
 0.000025898218155 0.0
 0.000018380582333 0.0
 0.000010140240192 0.0
 0.000001430511475 0.0
-0.000007487833500 0.0
-0.000016331672668 0.0
-0.000024832785130 0.0
-0.000032700598240 0.0
-0.000039681792259 0.0
-0.000045545399189 0.0
-0.000050082802773 0.0
-0.000053122639656 0.0
-0.000054538249969 0.0
-0.000054270029068 0.0
-0.000052288174629 0.0
-0.000048615038395 0.0
-0.000043354928493 0.0
-0.000036627054214 0.0
-0.000028625130653 0.0
-0.000019580125809 0.0
-0.000009760260582 0.0
 0.000000551342964 0.0
 0.000011026859283 0.0
 0.000021338462830 0.0
 0.000031165778637 0.0
 0.000040180981159 0.0
 0.000048093497753 0.0
 0.000054635107517 0.0
 0.000059567391872 0.0
 0.000062718987465 0.0
 0.000063940882683 0.0
 0.000063173472881 0.0
 0.000060409307480 0.0
 0.000055693089962 0.0
 0.000049136579037 0.0
 0.000040926039219 0.0
 0.000031277537346 0.0
 0.000020481646061 0.0
 0.000008851289749 0.0
-0.000003255903721 0.0
-0.000015474855900 0.0
-0.000027410686016 0.0
-0.000038690865040 0.0
-0.000048950314522 0.0
-0.000057838857174 0.0
-0.000065065920353 0.0
-0.000070370733738 0.0
-0.000073544681072 0.0
-0.000074461102486 0.0
-0.000073045492172 0.0
-0.000069312751293 0.0
-0.000063337385654 0.0
-0.000055260956287 0.0
-0.000045314431190 0.0
-0.000033773481846 0.0
-0.000020980834961 0.0
-0.000007309019566 0.0
 0.000006824731827 0.0
 0.000020973384380 0.0
 0.000034704804420 0.0
 0.000047564506531 0.0
 0.000059150159359 0.0
 0.000069066882133 0.0
 0.000076971948147 0.0
 0.000082582235336 0.0
 0.000085696578026 0.0
 0.000086158514023 0.0
 0.000083923339844 0.0
 0.000079013407230 0.0
 0.000071533024311 0.0
 0.000061683356762 0.0
 0.000049732625484 0.0
 0.000036016106606 0.0
 0.000020951032639 0.0
 0.000004984438419 0.0
-0.000011406838894 0.0
-0.000027701258659 0.0
-0.000043384730816 0.0
-0.000057958066463 0.0
-0.000070944428444 0.0
-0.000081911683083 0.0
-0.000090479850769 0.0
-0.000096336007118 0.0
-0.000099256634712 0.0
-0.000099107623100 0.0
-0.000095836818218 0.0
-0.000089503824711 0.0
-0.000080250203609 0.0
-0.000068329274654 0.0
-0.000054076313972 0.0
-0.000037893652916 0.0
-0.000020258128643 0.0
-0.000001713633537 0.0
 0.000017173588276 0.0
 0.000035822391510 0.0
 0.000053636729717 0.0
 0.000070050358772 0.0
 0.000084511935711 0.0
 0.000096544623375 0.0
 0.000105731189251 0.0
 0.000111736357212 0.0
 0.000114321708679 0.0
 0.000113360583782 0.0
 0.000108815729618 0.0
 0.000100776553154 0.0
 0.000089451670647 0.0
 0.000075139105320 0.0
 0.000058248639107 0.0
 0.000039264559746 0.0
 0.000018753111362 0.0
-0.000002659857273 0.0
-0.000024318695068 0.0
-0.000045545399189 0.0
-0.000065661966801 0.0
-0.000084027647972 0.0
-0.000100024044514 0.0
-0.000113129615784 0.0
-0.000122874975204 0.0
-0.000128902494907 0.0
-0.000130973756313 0.0
-0.000128962099552 0.0
-0.000122874975204 0.0
-0.000112824141979 0.0
-0.000099085271358 0.0
-0.000082023441792 0.0
-0.000062130391598 0.0
-0.000039987266064 0.0
-0.000016249716282 0.0
 0.000008344650269 0.0
 0.000033043324947 0.0
 0.000057071447372 0.0
 0.000079669058323 0.0
 0.000100098550320 0.0
 0.000117681920528 0.0
 0.000131830573082 0.0
 0.000142045319080 0.0
 0.000147953629494 0.0
 0.000149302184582 0.0
 0.000145971775055 0.0
 0.000138014554977 0.0
 0.000125609338284 0.0
 0.000109069049358 0.0
 0.000088863074780 0.0
 0.000065572559834 0.0
 0.000039882957935 0.0
 0.000012561678886 0.0
-0.000015549361706 0.0
-0.000043578445911 0.0
-0.000070646405220 0.0
-0.000095888972282 0.0
-0.000118479132652 0.0
-0.000137679278851 0.0
-0.000152833759785 0.0
-0.000163406133652 0.0
-0.000169001519680 0.0
-0.000169366598129 0.0
-0.000164426863194 0.0
-0.000154241919518 0.0
-0.000139072537422 0.0
-0.000119321048260 0.0
-0.000095538794994 0.0
-0.000068418681622 0.0
-0.000038757920265 0.0
-0.000007465481758 0.0
 0.000024504959583 0.0
 0.000056162476540 0.0
 0.000086501240730 0.0
 0.000114560127258 0.0
 0.000139415264130 0.0
 0.000160239636898 0.0
 0.000176332890987 0.0
 0.000187113881111 0.0
 0.000192165374756 0.0
 0.000191263854504 0.0
 0.000184342265129 0.0
 0.000171534717083 0.0
 0.000153161585331 0.0
 0.000129729509354 0.0
 0.000101894140244 0.0
 0.000070475041866 0.0
 0.000036403536797 0.0
 0.000000722706318 0.0
-0.000035479664803 0.0
-0.000071071088314 0.0
-0.000104926526546 0.0
-0.000135950744152 0.0
-0.000163137912750 0.0
-0.000185579061508 0.0
-0.000202506780624 0.0
-0.000213310122490 0.0
-0.000217564404011 0.0
-0.000215046107769 0.0
-0.000205747783184 0.0
-0.000189863145351 0.0
-0.000167801976204 0.0
-0.000140175223351 0.0
-0.000107772648335 0.0
-0.000071540474892 0.0
-0.000032573938370 0.0
 0.000007942318916 0.0
 0.000048764050007 0.0
 0.000088602304459 0.0
 0.000126205384731 0.0
 0.000160351395607 0.0
 0.000189930200577 0.0
 0.000213943421841 0.0
 0.000231571495533 0.0
 0.000242166221142 0.0
 0.000245302915573 0.0
 0.000240787863731 0.0
 0.000228658318520 0.0
 0.000209189951420 0.0
 0.000182889401913 0.0
 0.000150501728058 0.0
 0.000112965703011 0.0
 0.000071376562119 0.0
 0.000027000904083 0.0
-0.000018820166588 0.0
-0.000064656138420 0.0
-0.000109069049358 0.0
-0.000150658190250 0.0
-0.000188060104847 0.0
-0.000220067799091 0.0
-0.000245586037636 0.0
-0.000263735651970 0.0
-0.000273853540421 0.0
-0.000275515019894 0.0
-0.000268548727036 0.0
-0.000253073871136 0.0
-0.000229448080063 0.0
-0.000198312103748 0.0
-0.000160552561283 0.0
-0.000117257237434 0.0
-0.000069722533226 0.0
-0.000019371509552 0.0
 0.000032238662243 0.0
 0.000083513557911 0.0
 0.000132836401463 0.0
 0.000178635120392 0.0
 0.000219427049160 0.0
 0.000253863632679 0.0
 0.000280782580376 0.0
 0.000299245119095 0.0
 0.000308558344841 0.0
 0.000308312475681 0.0
 0.000298395752907 0.0
 0.000278986990452 0.0
 0.000250577926636 0.0
 0.000213943421841 0.0
 0.000170126557350 0.0
 0.000120408833027 0.0
 0.000066272914410 0.0
 0.000009365379810 0.0
-0.000048570334911 0.0
-0.000105723738670 0.0
-0.000160291790962 0.0
-0.000210531055927 0.0
-0.000254809856415 0.0
-0.000291660428047 0.0
-0.000319831073284 0.0
-0.000338338315487 0.0
-0.000346466898918 0.0
-0.000343829393387 0.0
-0.000330373644829 0.0
-0.000306390225887 0.0
-0.000272490084171 0.0
-0.000229619443417 0.0
-0.000179000198841 0.0
-0.000122122466564 0.0
-0.000060699880123 0.0
 0.000003404915333 0.0
 0.000068217515945 0.0
 0.000131703913212 0.0
 0.000191859900951 0.0
 0.000246763229370 0.0
 0.000294618308544 0.0
 0.000333830714226 0.0
 0.000363074243069 0.0
 0.000381298363209 0.0
 0.000387787818909 0.0
 0.000382207334042 0.0
 0.000364564359188 0.0
 0.000335268676281 0.0
 0.000295095145702 0.0
 0.000245168805122 0.0
 0.000186927616596 0.0
 0.000122092664242 0.0
 0.000052623450756 0.0
-0.000019364058971 0.0
-0.000091642141342 0.0
-0.000161945819855 0.0
-0.000228047370911 0.0
-0.000287815928459 0.0
-0.000339306890965 0.0
-0.000380799174309 0.0
-0.000410869717598 0.0
-0.000428423285484 0.0
-0.000432766973972 0.0
-0.000423595309258 0.0
-0.000401027500629 0.0
-0.000365599989891 0.0
-0.000318281352520 0.0
-0.000260390341282 0.0
-0.000193625688553 0.0
-0.000119961798191 0.0
-0.000041626393795 0.0
 0.000038981437683 0.0
 0.000119358301163 0.0
 0.000196985900402 0.0
 0.000269390642643 0.0
 0.000334240496159 0.0
 0.000389412045479 0.0
 0.000433050096035 0.0
 0.000463649630547 0.0
 0.000480085611343 0.0
 0.000481672585011 0.0
 0.000468179583549 0.0
 0.000439845025539 0.0
 0.000397369265556 0.0
 0.000341922044754 0.0
 0.000275067985058 0.0
 0.000198774039745 0.0
 0.000115312635899 0.0
 0.000027216970921 0.0
-0.000062808394432 0.0
-0.000151962041855 0.0
-0.000237450003624 0.0
-0.000316530466080 0.0
-0.000386655330658 0.0
-0.000445514917374 0.0
-0.000491127371788 0.0
-0.000521898269653 0.0
-0.000536687672138 0.0
-0.000534832477570 0.0
-0.000516183674335 0.0
-0.000481128692627 0.0
-0.000430561602116 0.0
-0.000365883111954 0.0
-0.000288948416710 0.0
-0.000202015042305 0.0
-0.000107698142529 0.0
-0.000008851289749 0.0
 0.000091470777988 0.0
 0.000190146267414 0.0
 0.000284060835838 0.0
 0.000370211899281 0.0
 0.000445798039436 0.0
 0.000508338212967 0.0
 0.000555694103241 0.0
 0.000586211681366 0.0
 0.000598721206188 0.0
 0.000592611730099 0.0
 0.000567860901356 0.0
 0.000524997711182 0.0
 0.000465162098408 0.0
 0.000390022993088 0.0
 0.000301741063595 0.0
 0.000202931463718 0.0
 0.000096559524536 0.0
-0.000014126300812 0.0
-0.000125713646412 0.0
-0.000234708189964 0.0
-0.000337675213814 0.0
-0.000431299209595 0.0
-0.000512547791004 0.0
-0.000578708946705 0.0
-0.000627532601357 0.0
-0.000657282769680 0.0
-0.000666789710522 0.0
-0.000655509531498 0.0
-0.000623546540737 0.0
-0.000571645796299 0.0
-0.000501200556755 0.0
-0.000414185225964 0.0
-0.000313140451908 0.0
-0.000201046466827 0.0
-0.000081293284893 0.0
 0.000042468309402 0.0
 0.000166401267052 0.0
 0.000286616384983 0.0
 0.000399313867092 0.0
 0.000500865280628 0.0
 0.000587947666645 0.0
 0.000657662749290 0.0
 0.000707603991032 0.0
 0.000735983252525 0.0
 0.000741630792618 0.0
 0.000724107027054 0.0
 0.000683665275574 0.0
 0.000621303915977 0.0
 0.000538706779480 0.0
 0.000438220798969 0.0
 0.000322766602039 0.0
 0.000195793807507 0.0
 0.000061132013798 0.0
-0.000077091157436 0.0
-0.000214591622353 0.0
-0.000347040593624 0.0
-0.000470228493214 0.0
-0.000580184161663 0.0
-0.000673301517963 0.0
-0.000746458768845 0.0
-0.000797107815742 0.0
-0.000823393464088 0.0
-0.000824190676212 0.0
-0.000799164175987 0.0
-0.000748783349991 0.0
-0.000674307346344 0.0
-0.000577777624130 0.0
-0.000461950898170 0.0
-0.000330217182636 0.0
-0.000186510384083 0.0
-0.000035181641579 0.0
 0.000119112432003 0.0
 0.000271581113338 0.0
 0.000417418777943 0.0
 0.000551976263523 0.0
 0.000670894980431 0.0
 0.000770255923271 0.0
 0.000846706330776 0.0
 0.000897563993931 0.0
 0.000920914113522 0.0
 0.000915683805943 0.0
 0.000881686806679 0.0
 0.000819630920887 0.0
 0.000731103122234 0.0
 0.000618554651737 0.0
 0.000485204160213 0.0
 0.000334985554218 0.0
 0.000172376632690 0.0
 0.000002332031727 0.0
-0.000169917941093 0.0
-0.000339008867741 0.0
-0.000499591231346 0.0
-0.000646539032459 0.0
-0.000775061547756 0.0
-0.000880911946297 0.0
-0.000960484147072 0.0
-0.001010946929455 0.0
-0.001030355691910 0.0
-0.001017712056637 0.0
-0.000973001122475 0.0
-0.000897213816643 0.0
-0.000792331993580 0.0
-0.000661276280880 0.0
-0.000507816672325 0.0
-0.000336475670338 0.0
-0.000152386724949 0.0
 0.000038832426071 0.0
 0.000231288373470 0.0
 0.000418968498707 0.0
 0.000595927238464 0.0
 0.000756487250328 0.0
 0.000895395874977 0.0
 0.001008033752441 0.0
 0.001090519130230 0.0
 0.001139879226685 0.0
 0.001154147088528 0.0
 0.001132413744926 0.0
 0.001074880361557 0.0
 0.000982902944088 0.0
 0.000858895480633 0.0
 0.000706329941750 0.0
 0.000529609620571 0.0
 0.000333957374096 0.0
 0.000125251710415 0.0
-0.000090137124062 0.0
-0.000305548310280 0.0
-0.000514231622219 0.0
-0.000709570944309 0.0
-0.000885255634785 0.0
-0.001035526394844 0.0
-0.001155331730843 0.0
-0.001240506768227 0.0
-0.001287929713726 0.0
-0.001295596361160 0.0
-0.001262731850147 0.0
-0.001189820468426 0.0
-0.001078605651855 0.0
-0.000932052731514 0.0
-0.000754274427891 0.0
-0.000550411641598 0.0
-0.000326491892338 0.0
-0.000089265406132 0.0
 0.000154025852680 0.0
 0.000395834445953 0.0
 0.000628568232059 0.0
 0.000844813883305 0.0
 0.001037560403347 0.0
 0.001200444996357 0.0
 0.001327946782112 0.0
 0.001415580511093 0.0
 0.001460038125515 0.0
 0.001459315419197 0.0
 0.001412801444530 0.0
 0.001321308314800 0.0
 0.001187063753605 0.0
 0.001013666391373 0.0
 0.000805988907814 0.0
 0.000570051372051 0.0
 0.000312834978104 0.0
 0.000042095780373 0.0
-0.000233881175518 0.0
-0.000506527721882 0.0
-0.000767245888710 0.0
-0.001007691025734 0.0
-0.001220047473907 0.0
-0.001397237181664 0.0
-0.001533195376396 0.0
-0.001623049378395 0.0
-0.001663304865360 0.0
-0.001651965081692 0.0
-0.001588605344296 0.0
-0.001474440097809 0.0
-0.001312278211117 0.0
-0.001106478273869 0.0
-0.000862821936607 0.0
-0.000588372349739 0.0
-0.000291258096695 0.0
 0.000019565224648 0.0
 0.000334560871124 0.0
 0.000643938779831 0.0
 0.000937901437283 0.0
 0.001207008957863 0.0
 0.001442447304726 0.0
 0.001636296510696 0.0
 0.001781836152077 0.0
 0.001873746514320 0.0
 0.001908287405968 0.0
 0.001883454620838 0.0
 0.001799091696739 0.0
 0.001656860113144 0.0
 0.001460298895836 0.0
 0.001214668154716 0.0
 0.000926867127419 0.0
 0.000605225563049 0.0
 0.000259250402451 0.0
-0.000100612640381 0.0
-0.000463329255581 0.0
-0.000817582011223 0.0
-0.001152127981186 0.0
-0.001456148922443 0.0
-0.001719608902931 0.0
-0.001933559775352 0.0
-0.002090446650982 0.0
-0.002184368669987 0.0
-0.002211287617683 0.0
-0.002169199287891 0.0
-0.002058200538158 0.0
-0.001880563795567 0.0
-0.001640655100346 0.0
-0.001344889402390 0.0
-0.001001521945000 0.0
-0.000620454549789 0.0
-0.000212937593460 0.0
 0.000208750367165 0.0
 0.000631652772427 0.0
 0.001042559742928 0.0
 0.001428365707397 0.0
 0.001776516437531 0.0
 0.002075396478176 0.0
 0.002314716577530 0.0
 0.002485826611519 0.0
 0.002582058310509 0.0
 0.002598956227303 0.0
 0.002534434199333 0.0
 0.002388916909695 0.0
 0.002165354788303 0.0
 0.001869201660156 0.0
 0.001508265733719 0.0
 0.001092545688152 0.0
 0.000633940100670 0.0
 0.000145941972733 0.0
-0.000356785953045 0.0
-0.000858806073666 0.0
-0.001344382762909 0.0
-0.001797959208488 0.0
-0.002204649150372 0.0
-0.002550721168518 0.0
-0.002824008464813 0.0
-0.003014370799065 0.0
-0.003114022314548 0.0
-0.003117814660072 0.0
-0.003023482859135 0.0
-0.002831749618053 0.0
-0.002546399831772 0.0
-0.002174191176891 0.0
-0.001724772155285 0.0
-0.001210376620293 0.0
-0.000645563006401 0.0
-0.000046811997890 0.0
 0.000567980110645 0.0
 0.001179948449135 0.0
 0.001769885420799 0.0
 0.002318784594536 0.0
 0.002808444201946 0.0
 0.003222033381462 0.0
 0.003544658422470 0.0
 0.003763861954212 0.0
 0.003870077431202 0.0
 0.003856964409351 0.0
 0.003721736371517 0.0
 0.003465294837952 0.0
 0.003092318773270 0.0
 0.002611219882965 0.0
 0.002033986151218 0.0
 0.001375913619995 0.0
 0.000655218958855 0.0
-0.000107415020466 0.0
-0.000889405608177 0.0
-0.001666918396950 0.0
-0.002415530383587 0.0
-0.003110997378826 0.0
-0.003729939460754 0.0
-0.004250615835190 0.0
-0.004653625190258 0.0
-0.004922546446323 0.0
-0.005044557154179 0.0
-0.005010910332203 0.0
-0.004817336797714 0.0
-0.004464313387871 0.0
-0.003957219421864 0.0
-0.003306306898594 0.0
-0.002526611089706 0.0
-0.001637607812881 0.0
-0.000662811100483 0.0
 0.000370748341084 0.0
 0.001433283090591 0.0
 0.002492927014828 0.0
 0.003516696393490 0.0
 0.004471354186535 0.0
 0.005324386060238 0.0
 0.006045013666153 0.0
 0.006605118513107 0.0
 0.006980180740356 0.0
 0.007150150835514 0.0
 0.007100172340870 0.0
 0.006821267306805 0.0
 0.006310805678368 0.0
 0.005572877824306 0.0
 0.004618473351002 0.0
 0.003465458750725 0.0
 0.002138428390026 0.0
 0.000668294727802 0.0
-0.000908240675926 0.0
-0.002549387514591 0.0
-0.004209183156490 0.0
-0.005838476121426 0.0
-0.007386066019535 0.0
-0.008799917995930 0.0
-0.010028421878815 0.0
-0.011021733283997 0.0
-0.011733025312424 0.0
-0.012119770050049 0.0
-0.012144945561886 0.0
-0.011778078973293 0.0
-0.010996244847775 0.0
-0.009784840047359 0.0
-0.008138194680214 0.0
-0.006060011684895 0.0
-0.003563545644283 0.0
-0.000671595335007 0.0
 0.002583742141724 0.0
 0.006161548197269 0.0
 0.010012775659561 0.0
 0.014081113040447 0.0
 0.018304079771042 0.0
 0.022614255547523 0.0
 0.026940628886223 0.0
 0.031210102140903 0.0
 0.035348989069462 0.0
 0.039284594357014 0.0
 0.042946785688400 0.0
 0.046269521117210 0.0
 0.049192257225513 0.0
 0.051661327481270 0.0
 0.053631067276001 0.0
 0.055064886808395 0.0
 0.055936045944691 0.0
 0.056228257715702 0.0
 0.055936045944691 0.0
 0.055064886808395 0.0
 0.053631067276001 0.0
 0.051661327481270 0.0
 0.049192257225513 0.0
 0.046269521117210 0.0
 0.042946785688400 0.0
 0.039284594357014 0.0
 0.035348989069462 0.0
 0.031210102140903 0.0
 0.026940628886223 0.0
 0.022614255547523 0.0
 0.018304079771042 0.0
 0.014081113040447 0.0
 0.010012775659561 0.0
 0.006161548197269 0.0
 0.002583742141724 0.0
-0.000671595335007 0.0
-0.003563545644283 0.0
-0.006060011684895 0.0
-0.008138194680214 0.0
-0.009784840047359 0.0
-0.010996244847775 0.0
-0.011778078973293 0.0
-0.012144945561886 0.0
-0.012119770050049 0.0
-0.011733025312424 0.0
-0.011021733283997 0.0
-0.010028421878815 0.0
-0.008799917995930 0.0
-0.007386066019535 0.0
-0.005838476121426 0.0
-0.004209183156490 0.0
-0.002549387514591 0.0
-0.000908240675926 0.0
 0.000668294727802 0.0
 0.002138428390026 0.0
 0.003465458750725 0.0
 0.004618473351002 0.0
 0.005572877824306 0.0
 0.006310805678368 0.0
 0.006821267306805 0.0
 0.007100172340870 0.0
 0.007150150835514 0.0
 0.006980180740356 0.0
 0.006605118513107 0.0
 0.006045013666153 0.0
 0.005324386060238 0.0
 0.004471354186535 0.0
 0.003516696393490 0.0
 0.002492927014828 0.0
 0.001433283090591 0.0
 0.000370748341084 0.0
-0.000662811100483 0.0
-0.001637607812881 0.0
-0.002526611089706 0.0
-0.003306306898594 0.0
-0.003957219421864 0.0
-0.004464313387871 0.0
-0.004817336797714 0.0
-0.005010910332203 0.0
-0.005044557154179 0.0
-0.004922546446323 0.0
-0.004653625190258 0.0
-0.004250615835190 0.0
-0.003729939460754 0.0
-0.003110997378826 0.0
-0.002415530383587 0.0
-0.001666918396950 0.0
-0.000889405608177 0.0
-0.000107415020466 0.0
 0.000655218958855 0.0
 0.001375913619995 0.0
 0.002033986151218 0.0
 0.002611219882965 0.0
 0.003092318773270 0.0
 0.003465294837952 0.0
 0.003721736371517 0.0
 0.003856964409351 0.0
 0.003870077431202 0.0
 0.003763861954212 0.0
 0.003544658422470 0.0
 0.003222033381462 0.0
 0.002808444201946 0.0
 0.002318784594536 0.0
 0.001769885420799 0.0
 0.001179948449135 0.0
 0.000567980110645 0.0
-0.000046811997890 0.0
-0.000645563006401 0.0
-0.001210376620293 0.0
-0.001724772155285 0.0
-0.002174191176891 0.0
-0.002546399831772 0.0
-0.002831749618053 0.0
-0.003023482859135 0.0
-0.003117814660072 0.0
-0.003114022314548 0.0
-0.003014370799065 0.0
-0.002824008464813 0.0
-0.002550721168518 0.0
-0.002204649150372 0.0
-0.001797959208488 0.0
-0.001344382762909 0.0
-0.000858806073666 0.0
-0.000356785953045 0.0
 0.000145941972733 0.0
 0.000633940100670 0.0
 0.001092545688152 0.0
 0.001508265733719 0.0
 0.001869201660156 0.0
 0.002165354788303 0.0
 0.002388916909695 0.0
 0.002534434199333 0.0
 0.002598956227303 0.0
 0.002582058310509 0.0
 0.002485826611519 0.0
 0.002314716577530 0.0
 0.002075396478176 0.0
 0.001776516437531 0.0
 0.001428365707397 0.0
 0.001042559742928 0.0
 0.000631652772427 0.0
 0.000208750367165 0.0
-0.000212937593460 0.0
-0.000620454549789 0.0
-0.001001521945000 0.0
-0.001344889402390 0.0
-0.001640655100346 0.0
-0.001880563795567 0.0
-0.002058200538158 0.0
-0.002169199287891 0.0
-0.002211287617683 0.0
-0.002184368669987 0.0
-0.002090446650982 0.0
-0.001933559775352 0.0
-0.001719608902931 0.0
-0.001456148922443 0.0
-0.001152127981186 0.0
-0.000817582011223 0.0
-0.000463329255581 0.0
-0.000100612640381 0.0
 0.000259250402451 0.0
 0.000605225563049 0.0
 0.000926867127419 0.0
 0.001214668154716 0.0
 0.001460298895836 0.0
 0.001656860113144 0.0
 0.001799091696739 0.0
 0.001883454620838 0.0
 0.001908287405968 0.0
 0.001873746514320 0.0
 0.001781836152077 0.0
 0.001636296510696 0.0
 0.001442447304726 0.0
 0.001207008957863 0.0
 0.000937901437283 0.0
 0.000643938779831 0.0
 0.000334560871124 0.0
 0.000019565224648 0.0
-0.000291258096695 0.0
-0.000588372349739 0.0
-0.000862821936607 0.0
-0.001106478273869 0.0
-0.001312278211117 0.0
-0.001474440097809 0.0
-0.001588605344296 0.0
-0.001651965081692 0.0
-0.001663304865360 0.0
-0.001623049378395 0.0
-0.001533195376396 0.0
-0.001397237181664 0.0
-0.001220047473907 0.0
-0.001007691025734 0.0
-0.000767245888710 0.0
-0.000506527721882 0.0
-0.000233881175518 0.0
 0.000042095780373 0.0
 0.000312834978104 0.0
 0.000570051372051 0.0
 0.000805988907814 0.0
 0.001013666391373 0.0
 0.001187063753605 0.0
 0.001321308314800 0.0
 0.001412801444530 0.0
 0.001459315419197 0.0
 0.001460038125515 0.0
 0.001415580511093 0.0
 0.001327946782112 0.0
 0.001200444996357 0.0
 0.001037560403347 0.0
 0.000844813883305 0.0
 0.000628568232059 0.0
 0.000395834445953 0.0
 0.000154025852680 0.0
-0.000089265406132 0.0
-0.000326491892338 0.0
-0.000550411641598 0.0
-0.000754274427891 0.0
-0.000932052731514 0.0
-0.001078605651855 0.0
-0.001189820468426 0.0
-0.001262731850147 0.0
-0.001295596361160 0.0
-0.001287929713726 0.0
-0.001240506768227 0.0
-0.001155331730843 0.0
-0.001035526394844 0.0
-0.000885255634785 0.0
-0.000709570944309 0.0
-0.000514231622219 0.0
-0.000305548310280 0.0
-0.000090137124062 0.0
 0.000125251710415 0.0
 0.000333957374096 0.0
 0.000529609620571 0.0
 0.000706329941750 0.0
 0.000858895480633 0.0
 0.000982902944088 0.0
 0.001074880361557 0.0
 0.001132413744926 0.0
 0.001154147088528 0.0
 0.001139879226685 0.0
 0.001090519130230 0.0
 0.001008033752441 0.0
 0.000895395874977 0.0
 0.000756487250328 0.0
 0.000595927238464 0.0
 0.000418968498707 0.0
 0.000231288373470 0.0
 0.000038832426071 0.0
-0.000152386724949 0.0
-0.000336475670338 0.0
-0.000507816672325 0.0
-0.000661276280880 0.0
-0.000792331993580 0.0
-0.000897213816643 0.0
-0.000973001122475 0.0
-0.001017712056637 0.0
-0.001030355691910 0.0
-0.001010946929455 0.0
-0.000960484147072 0.0
-0.000880911946297 0.0
-0.000775061547756 0.0
-0.000646539032459 0.0
-0.000499591231346 0.0
-0.000339008867741 0.0
-0.000169917941093 0.0
 0.000002332031727 0.0
 0.000172376632690 0.0
 0.000334985554218 0.0
 0.000485204160213 0.0
 0.000618554651737 0.0
 0.000731103122234 0.0
 0.000819630920887 0.0
 0.000881686806679 0.0
 0.000915683805943 0.0
 0.000920914113522 0.0
 0.000897563993931 0.0
 0.000846706330776 0.0
 0.000770255923271 0.0
 0.000670894980431 0.0
 0.000551976263523 0.0
 0.000417418777943 0.0
 0.000271581113338 0.0
 0.000119112432003 0.0
-0.000035181641579 0.0
-0.000186510384083 0.0
-0.000330217182636 0.0
-0.000461950898170 0.0
-0.000577777624130 0.0
-0.000674307346344 0.0
-0.000748783349991 0.0
-0.000799164175987 0.0
-0.000824190676212 0.0
-0.000823393464088 0.0
-0.000797107815742 0.0
-0.000746458768845 0.0
-0.000673301517963 0.0
-0.000580184161663 0.0
-0.000470228493214 0.0
-0.000347040593624 0.0
-0.000214591622353 0.0
-0.000077091157436 0.0
 0.000061132013798 0.0
 0.000195793807507 0.0
 0.000322766602039 0.0
 0.000438220798969 0.0
 0.000538706779480 0.0
 0.000621303915977 0.0
 0.000683665275574 0.0
 0.000724107027054 0.0
 0.000741630792618 0.0
 0.000735983252525 0.0
 0.000707603991032 0.0
 0.000657662749290 0.0
 0.000587947666645 0.0
 0.000500865280628 0.0
 0.000399313867092 0.0
 0.000286616384983 0.0
 0.000166401267052 0.0
 0.000042468309402 0.0
-0.000081293284893 0.0
-0.000201046466827 0.0
-0.000313140451908 0.0
-0.000414185225964 0.0
-0.000501200556755 0.0
-0.000571645796299 0.0
-0.000623546540737 0.0
-0.000655509531498 0.0
-0.000666789710522 0.0
-0.000657282769680 0.0
-0.000627532601357 0.0
-0.000578708946705 0.0
-0.000512547791004 0.0
-0.000431299209595 0.0
-0.000337675213814 0.0
-0.000234708189964 0.0
-0.000125713646412 0.0
-0.000014126300812 0.0
 0.000096559524536 0.0
 0.000202931463718 0.0
 0.000301741063595 0.0
 0.000390022993088 0.0
 0.000465162098408 0.0
 0.000524997711182 0.0
 0.000567860901356 0.0
 0.000592611730099 0.0
 0.000598721206188 0.0
 0.000586211681366 0.0
 0.000555694103241 0.0
 0.000508338212967 0.0
 0.000445798039436 0.0
 0.000370211899281 0.0
 0.000284060835838 0.0
 0.000190146267414 0.0
 0.000091470777988 0.0
-0.000008851289749 0.0
-0.000107698142529 0.0
-0.000202015042305 0.0
-0.000288948416710 0.0
-0.000365883111954 0.0
-0.000430561602116 0.0
-0.000481128692627 0.0
-0.000516183674335 0.0
-0.000534832477570 0.0
-0.000536687672138 0.0
-0.000521898269653 0.0
-0.000491127371788 0.0
-0.000445514917374 0.0
-0.000386655330658 0.0
-0.000316530466080 0.0
-0.000237450003624 0.0
-0.000151962041855 0.0
-0.000062808394432 0.0
 0.000027216970921 0.0
 0.000115312635899 0.0
 0.000198774039745 0.0
 0.000275067985058 0.0
 0.000341922044754 0.0
 0.000397369265556 0.0
 0.000439845025539 0.0
 0.000468179583549 0.0
 0.000481672585011 0.0
 0.000480085611343 0.0
 0.000463649630547 0.0
 0.000433050096035 0.0
 0.000389412045479 0.0
 0.000334240496159 0.0
 0.000269390642643 0.0
 0.000196985900402 0.0
 0.000119358301163 0.0
 0.000038981437683 0.0
-0.000041626393795 0.0
-0.000119961798191 0.0
-0.000193625688553 0.0
-0.000260390341282 0.0
-0.000318281352520 0.0
-0.000365599989891 0.0
-0.000401027500629 0.0
-0.000423595309258 0.0
-0.000432766973972 0.0
-0.000428423285484 0.0
-0.000410869717598 0.0
-0.000380799174309 0.0
-0.000339306890965 0.0
-0.000287815928459 0.0
-0.000228047370911 0.0
-0.000161945819855 0.0
-0.000091642141342 0.0
-0.000019364058971 0.0
 0.000052623450756 0.0
 0.000122092664242 0.0
 0.000186927616596 0.0
 0.000245168805122 0.0
 0.000295095145702 0.0
 0.000335268676281 0.0
 0.000364564359188 0.0
 0.000382207334042 0.0
 0.000387787818909 0.0
 0.000381298363209 0.0
 0.000363074243069 0.0
 0.000333830714226 0.0
 0.000294618308544 0.0
 0.000246763229370 0.0
 0.000191859900951 0.0
 0.000131703913212 0.0
 0.000068217515945 0.0
 0.000003404915333 0.0
-0.000060699880123 0.0
-0.000122122466564 0.0
-0.000179000198841 0.0
-0.000229619443417 0.0
-0.000272490084171 0.0
-0.000306390225887 0.0
-0.000330373644829 0.0
-0.000343829393387 0.0
-0.000346466898918 0.0
-0.000338338315487 0.0
-0.000319831073284 0.0
-0.000291660428047 0.0
-0.000254809856415 0.0
-0.000210531055927 0.0
-0.000160291790962 0.0
-0.000105723738670 0.0
-0.000048570334911 0.0
 0.000009365379810 0.0
 0.000066272914410 0.0
 0.000120408833027 0.0
 0.000170126557350 0.0
 0.000213943421841 0.0
 0.000250577926636 0.0
 0.000278986990452 0.0
 0.000298395752907 0.0
 0.000308312475681 0.0
 0.000308558344841 0.0
 0.000299245119095 0.0
 0.000280782580376 0.0
 0.000253863632679 0.0
 0.000219427049160 0.0
 0.000178635120392 0.0
 0.000132836401463 0.0
 0.000083513557911 0.0
 0.000032238662243 0.0
-0.000019371509552 0.0
-0.000069722533226 0.0
-0.000117257237434 0.0
-0.000160552561283 0.0
-0.000198312103748 0.0
-0.000229448080063 0.0
-0.000253073871136 0.0
-0.000268548727036 0.0
-0.000275515019894 0.0
-0.000273853540421 0.0
-0.000263735651970 0.0
-0.000245586037636 0.0
-0.000220067799091 0.0
-0.000188060104847 0.0
-0.000150658190250 0.0
-0.000109069049358 0.0
-0.000064656138420 0.0
-0.000018820166588 0.0
 0.000027000904083 0.0
 0.000071376562119 0.0
 0.000112965703011 0.0
 0.000150501728058 0.0
 0.000182889401913 0.0
 0.000209189951420 0.0
 0.000228658318520 0.0
 0.000240787863731 0.0
 0.000245302915573 0.0
 0.000242166221142 0.0
 0.000231571495533 0.0
 0.000213943421841 0.0
 0.000189930200577 0.0
 0.000160351395607 0.0
 0.000126205384731 0.0
 0.000088602304459 0.0
 0.000048764050007 0.0
 0.000007942318916 0.0
-0.000032573938370 0.0
-0.000071540474892 0.0
-0.000107772648335 0.0
-0.000140175223351 0.0
-0.000167801976204 0.0
-0.000189863145351 0.0
-0.000205747783184 0.0
-0.000215046107769 0.0
-0.000217564404011 0.0
-0.000213310122490 0.0
-0.000202506780624 0.0
-0.000185579061508 0.0
-0.000163137912750 0.0
-0.000135950744152 0.0
-0.000104926526546 0.0
-0.000071071088314 0.0
-0.000035479664803 0.0
 0.000000722706318 0.0
 0.000036403536797 0.0
 0.000070475041866 0.0
 0.000101894140244 0.0
 0.000129729509354 0.0
 0.000153161585331 0.0
 0.000171534717083 0.0
 0.000184342265129 0.0
 0.000191263854504 0.0
 0.000192165374756 0.0
 0.000187113881111 0.0
 0.000176332890987 0.0
 0.000160239636898 0.0
 0.000139415264130 0.0
 0.000114560127258 0.0
 0.000086501240730 0.0
 0.000056162476540 0.0
 0.000024504959583 0.0
-0.000007465481758 0.0
-0.000038757920265 0.0
-0.000068418681622 0.0
-0.000095538794994 0.0
-0.000119321048260 0.0
-0.000139072537422 0.0
-0.000154241919518 0.0
-0.000164426863194 0.0
-0.000169366598129 0.0
-0.000169001519680 0.0
-0.000163406133652 0.0
-0.000152833759785 0.0
-0.000137679278851 0.0
-0.000118479132652 0.0
-0.000095888972282 0.0
-0.000070646405220 0.0
-0.000043578445911 0.0
-0.000015549361706 0.0
 0.000012561678886 0.0
 0.000039882957935 0.0
 0.000065572559834 0.0
 0.000088863074780 0.0
 0.000109069049358 0.0
 0.000125609338284 0.0
 0.000138014554977 0.0
 0.000145971775055 0.0
 0.000149302184582 0.0
 0.000147953629494 0.0
 0.000142045319080 0.0
 0.000131830573082 0.0
 0.000117681920528 0.0
 0.000100098550320 0.0
 0.000079669058323 0.0
 0.000057071447372 0.0
 0.000033043324947 0.0
 0.000008344650269 0.0
-0.000016249716282 0.0
-0.000039987266064 0.0
-0.000062130391598 0.0
-0.000082023441792 0.0
-0.000099085271358 0.0
-0.000112824141979 0.0
-0.000122874975204 0.0
-0.000128962099552 0.0
-0.000130973756313 0.0
-0.000128902494907 0.0
-0.000122874975204 0.0
-0.000113129615784 0.0
-0.000100024044514 0.0
-0.000084027647972 0.0
-0.000065661966801 0.0
-0.000045545399189 0.0
-0.000024318695068 0.0
-0.000002659857273 0.0
 0.000018753111362 0.0
 0.000039264559746 0.0
 0.000058248639107 0.0
 0.000075139105320 0.0
 0.000089451670647 0.0
 0.000100776553154 0.0
 0.000108815729618 0.0
 0.000113360583782 0.0
 0.000114321708679 0.0
 0.000111736357212 0.0
 0.000105731189251 0.0
 0.000096544623375 0.0
 0.000084511935711 0.0
 0.000070050358772 0.0
 0.000053636729717 0.0
 0.000035822391510 0.0
 0.000017173588276 0.0
-0.000001713633537 0.0
-0.000020258128643 0.0
-0.000037893652916 0.0
-0.000054076313972 0.0
-0.000068329274654 0.0
-0.000080250203609 0.0
-0.000089503824711 0.0
-0.000095836818218 0.0
-0.000099107623100 0.0
-0.000099256634712 0.0
-0.000096336007118 0.0
-0.000090479850769 0.0
-0.000081911683083 0.0
-0.000070944428444 0.0
-0.000057958066463 0.0
-0.000043384730816 0.0
-0.000027701258659 0.0
-0.000011406838894 0.0
 0.000004984438419 0.0
 0.000020951032639 0.0
 0.000036016106606 0.0
 0.000049732625484 0.0
 0.000061683356762 0.0
 0.000071533024311 0.0
 0.000079013407230 0.0
 0.000083923339844 0.0
 0.000086158514023 0.0
 0.000085696578026 0.0
 0.000082582235336 0.0
 0.000076971948147 0.0
 0.000069066882133 0.0
 0.000059150159359 0.0
 0.000047564506531 0.0
 0.000034704804420 0.0
 0.000020973384380 0.0
 0.000006824731827 0.0
-0.000007309019566 0.0
-0.000020980834961 0.0
-0.000033773481846 0.0
-0.000045314431190 0.0
-0.000055260956287 0.0
-0.000063337385654 0.0
-0.000069312751293 0.0
-0.000073045492172 0.0
-0.000074461102486 0.0
-0.000073544681072 0.0
-0.000070370733738 0.0
-0.000065065920353 0.0
-0.000057838857174 0.0
-0.000048950314522 0.0
-0.000038690865040 0.0
-0.000027410686016 0.0
-0.000015474855900 0.0
-0.000003255903721 0.0
 0.000008851289749 0.0
 0.000020481646061 0.0
 0.000031277537346 0.0
 0.000040926039219 0.0
 0.000049136579037 0.0
 0.000055693089962 0.0
 0.000060409307480 0.0
 0.000063173472881 0.0
 0.000063940882683 0.0
 0.000062718987465 0.0
 0.000059567391872 0.0
 0.000054635107517 0.0
 0.000048093497753 0.0
 0.000040180981159 0.0
 0.000031165778637 0.0
 0.000021338462830 0.0
 0.000011026859283 0.0
 0.000000551342964 0.0
-0.000009760260582 0.0
-0.000019580125809 0.0
-0.000028625130653 0.0
-0.000036627054214 0.0
-0.000043354928493 0.0
-0.000048615038395 0.0
-0.000052288174629 0.0
-0.000054270029068 0.0
-0.000054538249969 0.0
-0.000053122639656 0.0
-0.000050082802773 0.0
-0.000045545399189 0.0
-0.000039681792259 0.0
-0.000032700598240 0.0
-0.000024832785130 0.0
-0.000016331672668 0.0
-0.000007487833500 0.0
 0.000001430511475 0.0
 0.000010140240192 0.0
 0.000018380582333 0.0
 0.000025898218155 0.0
 0.000032484531403 0.0
 0.000037938356400 0.0
 0.000042118132114 0.0
 0.000044919550419 0.0
 0.000046283006668 0.0
 0.000046186149120 0.0
 0.000044666230679 0.0
 0.000041782855988 0.0
 0.000037670135498 0.0
 0.000032469630241 0.0
 0.000026352703571 0.0
 0.000019542872906 0.0
 0.000012256205082 0.0
 0.000004723668098 0.0
-0.000002808868885 0.0
-0.000010117888451 0.0
-0.000016972422600 0.0
-0.000023171305656 0.0
-0.000028535723686 0.0
-0.000032916665077 0.0
-0.000036194920540 0.0
-0.000038288533688 0.0
-0.000039160251617 0.0
-0.000038802623749 0.0
-0.000037252902985 0.0
-0.000034585595131 0.0
-0.000030890107155 0.0
-0.000026315450668 0.0
-0.000021018087864 0.0
-0.000015169382095 0.0
-0.000008970499039 0.0
-0.000002615153790 0.0
 0.000003702938557 0.0
 0.000009775161743 0.0
 0.000015430152416 0.0
 0.000020496547222 0.0
 0.000024825334549 0.0
 0.000028297305107 0.0
 0.000030830502510 0.0
 0.000032357871532 0.0
 0.000032857060432 0.0
 0.000032328069210 0.0
 0.000030808150768 0.0
 0.000028364360332 0.0
 0.000025093555450 0.0
 0.000021114945412 0.0
 0.000016562640667 0.0
 0.000011593103409 0.0
 0.000006362795830 0.0
 0.000001043081284 0.0
-0.000004194676876 0.0
-0.000009201467037 0.0
-0.000013820827007 0.0
-0.000017911195755 0.0
-0.000021368265152 0.0
-0.000024095177650 0.0
-0.000026017427444 0.0
-0.000027090311050 0.0
-0.000027306377888 0.0
-0.000026680529118 0.0
-0.000025235116482 0.0
-0.000023037195206 0.0
-0.000020176172256 0.0
-0.000016756355762 0.0
-0.000012882053852 0.0
-0.000008702278137 0.0
-0.000004336237907 0.0
 0.000000074505806 0.0
 0.000004380941391 0.0
 0.000008463859558 0.0
 0.000012196600437 0.0
 0.000015467405319 0.0
 0.000018194317818 0.0
 0.000020295381546 0.0
 0.000021725893021 0.0
 0.000022448599339 0.0
 0.000022463500500 0.0
 0.000021785497665 0.0
 0.000020444393158 0.0
 0.000018507242203 0.0
 0.000016033649445 0.0
 0.000013127923012 0.0
 0.000009872019291 0.0
 0.000006385147572 0.0
 0.000002786517143 0.0
-0.000000827014446 0.0
-0.000004328787327 0.0
-0.000007614493370 0.0
-0.000010594725609 0.0
-0.000013180077076 0.0
-0.000015296041965 0.0
-0.000016890466213 0.0
-0.000017926096916 0.0
-0.000018388032913 0.0
-0.000018261373043 0.0
-0.000017583370209 0.0
-0.000016368925571 0.0
-0.000014677643776 0.0
-0.000012576580048 0.0
-0.000010132789612 0.0
-0.000007435679436 0.0
-0.000004567205906 0.0
-0.000001631677151 0.0
 0.000001288950443 0.0
 0.000004097819328 0.0
 0.000006712973118 0.0
 0.000009059906006 0.0
 0.000011071562767 0.0
 0.000012688338757 0.0
 0.000013872981071 0.0
 0.000014603137970 0.0
 0.000014856457710 0.0
 0.000014655292034 0.0
 0.000013999640942 0.0
 0.000012926757336 0.0
 0.000011481344700 0.0
 0.000009715557098 0.0
 0.000007696449757 0.0
 0.000005491077900 0.0
 0.000003166496754 0.0
 0.000000804662704 0.0
-0.000001519918442 0.0
-0.000003747642040 0.0
-0.000005796551704 0.0
-0.000007607042789 0.0
-0.000009141862392 0.0
-0.000010356307030 0.0
-0.000011220574379 0.0
-0.000011712312698 0.0
-0.000011824071407 0.0
-0.000011578202248 0.0
-0.000010974705219 0.0
-0.000010043382645 0.0
-0.000008828938007 0.0
-0.000007376074791 0.0
-0.000005729496479 0.0
-0.000003956258297 0.0
-0.000002101063728 0.0
-0.000000238418579 0.0
 0.000001586973667 0.0
 0.000003308057785 0.0
 0.000004887580872 0.0
 0.000006265938282 0.0
 0.000007413327694 0.0
 0.000008307397366 0.0
 0.000008910894394 0.0
 0.000009223818779 0.0
 0.000009246170521 0.0
 0.000008977949619 0.0
 0.000008441507816 0.0
 0.000007659196854 0.0
 0.000006660819054 0.0
 0.000005483627319 0.0
 0.000004172325134 0.0
 0.000002771615982 0.0
 0.000001326203346 0.0
-0.000000119209290 0.0
-0.000001519918442 0.0
-0.000002831220627 0.0
-0.000004015862942 0.0
-0.000005044043064 0.0
-0.000005885958672 0.0
-0.000006519258022 0.0
-0.000006929039955 0.0
-0.000007107853889 0.0
-0.000007070600986 0.0
-0.000006809830666 0.0
-0.000006347894669 0.0
-0.000005707144737 0.0
-0.000004902482033 0.0
-0.000003978610039 0.0
-0.000002957880497 0.0
-0.000001870095730 0.0
-0.000000767409801 0.0
 0.000000327825546 0.0
 0.000001370906830 0.0
 0.000002346932888 0.0
 0.000003211200237 0.0
 0.000003948807716 0.0
 0.000004544854164 0.0
 0.000004976987839 0.0
 0.000005245208740 0.0
 0.000005334615707 0.0
 0.000005260109901 0.0
 0.000005029141903 0.0
 0.000004641711712 0.0
 0.000004127621651 0.0
 0.000003501772881 0.0
 0.000002793967724 0.0
 0.000002019107342 0.0
 0.000001214444637 0.0
 0.000000394880772 0.0
-0.000000409781933 0.0
-0.000001169741154 0.0
-0.000001862645149 0.0
-0.000002481043339 0.0
-0.000002995133400 0.0
-0.000003397464752 0.0
-0.000003680586815 0.0
-0.000003837049007 0.0
-0.000003866851330 0.0
-0.000003784894943 0.0
-0.000003583729267 0.0
-0.000003278255463 0.0
-0.000002883374691 0.0
-0.000002413988113 0.0
-0.000001884996891 0.0
-0.000001318752766 0.0
-0.000000737607479 0.0
-0.000000156462193 0.0
 0.000000409781933 0.0
 0.000000938773155 0.0
 0.000001415610313 0.0
 0.000001825392246 0.0
 0.000002168118954 0.0
 0.000002428889275 0.0
 0.000002600252628 0.0
 0.000002682209015 0.0
 0.000002682209015 0.0
 0.000002600252628 0.0
 0.000002436339855 0.0
 0.000002205371857 0.0
 0.000001914799213 0.0
 0.000001579523087 0.0
 0.000001206994057 0.0
 0.000000812113285 0.0
 0.000000417232513 0.0
 0.000000022351742 0.0
-0.000000350177288 0.0
-0.000000700354576 0.0
-0.000001005828381 0.0
-0.000001274049282 0.0
-0.000001482665539 0.0
-0.000001639127731 0.0
-0.000001728534698 0.0
-0.000001765787601 0.0
-0.000001750886440 0.0
-0.000001676380634 0.0
-0.000001549720764 0.0
-0.000001385807991 0.0
-0.000001184642315 0.0
-0.000000961124897 0.0
-0.000000715255737 0.0
-0.000000461935997 0.0
-0.000000208616257 0.0
 0.000000037252903 0.0
 0.000000268220901 0.0
 0.000000476837158 0.0
 0.000000663101673 0.0
 0.000000812113285 0.0
 0.000000931322575 0.0
 0.000001013278961 0.0
 0.000001050531864 0.0
 0.000001065433025 0.0
 0.000001035630703 0.0
 0.000000976026058 0.0
 0.000000894069672 0.0
 0.000000789761543 0.0
 0.000000663101673 0.0
 0.000000521540642 0.0
 0.000000379979610 0.0
 0.000000230967999 0.0
 0.000000089406967 0.0
-0.000000052154064 0.0
-0.000000178813934 0.0
-0.000000283122063 0.0
-0.000000379979610 0.0
-0.000000454485416 0.0
-0.000000506639481 0.0
-0.000000543892384 0.0
-0.000000558793545 0.0
-0.000000551342964 0.0
-0.000000528991222 0.0
-0.000000491738319 0.0
-0.000000439584255 0.0
-0.000000379979610 0.0
-0.000000312924385 0.0
-0.000000238418579 0.0
-0.000000163912773 0.0
-0.000000096857548 0.0
-0.000000029802322 0.0
 0.000000037252903 0.0
 0.000000089406967 0.0
 0.000000134110451 0.0
 0.000000171363354 0.0
 0.000000201165676 0.0
 0.000000216066837 0.0
 0.000000223517418 0.0
 0.000000223517418 0.0
 0.000000216066837 0.0
 0.000000201165676 0.0
 0.000000178813934 0.0
 0.000000156462193 0.0
 0.000000126659870 0.0
 0.000000096857548 0.0
 0.000000074505806 0.0
 0.000000044703484 0.0
 0.000000022351742 0.0
 0.000000007450581 0.0
-0.000000014901161 0.0
-0.000000029802322 0.0
-0.000000037252903 0.0
-0.000000044703484 0.0
-0.000000044703484 0.0
-0.000000044703484 0.0
-0.000000044703484 0.0
-0.000000044703484 0.0
-0.000000037252903 0.0
-0.000000029802322 0.0
-0.000000022351742 0.0
-0.000000022351742 0.0
-0.000000014901161 0.0
-0.000000007450581 0.0
-0.000000007450581 0.0
 0.000000000000000 0.0
 0.000000000000000 0.0
 0.000000000000000 0.0
 0.000000000000000 0.0
 0.000000000000000 0.0
 0.000000000000000 0.0
 0.000000000000000 0.0
0
