# @(#)Guralp_3 
# Gualp Low-pass FIR for decimation by 3
# fc = 0.08*fc   stop band: 0.2*fs to 1*fs
# type                   2
# num of poles           0
# input sample interval  1.0e-03
# decimal factor         3   
# normalization factor   1.0
# gain                   1.0
theoretical  1  anti_alias   fir    coef_conv
1000 2      
561
 0.000000000000000	0.0
 0.000000000000000	0.0
 0.000000000000000	0.0
 0.000000000000000	0.0
 0.000000000000000	0.0
 0.000000000000000	0.0
 0.000000059604645	0.0
 0.000000119209290	0.0
 0.000000000000000	0.0
-0.000000119209290	0.0
-0.000000238418579	0.0
-0.000000119209290	0.0
 0.000000178813934	0.0
 0.000000417232513	0.0
 0.000000357627869	0.0
-0.000000119209290	0.0
-0.000000596046448	0.0
-0.000000655651093	0.0
-0.000000119209290	0.0
 0.000000655651093	0.0
 0.000001072883606	0.0
 0.000000536441803	0.0
-0.000000596046448	0.0
-0.000001430511475	0.0
-0.000001132488251	0.0
 0.000000238418579	0.0
 0.000001668930054	0.0
 0.000001847743988	0.0
 0.000000417232513	0.0
-0.000001668930054	0.0
-0.000002622604370	0.0
-0.000001430511475	0.0
 0.000001251697540	0.0
 0.000003218650818	0.0
 0.000002622604370	0.0
-0.000000357627869	0.0
-0.000003516674042	0.0
-0.000003993511200	0.0
-0.000001072883606	0.0
 0.000003278255463	0.0
 0.000005304813385	0.0
 0.000002980232239	0.0
-0.000002264976501	0.0
-0.000006198883057	0.0
-0.000005245208740	0.0
 0.000000417232513	0.0
 0.000006437301636	0.0
 0.000007569789886	0.0
 0.000002264976501	0.0
-0.000005662441254	0.0
-0.000009596347809	0.0
-0.000005722045898	0.0
 0.000003635883331	0.0
 0.000010907649994	0.0
 0.000009536743164	0.0
-0.000000238418579	0.0
-0.000010907649994	0.0
-0.000013351440430	0.0
-0.000004410743713	0.0
 0.000009298324585	0.0
 0.000016450881958	0.0
 0.000010132789612	0.0
-0.000005662441254	0.0
-0.000018239021301	0.0
-0.000016331672668	0.0
-0.000000119209290	0.0
 0.000017881393433	0.0
 0.000022292137146	0.0
 0.000007808208466	0.0
-0.000014901161194	0.0
-0.000027000904083	0.0
-0.000016987323761	0.0
 0.000008761882782	0.0
 0.000029444694519	0.0
 0.000026702880859	0.0
 0.000000536441803	0.0
-0.000028610229492	0.0
-0.000035881996155	0.0
-0.000012755393982	0.0
 0.000023603439331	0.0
 0.000043034553528	0.0
 0.000027000904083	0.0
-0.000013887882233	0.0
-0.000046610832214	0.0
-0.000042021274567	0.0
-0.000000655651093	0.0
 0.000045061111450	0.0
 0.000055968761444	0.0
 0.000019371509552	0.0
-0.000037312507629	0.0
-0.000066757202148	0.0
-0.000041067600250	0.0
 0.000022470951080	0.0
 0.000072121620178	0.0
 0.000063717365265	0.0
-0.000000655651093	0.0
-0.000070035457611	0.0
-0.000084757804871	0.0
-0.000027358531952	0.0
 0.000058591365814	0.0
 0.000101089477539	0.0
 0.000059604644775	0.0
-0.000036954879761	0.0
-0.000109553337097	0.0
-0.000093281269073	0.0
 0.000005066394806	0.0
 0.000107109546661	0.0
 0.000124692916870	0.0
 0.000035703182220	0.0
-0.000091314315796	0.0
-0.000149428844452	0.0
-0.000082731246948	0.0
 0.000060856342316	0.0
 0.000163018703461	0.0
 0.000132024288177	0.0
-0.000015735626221	0.0
-0.000161230564117	0.0
-0.000178277492523	0.0
-0.000042319297791	0.0
 0.000140607357025	0.0
 0.000215590000153	0.0
 0.000109553337097	0.0
-0.000099182128906	0.0
-0.000237524509430	0.0
-0.000180482864380	0.0
 0.000036954879761	0.0
 0.000238239765167	0.0
 0.000247895717621	0.0
 0.000043749809265	0.0
-0.000212848186493	0.0
-0.000303506851196	0.0
-0.000137984752655	0.0
 0.000158607959747	0.0
 0.000338673591614	0.0
 0.000238299369812	0.0
-0.000075221061707	0.0
-0.000345230102539	0.0
-0.000335097312927	0.0
-0.000034391880035	0.0
 0.000316321849823	0.0
 0.000417113304138	0.0
 0.000163912773132	0.0
-0.000247895717621	0.0
-0.000472605228424	0.0
-0.000303447246552	0.0
 0.000139117240906	0.0
 0.000490248203278	0.0
 0.000440299510956	0.0
 0.000006496906281	0.0
-0.000460684299469	0.0
-0.000559508800507	0.0
-0.000181019306183	0.0
 0.000377833843231	0.0
 0.000645220279694	0.0
 0.000371754169464	0.0
-0.000239908695221	0.0
-0.000682115554810	0.0
-0.000562191009521	0.0
 0.000050783157349	0.0
 0.000657260417938	0.0
 0.000732779502869	0.0
 0.000179886817932	0.0
-0.000561594963074	0.0
-0.000862360000610	0.0
-0.000436246395111	0.0
 0.000391840934753	0.0
 0.000930428504944	0.0
 0.000697195529938	0.0
-0.000151634216309	0.0
-0.000918984413147	0.0
-0.000937342643738	0.0
-0.000147581100464	0.0
 0.000814974308014	0.0
 0.001129150390625	0.0
 0.000486493110657	0.0
-0.000612497329712	0.0
-0.001245021820068	0.0
-0.000838637351990	0.0
 0.000314354896545	0.0
 0.001260519027710	0.0
 0.001171648502350	0.0
 0.000066697597504	0.0
-0.001156926155090	0.0
-0.001449763774872	0.0
-0.000507771968842	0.0
 0.000923931598663	0.0
 0.001636743545532	0.0
 0.000976204872131	0.0
-0.000562429428101	0.0
-0.001699209213257	0.0
-0.001431465148926	0.0
 0.000085651874542	0.0
 0.001610517501831	0.0
 0.001827836036682	0.0
 0.000479996204376	0.0
-0.001354038715363	0.0
-0.002117812633514	0.0
-0.001095294952393	0.0
 0.000926494598389	0.0
 0.002256453037262	0.0
 0.001710355281830	0.0
-0.000340223312378	0.0
-0.002205848693848	0.0
-0.002267241477966	0.0
-0.000375747680664	0.0
 0.001939952373505	0.0
 0.002704322338104	0.0
 0.001175701618195	0.0
-0.001448273658752	0.0
-0.002961456775665	0.0
-0.001999199390411	0.0
 0.000739455223083	0.0
 0.002985358238220	0.0
 0.002773940563202	0.0
 0.000156760215759	0.0
-0.002735495567322	0.0
-0.003420889377594	0.0
-0.001189351081848	0.0
 0.002189397811890	0.0
 0.003859817981720	0.0
 0.002286911010742	0.0
-0.001347184181213	0.0
-0.004015922546387	0.0
-0.003361105918884	0.0
 0.000234663486481	0.0
 0.003827214241028	0.0
 0.004311501979828	0.0
 0.001094758510590	0.0
-0.003250777721405	0.0
-0.005031704902649	0.0
-0.002560973167419	0.0
 0.002269327640533	0.0
 0.005417108535767	0.0
 0.004059314727783	0.0
-0.000895738601685	0.0
-0.005372703075409	0.0
-0.005464792251587	0.0
-0.000823736190796	0.0
 0.004821181297302	0.0
 0.006638526916504	0.0
 0.002808392047882	0.0
-0.003710091114044	0.0
-0.007434427738190	0.0
-0.004943907260895	0.0
 0.002018153667450	0.0
 0.007707178592682	0.0
 0.007084906101227	0.0
 0.000240921974182	0.0
-0.007318913936615	0.0
-0.009059131145477	0.0
-0.003016531467438	0.0
 0.006144464015961	0.0
 0.010671198368073	0.0
 0.006221711635590	0.0
-0.004073202610016	0.0
-0.011705040931702	0.0
-0.009736657142639	0.0
 0.001003444194794	0.0
 0.011920809745789	0.0
 0.013414740562439	0.0
 0.003174126148224	0.0
-0.011038601398468	0.0
-0.017090439796448	0.0
-0.008618831634521	0.0
 0.008692562580109	0.0
 0.020589172840118	0.0
 0.015638828277588	0.0
-0.004306137561798	0.0
-0.023737967014313	0.0
-0.024953126907349	0.0
-0.003272473812103	0.0
 0.026376664638519	0.0
 0.038532793521881	0.0
 0.017088294029236	0.0
-0.028368055820465	0.0
-0.063448905944824	0.0
-0.049344360828400	0.0
 0.029606938362122	0.0
 0.150263011455536	0.0
 0.259426534175873	0.0
 0.303305864334106	0.0
 0.259426534175873	0.0
 0.150263011455536	0.0
 0.029606938362122	0.0
-0.049344360828400	0.0
-0.063448905944824	0.0
-0.028368055820465	0.0
 0.017088294029236	0.0
 0.038532793521881	0.0
 0.026376664638519	0.0
-0.003272473812103	0.0
-0.024953126907349	0.0
-0.023737967014313	0.0
-0.004306137561798	0.0
 0.015638828277588	0.0
 0.020589172840118	0.0
 0.008692562580109	0.0
-0.008618831634521	0.0
-0.017090439796448	0.0
-0.011038601398468	0.0
 0.003174126148224	0.0
 0.013414740562439	0.0
 0.011920809745789	0.0
 0.001003444194794	0.0
-0.009736657142639	0.0
-0.011705040931702	0.0
-0.004073202610016	0.0
 0.006221711635590	0.0
 0.010671198368073	0.0
 0.006144464015961	0.0
-0.003016531467438	0.0
-0.009059131145477	0.0
-0.007318913936615	0.0
 0.000240921974182	0.0
 0.007084906101227	0.0
 0.007707178592682	0.0
 0.002018153667450	0.0
-0.004943907260895	0.0
-0.007434427738190	0.0
-0.003710091114044	0.0
 0.002808392047882	0.0
 0.006638526916504	0.0
 0.004821181297302	0.0
-0.000823736190796	0.0
-0.005464792251587	0.0
-0.005372703075409	0.0
-0.000895738601685	0.0
 0.004059314727783	0.0
 0.005417108535767	0.0
 0.002269327640533	0.0
-0.002560973167419	0.0
-0.005031704902649	0.0
-0.003250777721405	0.0
 0.001094758510590	0.0
 0.004311501979828	0.0
 0.003827214241028	0.0
 0.000234663486481	0.0
-0.003361105918884	0.0
-0.004015922546387	0.0
-0.001347184181213	0.0
 0.002286911010742	0.0
 0.003859817981720	0.0
 0.002189397811890	0.0
-0.001189351081848	0.0
-0.003420889377594	0.0
-0.002735495567322	0.0
 0.000156760215759	0.0
 0.002773940563202	0.0
 0.002985358238220	0.0
 0.000739455223083	0.0
-0.001999199390411	0.0
-0.002961456775665	0.0
-0.001448273658752	0.0
 0.001175701618195	0.0
 0.002704322338104	0.0
 0.001939952373505	0.0
-0.000375747680664	0.0
-0.002267241477966	0.0
-0.002205848693848	0.0
-0.000340223312378	0.0
 0.001710355281830	0.0
 0.002256453037262	0.0
 0.000926494598389	0.0
-0.001095294952393	0.0
-0.002117812633514	0.0
-0.001354038715363	0.0
 0.000479996204376	0.0
 0.001827836036682	0.0
 0.001610517501831	0.0
 0.000085651874542	0.0
-0.001431465148926	0.0
-0.001699209213257	0.0
-0.000562429428101	0.0
 0.000976204872131	0.0
 0.001636743545532	0.0
 0.000923931598663	0.0
-0.000507771968842	0.0
-0.001449763774872	0.0
-0.001156926155090	0.0
 0.000066697597504	0.0
 0.001171648502350	0.0
 0.001260519027710	0.0
 0.000314354896545	0.0
-0.000838637351990	0.0
-0.001245021820068	0.0
-0.000612497329712	0.0
 0.000486493110657	0.0
 0.001129150390625	0.0
 0.000814974308014	0.0
-0.000147581100464	0.0
-0.000937342643738	0.0
-0.000918984413147	0.0
-0.000151634216309	0.0
 0.000697195529938	0.0
 0.000930428504944	0.0
 0.000391840934753	0.0
-0.000436246395111	0.0
-0.000862360000610	0.0
-0.000561594963074	0.0
 0.000179886817932	0.0
 0.000732779502869	0.0
 0.000657260417938	0.0
 0.000050783157349	0.0
-0.000562191009521	0.0
-0.000682115554810	0.0
-0.000239908695221	0.0
 0.000371754169464	0.0
 0.000645220279694	0.0
 0.000377833843231	0.0
-0.000181019306183	0.0
-0.000559508800507	0.0
-0.000460684299469	0.0
 0.000006496906281	0.0
 0.000440299510956	0.0
 0.000490248203278	0.0
 0.000139117240906	0.0
-0.000303447246552	0.0
-0.000472605228424	0.0
-0.000247895717621	0.0
 0.000163912773132	0.0
 0.000417113304138	0.0
 0.000316321849823	0.0
-0.000034391880035	0.0
-0.000335097312927	0.0
-0.000345230102539	0.0
-0.000075221061707	0.0
 0.000238299369812	0.0
 0.000338673591614	0.0
 0.000158607959747	0.0
-0.000137984752655	0.0
-0.000303506851196	0.0
-0.000212848186493	0.0
 0.000043749809265	0.0
 0.000247895717621	0.0
 0.000238239765167	0.0
 0.000036954879761	0.0
-0.000180482864380	0.0
-0.000237524509430	0.0
-0.000099182128906	0.0
 0.000109553337097	0.0
 0.000215590000153	0.0
 0.000140607357025	0.0
-0.000042319297791	0.0
-0.000178277492523	0.0
-0.000161230564117	0.0
-0.000015735626221	0.0
 0.000132024288177	0.0
 0.000163018703461	0.0
 0.000060856342316	0.0
-0.000082731246948	0.0
-0.000149428844452	0.0
-0.000091314315796	0.0
 0.000035703182220	0.0
 0.000124692916870	0.0
 0.000107109546661	0.0
 0.000005066394806	0.0
-0.000093281269073	0.0
-0.000109553337097	0.0
-0.000036954879761	0.0
 0.000059604644775	0.0
 0.000101089477539	0.0
 0.000058591365814	0.0
-0.000027358531952	0.0
-0.000084757804871	0.0
-0.000070035457611	0.0
-0.000000655651093	0.0
 0.000063717365265	0.0
 0.000072121620178	0.0
 0.000022470951080	0.0
-0.000041067600250	0.0
-0.000066757202148	0.0
-0.000037312507629	0.0
 0.000019371509552	0.0
 0.000055968761444	0.0
 0.000045061111450	0.0
-0.000000655651093	0.0
-0.000042021274567	0.0
-0.000046610832214	0.0
-0.000013887882233	0.0
 0.000027000904083	0.0
 0.000043034553528	0.0
 0.000023603439331	0.0
-0.000012755393982	0.0
-0.000035881996155	0.0
-0.000028610229492	0.0
 0.000000536441803	0.0
 0.000026702880859	0.0
 0.000029444694519	0.0
 0.000008761882782	0.0
-0.000016987323761	0.0
-0.000027000904083	0.0
-0.000014901161194	0.0
 0.000007808208466	0.0
 0.000022292137146	0.0
 0.000017881393433	0.0
-0.000000119209290	0.0
-0.000016331672668	0.0
-0.000018239021301	0.0
-0.000005662441254	0.0
 0.000010132789612	0.0
 0.000016450881958	0.0
 0.000009298324585	0.0
-0.000004410743713	0.0
-0.000013351440430	0.0
-0.000010907649994	0.0
-0.000000238418579	0.0
 0.000009536743164	0.0
 0.000010907649994	0.0
 0.000003635883331	0.0
-0.000005722045898	0.0
-0.000009596347809	0.0
-0.000005662441254	0.0
 0.000002264976501	0.0
 0.000007569789886	0.0
 0.000006437301636	0.0
 0.000000417232513	0.0
-0.000005245208740	0.0
-0.000006198883057	0.0
-0.000002264976501	0.0
 0.000002980232239	0.0
 0.000005304813385	0.0
 0.000003278255463	0.0
-0.000001072883606	0.0
-0.000003993511200	0.0
-0.000003516674042	0.0
-0.000000357627869	0.0
 0.000002622604370	0.0
 0.000003218650818	0.0
 0.000001251697540	0.0
-0.000001430511475	0.0
-0.000002622604370	0.0
-0.000001668930054	0.0
 0.000000417232513	0.0
 0.000001847743988	0.0
 0.000001668930054	0.0
 0.000000238418579	0.0
-0.000001132488251	0.0
-0.000001430511475	0.0
-0.000000596046448	0.0
 0.000000536441803	0.0
 0.000001072883606	0.0
 0.000000655651093	0.0
-0.000000119209290	0.0
-0.000000655651093	0.0
-0.000000596046448	0.0
-0.000000119209290	0.0
 0.000000357627869	0.0
 0.000000417232513	0.0
 0.000000178813934	0.0
-0.000000119209290	0.0
-0.000000238418579	0.0
-0.000000119209290	0.0
 0.000000000000000	0.0
 0.000000119209290	0.0
 0.000000059604645	0.0
 0.000000000000000	0.0
 0.000000000000000	0.0
 0.000000000000000	0.0
 0.000000000000000	0.0
 0.000000000000000	0.0
 0.000000000000000	0.0
0
