# SWA-D24-2D07 Guralp FIR  filter parameter file 
theoretical  1  anti_alias   fir    coef_conv 
1000 8 600
1201 
0.000000000000000	0.0 
0.000000000000000	0.0 
0.000000000000000	0.0 
0.000000000000000	0.0 
0.000000000000000	0.0 
0.000000014901161	0.0 
0.000000029802322	0.0 
0.000000044703484	0.0 
0.000000059604645	0.0 
0.000000059604645	0.0 
0.000000059604645	0.0 
0.000000044703484	0.0 
0.000000000000000	0.0 
-0.000000044703484	0.0 
-0.000000104308128	0.0 
-0.000000163912773	0.0 
-0.000000208616257	0.0 
-0.000000238418579	0.0 
-0.000000223517418	0.0 
-0.000000178813934	0.0 
-0.000000089406967	0.0 
0.000000044703484	0.0 
0.000000193715096	0.0 
0.000000342726707	0.0 
0.000000461935997	0.0 
0.000000551342964	0.0 
0.000000551342964	0.0 
0.000000476837158	0.0 
0.000000327825546	0.0 
0.000000089406967	0.0 
-0.000000178813934	0.0 
-0.000000476837158	0.0 
-0.000000745058060	0.0 
-0.000000953674316	0.0 
-0.000001043081284	0.0 
-0.000000983476639	0.0 
-0.000000789761543	0.0 
-0.000000447034836	0.0 
0.000000000000000	0.0 
0.000000491738319	0.0 
0.000000983476639	0.0 
0.000001385807991	0.0 
0.000001639127731	0.0 
0.000001683831215	0.0 
0.000001490116119	0.0 
0.000001072883606	0.0 
0.000000461935997	0.0 
-0.000000268220901	0.0 
-0.000001043081284	0.0 
-0.000001743435860	0.0 
-0.000002264976501	0.0 
-0.000002518296242	0.0 
-0.000002443790436	0.0 
-0.000002026557922	0.0 
-0.000001296401024	0.0 
-0.000000312924385	0.0 
0.000000789761543	0.0 
0.000001877546310	0.0 
0.000002801418304	0.0 
0.000003397464752	0.0 
0.000003591179848	0.0 
0.000003293156624	0.0 
0.000002533197403	0.0 
0.000001356005669	0.0 
-0.000000089406967	0.0 
-0.000001639127731	0.0 
-0.000003069639206	0.0 
-0.000004187226295	0.0 
-0.000004798173904	0.0 
-0.000004813075066	0.0 
-0.000004172325134	0.0 
-0.000002905726433	0.0 
-0.000001162290573	0.0 
0.000000864267349	0.0 
0.000002890825272	0.0 
0.000004664063454	0.0 
0.000005915760994	0.0 
0.000006452202797	0.0 
0.000006139278412	0.0 
0.000004962086678	0.0 
0.000003054738045	0.0 
0.000000610947609	0.0 
-0.000002071261406	0.0 
-0.000004619359970	0.0 
-0.000006705522537	0.0 
-0.000008001923561	0.0 
-0.000008285045624	0.0 
-0.000007465481758	0.0 
-0.000005602836609	0.0 
-0.000002861022949	0.0 
0.000000417232513	0.0 
0.000003829598427	0.0 
0.000006899237633	0.0 
0.000009208917618	0.0 
0.000010415911674	0.0 
0.000010266900063	0.0 
0.000008717179298	0.0 
0.000005930662155	0.0 
0.000002175569534	0.0 
-0.000002056360245	0.0 
-0.000006228685379	0.0 
-0.000009775161743	0.0 
-0.000012189149857	0.0 
-0.000013083219528	0.0 
-0.000012263655663	0.0 
-0.000009745359421	0.0 
-0.000005796551704	0.0 
-0.000000879168510	0.0 
0.000004395842552	0.0 
0.000009343028069	0.0 
0.000013276934624	0.0 
0.000015601515770	0.0 
0.000015944242477	0.0 
0.000014156103134	0.0 
0.000010401010513	0.0 
0.000005066394806	0.0 
-0.000001206994057	0.0 
-0.000007584691048	0.0 
-0.000013247132301	0.0 
-0.000017389655113	0.0 
-0.000019386410713	0.0 
-0.000018864870071	0.0 
-0.000015795230865	0.0 
-0.000010475516319	0.0 
-0.000003516674042	0.0 
0.000004217028618	0.0 
0.000011727213860	0.0 
0.000017985701561	0.0 
0.000022098422050	0.0 
0.000023439526558	0.0 
0.000021696090698	0.0 
0.000016972422600	0.0 
0.000009775161743	0.0 
0.000000983476639	0.0 
-0.000008314847946	0.0 
-0.000016883015633	0.0 
-0.000023543834686	0.0 
-0.000027328729630	0.0 
-0.000027611851692	0.0 
-0.000024214386940	0.0 
-0.000017449259758	0.0 
-0.000008076429367	0.0 
0.000002741813660	0.0 
0.000013634562492	0.0 
0.000023126602173	0.0 
0.000029906630516	0.0 
0.000032946467400	0.0 
0.000031724572182	0.0 
0.000026196241379	0.0 
0.000016972422600	0.0 
0.000005125999451	0.0 
-0.000007852911949	0.0 
-0.000020280480385	0.0 
-0.000030472874641	0.0 
-0.000036984682083	0.0 
-0.000038802623749	0.0 
-0.000035509467125	0.0 
-0.000027358531952	0.0 
-0.000015258789063	0.0 
-0.000000670552254	0.0 
0.000014528632164	0.0 
0.000028356909752	0.0 
0.000038906931877	0.0 
0.000044643878937	0.0 
0.000044643878937	0.0 
0.000038683414459	0.0 
0.000027373433113	0.0 
0.000011995434761	0.0 
-0.000005513429642	0.0 
-0.000022917985916	0.0 
-0.000037878751755	0.0 
-0.000048309564590	0.0 
-0.000052675604820	0.0 
-0.000050172209740	0.0 
-0.000040903687477	0.0 
-0.000025868415833	0.0 
-0.000006884336472	0.0 
0.000013679265976	0.0 
0.000033125281334	0.0 
0.000048816204071	0.0 
0.000058546662331	0.0 
0.000060796737671	0.0 
0.000055044889450	0.0 
0.000041782855988	0.0 
0.000022500753403	0.0 
-0.000000402331352	0.0 
-0.000024020671844	0.0 
-0.000045210123062	0.0 
-0.000061094760895	0.0 
-0.000069364905357	0.0 
-0.000068679451942	0.0 
-0.000058844685555	0.0 
-0.000040858983994	0.0 
-0.000016853213310	0.0 
0.000010147690773	0.0 
0.000036686658859	0.0 
0.000059172511101	0.0 
0.000074520707130	0.0 
0.000080451369286	0.0 
0.000075876712799	0.0 
0.000061064958572	0.0 
0.000037685036659	0.0 
0.000008553266525	0.0 
-0.000022619962692	0.0 
-0.000051766633987	0.0 
-0.000074923038483	0.0 
-0.000088855624199	0.0 
-0.000091403722763	0.0 
-0.000081896781921	0.0 
-0.000061213970184	0.0 
-0.000031769275665	0.0 
0.000002786517143	0.0 
0.000038027763367	0.0 
0.000069275498390	0.0 
0.000092267990112	0.0 
0.000103697180748	0.0 
0.000101700425148	0.0 
0.000086143612862	0.0 
0.000058680772781	0.0 
0.000022619962692	0.0 
-0.000017508864403	0.0 
-0.000056505203247	0.0 
-0.000089138746262	0.0 
-0.000110909342766	0.0 
-0.000118583440781	0.0 
-0.000110760331154	0.0 
-0.000087991356850	0.0 
-0.000052899122238	0.0 
-0.000009775161743	0.0 
0.000035896897316	0.0 
0.000078111886978	0.0 
0.000111177563667	0.0 
0.000130429863930	0.0 
0.000132933259010	0.0 
0.000117868185043	0.0 
0.000086754560471	0.0 
0.000043243169785	0.0 
-0.000007227063179	0.0 
-0.000058144330978	0.0 
-0.000102788209915	0.0 
-0.000135034322739	0.0 
-0.000150278210640	0.0 
-0.000146016478539	0.0 
-0.000122278928757	0.0 
-0.000081673264503	0.0 
-0.000029116868973	0.0 
0.000028744339943	0.0 
0.000084370374680	0.0 
0.000130325555801	0.0 
0.000160276889801	0.0 
0.000169783830643	0.0 
0.000157043337822	0.0 
0.000123143196106	0.0 
0.000072017312050	0.0 
0.000009968876839	0.0 
-0.000055059790611	0.0 
-0.000114530324936	0.0 
-0.000160411000252	0.0 
-0.000186264514923	0.0 
-0.000188112258911	0.0 
-0.000165089964867	0.0 
-0.000119581818581	0.0 
-0.000057041645050	0.0 
0.000014707446098	0.0 
0.000086367130280	0.0 
0.000148475170135	0.0 
0.000192523002625	0.0 
0.000212222337723	0.0 
0.000204324722290	0.0 
0.000169157981873	0.0 
0.000110670924187	0.0 
0.000036031007767	0.0 
-0.000045299530029	0.0 
-0.000122711062431	0.0 
-0.000185847282410	0.0 
-0.000225991010666	0.0 
-0.000237226486206	0.0 
-0.000217333436012	0.0 
-0.000168174505234	0.0 
-0.000095501542091	0.0 
-0.000008344650269	0.0 
0.000082090497017	0.0 
0.000163927674294	0.0 
0.000226110219955	0.0 
0.000259906053543	0.0 
0.000260144472122	0.0 
0.000225961208344	0.0 
0.000161021947861	0.0 
0.000073164701462	0.0 
-0.000026553869247	0.0 
-0.000125199556351	0.0 
-0.000209689140320	0.0 
-0.000268518924713	0.0 
-0.000293239951134	0.0 
-0.000279754400253	0.0 
-0.000228926539421	0.0 
-0.000146582722664	0.0 
-0.000042840838432	0.0 
0.000069081783295	0.0 
0.000174552202225	0.0 
0.000259459018707	0.0 
0.000312089920044	0.0 
0.000324696302414	0.0 
0.000294640660286	0.0 
0.000224903225899	0.0 
0.000123739242554	0.0 
0.000003814697266	0.0 
-0.000119462609291	0.0 
-0.000229850411415	0.0 
-0.000312447547913	0.0 
-0.000355660915375	0.0 
-0.000352844595909	0.0 
-0.000303313136101	0.0 
-0.000212490558624	0.0 
-0.000091448426247	0.0 
0.000044494867325	0.0 
0.000177741050720	0.0 
0.000290557742119	0.0 
0.000367581844330	0.0 
0.000397771596909	0.0 
0.000376075506210	0.0 
0.000304147601128	0.0 
0.000190347433090	0.0 
0.000048771500587	0.0 
-0.000102505087852	0.0 
-0.000243678689003	0.0 
-0.000355869531631	0.0 
-0.000423565506935	0.0 
-0.000436797738075	0.0 
-0.000392600893974	0.0 
-0.000295504927635	0.0 
-0.000157132744789	0.0 
0.000005111098289	0.0 
0.000170350074768	0.0 
0.000316798686981	0.0 
0.000424653291702	0.0 
0.000478804111481	0.0 
0.000470876693726	0.0 
0.000400543212891	0.0 
0.000275701284409	0.0 
0.000111639499664	0.0 
-0.000070825219154	0.0 
-0.000247970223427	0.0 
-0.000396281480789	0.0 
-0.000495508313179	0.0 
-0.000531435012817	0.0 
-0.000497937202454	0.0 
-0.000397905707359	0.0 
-0.000243082642555	0.0 
-0.000052750110626	0.0 
0.000148728489876	0.0 
0.000334963202477	0.0 
0.000481009483337	0.0 
0.000566691160202	0.0 
0.000579372048378	0.0 
0.000515773892403	0.0 
0.000382661819458	0.0 
0.000196099281311	0.0 
-0.000020414590836	0.0 
-0.000238925218582	0.0 
-0.000430583953857	0.0 
-0.000569492578506	0.0 
-0.000636160373688	0.0 
-0.000620231032372	0.0 
-0.000522032380104	0.0 
-0.000352770090103	0.0 
-0.000133261084557	0.0 
0.000108540058136	0.0 
0.000341176986694	0.0 
0.000533714890480	0.0 
0.000659883022308	0.0 
0.000701561570168	0.0 
0.000651463866234	0.0 
0.000514268875122	0.0 
0.000306218862534	0.0 
0.000053316354752	0.0 
-0.000211983919144	0.0 
-0.000454917550087	0.0 
-0.000642895698547	0.0 
-0.000749945640564	0.0 
-0.000760227441788	0.0 
-0.000670313835144	0.0 
-0.000489979982376	0.0 
-0.000241145491600	0.0 
0.000044777989388	0.0 
0.000330790877342	0.0 
0.000579133629799	0.0 
0.000756204128265	0.0 
0.000837132334709	0.0 
0.000809207558632	0.0 
0.000673845410347	0.0 
0.000446662306786	0.0 
0.000155746936798	0.0 
-0.000161811709404	0.0 
-0.000464633107185	0.0 
-0.000712424516678	0.0 
-0.000871315598488	0.0 
-0.000918462872505	0.0 
-0.000845313072205	0.0 
-0.000659033656120	0.0 
-0.000381842255592	0.0 
-0.000048473477364	0.0 
0.000298231840134	0.0 
0.000612765550613	0.0 
0.000852942466736	0.0 
0.000985473394394	0.0 
0.000990658998489	0.0 
0.000865131616592	0.0 
0.000622779130936	0.0 
0.000293165445328	0.0 
-0.000082001090050	0.0 
-0.000454112887383	0.0 
-0.000774011015892	0.0 
-0.000998333096504	0.0 
-0.001095503568649	0.0 
-0.001050055027008	0.0 
-0.000865027308464	0.0 
-0.000561937689781	0.0 
-0.000178366899490	0.0 
0.000236719846725	0.0 
0.000629156827927	0.0 
0.000946685671806	0.0 
0.001145824790001	0.0 
0.001197814941406	0.0 
0.001092731952667	0.0 
0.000841185450554	0.0 
0.000473350286484	0.0 
0.000035360455513	0.0 
-0.000416412949562	0.0 
-0.000822633504868	0.0 
-0.001128688454628	0.0 
-0.001292109489441	0.0 
-0.001288339495659	0.0 
-0.001114383339882	0.0 
-0.000789642333984	0.0 
-0.000353857874870	0.0 
0.000137776136398	0.0 
0.000621527433395	0.0 
0.001033350825310	0.0 
0.001317381858826	0.0 
0.001433432102203	0.0 
0.001362651586533	0.0 
0.001110434532166	0.0 
0.000706285238266	0.0 
0.000200331211090	0.0 
-0.000342756509781	0.0 
-0.000852093100548	0.0 
-0.001259714365005	0.0 
-0.001509621739388	0.0 
-0.001565501093864	0.0 
-0.001415833830833	0.0 
-0.001075983047485	0.0 
-0.000586792826653	0.0 
-0.000009626150131	0.0 
0.000581175088882	0.0 
0.001107916235924	0.0 
0.001499667763710	0.0 
0.001701802015305	0.0 
0.001683533191681	0.0 
0.001442506909370	0.0 
0.001005724072456	0.0 
0.000426605343819	0.0 
-0.000221490859985	0.0 
-0.000854492187500	0.0 
-0.001388475298882	0.0 
-0.001750767230988	0.0 
-0.001889765262604	0.0 
-0.001782178878784	0.0 
-0.001436769962311	0.0 
-0.000893875956535	0.0 
-0.000220820307732	0.0 
0.000496447086334	0.0 
0.001164168119431	0.0 
0.001693069934845	0.0 
0.002010166645050	0.0 
0.002068817615509	0.0 
0.001855418086052	0.0 
0.001391962170601	0.0 
0.000733986496925	0.0 
-0.000036075711250	0.0 
-0.000819072127342	0.0 
-0.001511886715889	0.0 
-0.002020940184593	0.0 
-0.002274692058563	0.0 
-0.002233698964119	0.0 
-0.001896455883980	0.0 
-0.001300573348999	0.0 
-0.000518649816513	0.0 
0.000350430607796	0.0 
0.001193925738335	0.0 
0.001899763941765	0.0 
0.002371415495872	0.0 
0.002540871500969	0.0 
0.002378433942795	0.0 
0.001897469162941	0.0 
0.001153707504272	0.0 
0.000238955020905	0.0 
-0.000730127096176	0.0 
-0.001626834273338	0.0 
-0.002330839633942	0.0 
-0.002744242548943	0.0 
-0.002805054187775	0.0 
-0.002496212720871	0.0 
-0.001849099993706	0.0 
-0.000940501689911	0.0 
0.000116258859634	0.0 
0.001185357570648	0.0 
0.002125769853592	0.0 
0.002809748053551	0.0 
0.003140002489090	0.0 
0.003063380718231	0.0 
0.002578988671303	0.0 
0.001739770174026	0.0 
0.000646963715553	0.0 
-0.000561922788620	0.0 
-0.001730233430862	0.0 
-0.002702280879021	0.0 
-0.003343909978867	0.0 
-0.003560811281204	0.0 
-0.003312006592751	0.0 
-0.002616867423058	0.0 
-0.001554295420647	0.0 
-0.000253990292549	0.0 
0.001119062304497	0.0 
0.002385333180428	0.0 
0.003373980522156	0.0 
0.003945559263229	0.0 
0.004011452198029	0.0 
0.003547042608261	0.0 
0.002596959471703	0.0 
0.001271426677704	0.0 
-0.000266194343567	0.0 
-0.001819252967834	0.0 
-0.003182515501976	0.0 
-0.004169031977654	0.0 
-0.004635289311409	0.0 
-0.004501596093178	0.0 
-0.003764733672142	0.0 
-0.002501055598259	0.0 
-0.000859186053276	0.0 
0.000956952571869	0.0 
0.002713039517403	0.0 
0.004173979163170	0.0 
0.005134895443916	0.0 
0.005449116230011	0.0 
0.005049765110016	0.0 
0.003961533308029	0.0 
0.002301067113876	0.0 
0.000265255570412	0.0 
-0.001891344785690	0.0 
-0.003887608647346	0.0 
-0.005451649427414	0.0 
-0.006356880068779	0.0 
-0.006453648209572	0.0 
-0.005692318081856	0.0 
-0.004134148359299	0.0 
-0.001948386430740	0.0 
0.000604897737503	0.0 
0.003204569220543	0.0 
0.005507498979568	0.0 
0.007192254066467	0.0 
0.008002206683159	0.0 
0.007782369852066	0.0 
0.006504908204079	0.0 
0.004279643297195	0.0 
0.001347288489342	0.0 
-0.001944422721863	0.0 
-0.005179643630981	0.0 
-0.007924333214760	0.0 
-0.009781196713448	0.0 
-0.010443374514580	0.0 
-0.009739682078362	0.0 
-0.007665693759918	0.0 
-0.004395529627800	0.0 
-0.000272229313850	0.0 
0.004223793745041	0.0 
0.008525431156158	0.0 
0.012043744325638	0.0 
0.014240324497223	0.0 
0.014698535203934	0.0 
0.013185575604439	0.0 
0.009697347879410	0.0 
0.004479780793190	0.0 
-0.001976922154427	0.0 
-0.008972376585007	0.0 
-0.015656039118767	0.0 
-0.021107807755470	0.0 
-0.024431750178337	0.0 
-0.024852976202965	0.0 
-0.021807685494423	0.0 
-0.015016242861748	0.0 
-0.004530936479568	0.0 
0.009247779846191	0.0 
0.025589272379875	0.0 
0.043484359979630	0.0 
0.061726346611977	0.0 
0.079013958573341	0.0 
0.094066426157951	0.0 
0.105739295482635	0.0 
0.113129511475563	0.0 
0.115659207105637	0.0 
0.113129511475563	0.0 
0.105739295482635	0.0 
0.094066426157951	0.0 
0.079013958573341	0.0 
0.061726346611977	0.0 
0.043484359979630	0.0 
0.025589272379875	0.0 
0.009247779846191	0.0 
-0.004530936479568	0.0 
-0.015016242861748	0.0 
-0.021807685494423	0.0 
-0.024852976202965	0.0 
-0.024431750178337	0.0 
-0.021107807755470	0.0 
-0.015656039118767	0.0 
-0.008972376585007	0.0 
-0.001976922154427	0.0 
0.004479780793190	0.0 
0.009697347879410	0.0 
0.013185575604439	0.0 
0.014698535203934	0.0 
0.014240324497223	0.0 
0.012043744325638	0.0 
0.008525431156158	0.0 
0.004223793745041	0.0 
-0.000272229313850	0.0 
-0.004395529627800	0.0 
-0.007665693759918	0.0 
-0.009739682078362	0.0 
-0.010443374514580	0.0 
-0.009781196713448	0.0 
-0.007924333214760	0.0 
-0.005179643630981	0.0 
-0.001944422721863	0.0 
0.001347288489342	0.0 
0.004279643297195	0.0 
0.006504908204079	0.0 
0.007782369852066	0.0 
0.008002206683159	0.0 
0.007192254066467	0.0 
0.005507498979568	0.0 
0.003204569220543	0.0 
0.000604897737503	0.0 
-0.001948386430740	0.0 
-0.004134148359299	0.0 
-0.005692318081856	0.0 
-0.006453648209572	0.0 
-0.006356880068779	0.0 
-0.005451649427414	0.0 
-0.003887608647346	0.0 
-0.001891344785690	0.0 
0.000265255570412	0.0 
0.002301067113876	0.0 
0.003961533308029	0.0 
0.005049765110016	0.0 
0.005449116230011	0.0 
0.005134895443916	0.0 
0.004173979163170	0.0 
0.002713039517403	0.0 
0.000956952571869	0.0 
-0.000859186053276	0.0 
-0.002501055598259	0.0 
-0.003764733672142	0.0 
-0.004501596093178	0.0 
-0.004635289311409	0.0 
-0.004169031977654	0.0 
-0.003182515501976	0.0 
-0.001819252967834	0.0 
-0.000266194343567	0.0 
0.001271426677704	0.0 
0.002596959471703	0.0 
0.003547042608261	0.0 
0.004011452198029	0.0 
0.003945559263229	0.0 
0.003373980522156	0.0 
0.002385333180428	0.0 
0.001119062304497	0.0 
-0.000253990292549	0.0 
-0.001554295420647	0.0 
-0.002616867423058	0.0 
-0.003312006592751	0.0 
-0.003560811281204	0.0 
-0.003343909978867	0.0 
-0.002702280879021	0.0 
-0.001730233430862	0.0 
-0.000561922788620	0.0 
0.000646963715553	0.0 
0.001739770174026	0.0 
0.002578988671303	0.0 
0.003063380718231	0.0 
0.003140002489090	0.0 
0.002809748053551	0.0 
0.002125769853592	0.0 
0.001185357570648	0.0 
0.000116258859634	0.0 
-0.000940501689911	0.0 
-0.001849099993706	0.0 
-0.002496212720871	0.0 
-0.002805054187775	0.0 
-0.002744242548943	0.0 
-0.002330839633942	0.0 
-0.001626834273338	0.0 
-0.000730127096176	0.0 
0.000238955020905	0.0 
0.001153707504272	0.0 
0.001897469162941	0.0 
0.002378433942795	0.0 
0.002540871500969	0.0 
0.002371415495872	0.0 
0.001899763941765	0.0 
0.001193925738335	0.0 
0.000350430607796	0.0 
-0.000518649816513	0.0 
-0.001300573348999	0.0 
-0.001896455883980	0.0 
-0.002233698964119	0.0 
-0.002274692058563	0.0 
-0.002020940184593	0.0 
-0.001511886715889	0.0 
-0.000819072127342	0.0 
-0.000036075711250	0.0 
0.000733986496925	0.0 
0.001391962170601	0.0 
0.001855418086052	0.0 
0.002068817615509	0.0 
0.002010166645050	0.0 
0.001693069934845	0.0 
0.001164168119431	0.0 
0.000496447086334	0.0 
-0.000220820307732	0.0 
-0.000893875956535	0.0 
-0.001436769962311	0.0 
-0.001782178878784	0.0 
-0.001889765262604	0.0 
-0.001750767230988	0.0 
-0.001388475298882	0.0 
-0.000854492187500	0.0 
-0.000221490859985	0.0 
0.000426605343819	0.0 
0.001005724072456	0.0 
0.001442506909370	0.0 
0.001683533191681	0.0 
0.001701802015305	0.0 
0.001499667763710	0.0 
0.001107916235924	0.0 
0.000581175088882	0.0 
-0.000009626150131	0.0 
-0.000586792826653	0.0 
-0.001075983047485	0.0 
-0.001415833830833	0.0 
-0.001565501093864	0.0 
-0.001509621739388	0.0 
-0.001259714365005	0.0 
-0.000852093100548	0.0 
-0.000342756509781	0.0 
0.000200331211090	0.0 
0.000706285238266	0.0 
0.001110434532166	0.0 
0.001362651586533	0.0 
0.001433432102203	0.0 
0.001317381858826	0.0 
0.001033350825310	0.0 
0.000621527433395	0.0 
0.000137776136398	0.0 
-0.000353857874870	0.0 
-0.000789642333984	0.0 
-0.001114383339882	0.0 
-0.001288339495659	0.0 
-0.001292109489441	0.0 
-0.001128688454628	0.0 
-0.000822633504868	0.0 
-0.000416412949562	0.0 
0.000035360455513	0.0 
0.000473350286484	0.0 
0.000841185450554	0.0 
0.001092731952667	0.0 
0.001197814941406	0.0 
0.001145824790001	0.0 
0.000946685671806	0.0 
0.000629156827927	0.0 
0.000236719846725	0.0 
-0.000178366899490	0.0 
-0.000561937689781	0.0 
-0.000865027308464	0.0 
-0.001050055027008	0.0 
-0.001095503568649	0.0 
-0.000998333096504	0.0 
-0.000774011015892	0.0 
-0.000454112887383	0.0 
-0.000082001090050	0.0 
0.000293165445328	0.0 
0.000622779130936	0.0 
0.000865131616592	0.0 
0.000990658998489	0.0 
0.000985473394394	0.0 
0.000852942466736	0.0 
0.000612765550613	0.0 
0.000298231840134	0.0 
-0.000048473477364	0.0 
-0.000381842255592	0.0 
-0.000659033656120	0.0 
-0.000845313072205	0.0 
-0.000918462872505	0.0 
-0.000871315598488	0.0 
-0.000712424516678	0.0 
-0.000464633107185	0.0 
-0.000161811709404	0.0 
0.000155746936798	0.0 
0.000446662306786	0.0 
0.000673845410347	0.0 
0.000809207558632	0.0 
0.000837132334709	0.0 
0.000756204128265	0.0 
0.000579133629799	0.0 
0.000330790877342	0.0 
0.000044777989388	0.0 
-0.000241145491600	0.0 
-0.000489979982376	0.0 
-0.000670313835144	0.0 
-0.000760227441788	0.0 
-0.000749945640564	0.0 
-0.000642895698547	0.0 
-0.000454917550087	0.0 
-0.000211983919144	0.0 
0.000053316354752	0.0 
0.000306218862534	0.0 
0.000514268875122	0.0 
0.000651463866234	0.0 
0.000701561570168	0.0 
0.000659883022308	0.0 
0.000533714890480	0.0 
0.000341176986694	0.0 
0.000108540058136	0.0 
-0.000133261084557	0.0 
-0.000352770090103	0.0 
-0.000522032380104	0.0 
-0.000620231032372	0.0 
-0.000636160373688	0.0 
-0.000569492578506	0.0 
-0.000430583953857	0.0 
-0.000238925218582	0.0 
-0.000020414590836	0.0 
0.000196099281311	0.0 
0.000382661819458	0.0 
0.000515773892403	0.0 
0.000579372048378	0.0 
0.000566691160202	0.0 
0.000481009483337	0.0 
0.000334963202477	0.0 
0.000148728489876	0.0 
-0.000052750110626	0.0 
-0.000243082642555	0.0 
-0.000397905707359	0.0 
-0.000497937202454	0.0 
-0.000531435012817	0.0 
-0.000495508313179	0.0 
-0.000396281480789	0.0 
-0.000247970223427	0.0 
-0.000070825219154	0.0 
0.000111639499664	0.0 
0.000275701284409	0.0 
0.000400543212891	0.0 
0.000470876693726	0.0 
0.000478804111481	0.0 
0.000424653291702	0.0 
0.000316798686981	0.0 
0.000170350074768	0.0 
0.000005111098289	0.0 
-0.000157132744789	0.0 
-0.000295504927635	0.0 
-0.000392600893974	0.0 
-0.000436797738075	0.0 
-0.000423565506935	0.0 
-0.000355869531631	0.0 
-0.000243678689003	0.0 
-0.000102505087852	0.0 
0.000048771500587	0.0 
0.000190347433090	0.0 
0.000304147601128	0.0 
0.000376075506210	0.0 
0.000397771596909	0.0 
0.000367581844330	0.0 
0.000290557742119	0.0 
0.000177741050720	0.0 
0.000044494867325	0.0 
-0.000091448426247	0.0 
-0.000212490558624	0.0 
-0.000303313136101	0.0 
-0.000352844595909	0.0 
-0.000355660915375	0.0 
-0.000312447547913	0.0 
-0.000229850411415	0.0 
-0.000119462609291	0.0 
0.000003814697266	0.0 
0.000123739242554	0.0 
0.000224903225899	0.0 
0.000294640660286	0.0 
0.000324696302414	0.0 
0.000312089920044	0.0 
0.000259459018707	0.0 
0.000174552202225	0.0 
0.000069081783295	0.0 
-0.000042840838432	0.0 
-0.000146582722664	0.0 
-0.000228926539421	0.0 
-0.000279754400253	0.0 
-0.000293239951134	0.0 
-0.000268518924713	0.0 
-0.000209689140320	0.0 
-0.000125199556351	0.0 
-0.000026553869247	0.0 
0.000073164701462	0.0 
0.000161021947861	0.0 
0.000225961208344	0.0 
0.000260144472122	0.0 
0.000259906053543	0.0 
0.000226110219955	0.0 
0.000163927674294	0.0 
0.000082090497017	0.0 
-0.000008344650269	0.0 
-0.000095501542091	0.0 
-0.000168174505234	0.0 
-0.000217333436012	0.0 
-0.000237226486206	0.0 
-0.000225991010666	0.0 
-0.000185847282410	0.0 
-0.000122711062431	0.0 
-0.000045299530029	0.0 
0.000036031007767	0.0 
0.000110670924187	0.0 
0.000169157981873	0.0 
0.000204324722290	0.0 
0.000212222337723	0.0 
0.000192523002625	0.0 
0.000148475170135	0.0 
0.000086367130280	0.0 
0.000014707446098	0.0 
-0.000057041645050	0.0 
-0.000119581818581	0.0 
-0.000165089964867	0.0 
-0.000188112258911	0.0 
-0.000186264514923	0.0 
-0.000160411000252	0.0 
-0.000114530324936	0.0 
-0.000055059790611	0.0 
0.000009968876839	0.0 
0.000072017312050	0.0 
0.000123143196106	0.0 
0.000157043337822	0.0 
0.000169783830643	0.0 
0.000160276889801	0.0 
0.000130325555801	0.0 
0.000084370374680	0.0 
0.000028744339943	0.0 
-0.000029116868973	0.0 
-0.000081673264503	0.0 
-0.000122278928757	0.0 
-0.000146016478539	0.0 
-0.000150278210640	0.0 
-0.000135034322739	0.0 
-0.000102788209915	0.0 
-0.000058144330978	0.0 
-0.000007227063179	0.0 
0.000043243169785	0.0 
0.000086754560471	0.0 
0.000117868185043	0.0 
0.000132933259010	0.0 
0.000130429863930	0.0 
0.000111177563667	0.0 
0.000078111886978	0.0 
0.000035896897316	0.0 
-0.000009775161743	0.0 
-0.000052899122238	0.0 
-0.000087991356850	0.0 
-0.000110760331154	0.0 
-0.000118583440781	0.0 
-0.000110909342766	0.0 
-0.000089138746262	0.0 
-0.000056505203247	0.0 
-0.000017508864403	0.0 
0.000022619962692	0.0 
0.000058680772781	0.0 
0.000086143612862	0.0 
0.000101700425148	0.0 
0.000103697180748	0.0 
0.000092267990112	0.0 
0.000069275498390	0.0 
0.000038027763367	0.0 
0.000002786517143	0.0 
-0.000031769275665	0.0 
-0.000061213970184	0.0 
-0.000081896781921	0.0 
-0.000091403722763	0.0 
-0.000088855624199	0.0 
-0.000074923038483	0.0 
-0.000051766633987	0.0 
-0.000022619962692	0.0 
0.000008553266525	0.0 
0.000037685036659	0.0 
0.000061064958572	0.0 
0.000075876712799	0.0 
0.000080451369286	0.0 
0.000074520707130	0.0 
0.000059172511101	0.0 
0.000036686658859	0.0 
0.000010147690773	0.0 
-0.000016853213310	0.0 
-0.000040858983994	0.0 
-0.000058844685555	0.0 
-0.000068679451942	0.0 
-0.000069364905357	0.0 
-0.000061094760895	0.0 
-0.000045210123062	0.0 
-0.000024020671844	0.0 
-0.000000402331352	0.0 
0.000022500753403	0.0 
0.000041782855988	0.0 
0.000055044889450	0.0 
0.000060796737671	0.0 
0.000058546662331	0.0 
0.000048816204071	0.0 
0.000033125281334	0.0 
0.000013679265976	0.0 
-0.000006884336472	0.0 
-0.000025868415833	0.0 
-0.000040903687477	0.0 
-0.000050172209740	0.0 
-0.000052675604820	0.0 
-0.000048309564590	0.0 
-0.000037878751755	0.0 
-0.000022917985916	0.0 
-0.000005513429642	0.0 
0.000011995434761	0.0 
0.000027373433113	0.0 
0.000038683414459	0.0 
0.000044643878937	0.0 
0.000044643878937	0.0 
0.000038906931877	0.0 
0.000028356909752	0.0 
0.000014528632164	0.0 
-0.000000670552254	0.0 
-0.000015258789063	0.0 
-0.000027358531952	0.0 
-0.000035509467125	0.0 
-0.000038802623749	0.0 
-0.000036984682083	0.0 
-0.000030472874641	0.0 
-0.000020280480385	0.0 
-0.000007852911949	0.0 
0.000005125999451	0.0 
0.000016972422600	0.0 
0.000026196241379	0.0 
0.000031724572182	0.0 
0.000032946467400	0.0 
0.000029906630516	0.0 
0.000023126602173	0.0 
0.000013634562492	0.0 
0.000002741813660	0.0 
-0.000008076429367	0.0 
-0.000017449259758	0.0 
-0.000024214386940	0.0 
-0.000027611851692	0.0 
-0.000027328729630	0.0 
-0.000023543834686	0.0 
-0.000016883015633	0.0 
-0.000008314847946	0.0 
0.000000983476639	0.0 
0.000009775161743	0.0 
0.000016972422600	0.0 
0.000021696090698	0.0 
0.000023439526558	0.0 
0.000022098422050	0.0 
0.000017985701561	0.0 
0.000011727213860	0.0 
0.000004217028618	0.0 
-0.000003516674042	0.0 
-0.000010475516319	0.0 
-0.000015795230865	0.0 
-0.000018864870071	0.0 
-0.000019386410713	0.0 
-0.000017389655113	0.0 
-0.000013247132301	0.0 
-0.000007584691048	0.0 
-0.000001206994057	0.0 
0.000005066394806	0.0 
0.000010401010513	0.0 
0.000014156103134	0.0 
0.000015944242477	0.0 
0.000015601515770	0.0 
0.000013276934624	0.0 
0.000009343028069	0.0 
0.000004395842552	0.0 
-0.000000879168510	0.0 
-0.000005796551704	0.0 
-0.000009745359421	0.0 
-0.000012263655663	0.0 
-0.000013083219528	0.0 
-0.000012189149857	0.0 
-0.000009775161743	0.0 
-0.000006228685379	0.0 
-0.000002056360245	0.0 
0.000002175569534	0.0 
0.000005930662155	0.0 
0.000008717179298	0.0 
0.000010266900063	0.0 
0.000010415911674	0.0 
0.000009208917618	0.0 
0.000006899237633	0.0 
0.000003829598427	0.0 
0.000000417232513	0.0 
-0.000002861022949	0.0 
-0.000005602836609	0.0 
-0.000007465481758	0.0 
-0.000008285045624	0.0 
-0.000008001923561	0.0 
-0.000006705522537	0.0 
-0.000004619359970	0.0 
-0.000002071261406	0.0 
0.000000610947609	0.0 
0.000003054738045	0.0 
0.000004962086678	0.0 
0.000006139278412	0.0 
0.000006452202797	0.0 
0.000005915760994	0.0 
0.000004664063454	0.0 
0.000002890825272	0.0 
0.000000864267349	0.0 
-0.000001162290573	0.0 
-0.000002905726433	0.0 
-0.000004172325134	0.0 
-0.000004813075066	0.0 
-0.000004798173904	0.0 
-0.000004187226295	0.0 
-0.000003069639206	0.0 
-0.000001639127731	0.0 
-0.000000089406967	0.0 
0.000001356005669	0.0 
0.000002533197403	0.0 
0.000003293156624	0.0 
0.000003591179848	0.0 
0.000003397464752	0.0 
0.000002801418304	0.0 
0.000001877546310	0.0 
0.000000789761543	0.0 
-0.000000312924385	0.0 
-0.000001296401024	0.0 
-0.000002026557922	0.0 
-0.000002443790436	0.0 
-0.000002518296242	0.0 
-0.000002264976501	0.0 
-0.000001743435860	0.0 
-0.000001043081284	0.0 
-0.000000268220901	0.0 
0.000000461935997	0.0 
0.000001072883606	0.0 
0.000001490116119	0.0 
0.000001683831215	0.0 
0.000001639127731	0.0 
0.000001385807991	0.0 
0.000000983476639	0.0 
0.000000491738319	0.0 
0.000000000000000	0.0 
-0.000000447034836	0.0 
-0.000000789761543	0.0 
-0.000000983476639	0.0 
-0.000001043081284	0.0 
-0.000000953674316	0.0 
-0.000000745058060	0.0 
-0.000000476837158	0.0 
-0.000000178813934	0.0 
0.000000089406967	0.0 
0.000000327825546	0.0 
0.000000476837158	0.0 
0.000000551342964	0.0 
0.000000551342964	0.0 
0.000000461935997	0.0 
0.000000342726707	0.0 
0.000000193715096	0.0 
0.000000044703484	0.0 
-0.000000089406967	0.0 
-0.000000178813934	0.0 
-0.000000223517418	0.0 
-0.000000238418579	0.0 
-0.000000208616257	0.0 
-0.000000163912773	0.0 
-0.000000104308128	0.0 
-0.000000044703484	0.0 
0.000000000000000	0.0 
0.000000044703484	0.0 
0.000000059604645	0.0 
0.000000059604645	0.0 
0.000000059604645	0.0 
0.000000044703484	0.0 
0.000000029802322	0.0 
0.000000014901161	0.0 
0.000000000000000	0.0 
0.000000000000000	0.0 
0.000000000000000	0.0 
0.000000000000000	0.0 
0.000000000000000	0.0 
0 
