# SWA-D24-2D08 Guralp FIR  filter parameter file 
theoretical  1  anti_alias   fir    coef_conv 
1000 10 600
1201 
0.000000000000000	0.0 
0.000000000000000	0.0 
0.000000000000000	0.0 
0.000000000000000	0.0 
0.000000000000000	0.0 
-0.000000014901161	0.0 
-0.000000029802322	0.0 
-0.000000044703484	0.0 
-0.000000059604645	0.0 
-0.000000089406967	0.0 
-0.000000089406967	0.0 
-0.000000089406967	0.0 
-0.000000089406967	0.0 
-0.000000059604645	0.0 
0.000000000000000	0.0 
0.000000059604645	0.0 
0.000000134110451	0.0 
0.000000223517418	0.0 
0.000000298023224	0.0 
0.000000372529030	0.0 
0.000000417232513	0.0 
0.000000432133675	0.0 
0.000000402331352	0.0 
0.000000327825546	0.0 
0.000000193715096	0.0 
0.000000029802322	0.0 
-0.000000178813934	0.0 
-0.000000387430191	0.0 
-0.000000610947609	0.0 
-0.000000804662704	0.0 
-0.000000953674316	0.0 
-0.000001043081284	0.0 
-0.000001043081284	0.0 
-0.000000953674316	0.0 
-0.000000745058060	0.0 
-0.000000461935997	0.0 
-0.000000089406967	0.0 
0.000000327825546	0.0 
0.000000774860382	0.0 
0.000001206994057	0.0 
0.000001579523087	0.0 
0.000001847743988	0.0 
0.000001996755600	0.0 
0.000001966953278	0.0 
0.000001773238182	0.0 
0.000001400709152	0.0 
0.000000864267349	0.0 
0.000000208616257	0.0 
-0.000000536441803	0.0 
-0.000001311302185	0.0 
-0.000002026557922	0.0 
-0.000002637505531	0.0 
-0.000003084540367	0.0 
-0.000003293156624	0.0 
-0.000003248453140	0.0 
-0.000002920627594	0.0 
-0.000002309679985	0.0 
-0.000001445412636	0.0 
-0.000000387430191	0.0 
0.000000774860382	0.0 
0.000001966953278	0.0 
0.000003084540367	0.0 
0.000004023313522	0.0 
0.000004693865776	0.0 
0.000005021691322	0.0 
0.000004932284355	0.0 
0.000004425644875	0.0 
0.000003516674042	0.0 
0.000002235174179	0.0 
0.000000685453415	0.0 
-0.000001028180122	0.0 
-0.000002771615982	0.0 
-0.000004410743713	0.0 
-0.000005766749382	0.0 
-0.000006735324860	0.0 
-0.000007197260857	0.0 
-0.000007092952728	0.0 
-0.000006377696991	0.0 
-0.000005081295967	0.0 
-0.000003293156624	0.0 
-0.000001102685928	0.0 
0.000001296401024	0.0 
0.000003740191460	0.0 
0.000006005167961	0.0 
0.000007897615433	0.0 
0.000009253621101	0.0 
0.000009909272194	0.0 
0.000009775161743	0.0 
0.000008806586266	0.0 
0.000007063150406	0.0 
0.000004634261131	0.0 
0.000001698732376	0.0 
-0.000001549720764	0.0 
-0.000004842877388	0.0 
-0.000007912516594	0.0 
-0.000010475516319	0.0 
-0.000012308359146	0.0 
-0.000013202428818	0.0 
-0.000013053417206	0.0 
-0.000011816620827	0.0 
-0.000009536743164	0.0 
-0.000006347894669	0.0 
-0.000002473592758	0.0 
0.000001788139343	0.0 
0.000006109476089	0.0 
0.000010147690773	0.0 
0.000013530254364	0.0 
0.000015959143639	0.0 
0.000017181038857	0.0 
0.000017032027245	0.0 
0.000015482306480	0.0 
0.000012561678886	0.0 
0.000008493661880	0.0 
0.000003516674042	0.0 
-0.000001966953278	0.0 
-0.000007539987564	0.0 
-0.000012740492821	0.0 
-0.000017121434212	0.0 
-0.000020280480385	0.0 
-0.000021904706955	0.0 
-0.000021800398827	0.0 
-0.000019878149033	0.0 
-0.000016242265701	0.0 
-0.000011116266251	0.0 
-0.000004857778549	0.0 
0.000002071261406	0.0 
0.000009119510651	0.0 
0.000015720725060	0.0 
0.000021293759346	0.0 
0.000025346875191	0.0 
0.000027477741241	0.0 
0.000027433037758	0.0 
0.000025138258934	0.0 
0.000020682811737	0.0 
0.000014334917068	0.0 
0.000006556510925	0.0 
-0.000002071261406	0.0 
-0.000010862946510	0.0 
-0.000019118189812	0.0 
-0.000026121735573	0.0 
-0.000031247735023	0.0 
-0.000034004449844	0.0 
-0.000034078955650	0.0 
-0.000031366944313	0.0 
-0.000025957822800	0.0 
-0.000018209218979	0.0 
-0.000008687376976	0.0 
0.000001922249794	0.0 
0.000012755393982	0.0 
0.000022962689400	0.0 
0.000031650066376	0.0 
0.000038072466850	0.0 
0.000041604042053	0.0 
0.000041857361794	0.0 
0.000038683414459	0.0 
0.000032216310501	0.0 
0.000022873282433	0.0 
0.000011324882507	0.0 
-0.000001564621925	0.0 
-0.000014796853065	0.0 
-0.000027269124985	0.0 
-0.000037968158722	0.0 
-0.000045910477638	0.0 
-0.000050380825996	0.0 
-0.000050872564316	0.0 
-0.000047221779823	0.0 
-0.000039577484131	0.0 
-0.000028416514397	0.0 
-0.000014558434486	0.0 
0.000000983476639	0.0 
0.000016957521439	0.0 
0.000032097101212	0.0 
0.000045105814934	0.0 
0.000054866075516	0.0 
0.000060468912125	0.0 
0.000061303377151	0.0 
0.000057145953178	0.0 
0.000048190355301	0.0 
0.000034973025322	0.0 
0.000018477439880	0.0 
-0.000000074505806	0.0 
-0.000019237399101	0.0 
-0.000037431716919	0.0 
-0.000053167343140	0.0 
-0.000065058469772	0.0 
-0.000072002410889	0.0 
-0.000073283910751	0.0 
-0.000068619847298	0.0 
-0.000058203935623	0.0 
-0.000042691826820	0.0 
-0.000023201107979	0.0 
-0.000001192092896	0.0 
0.000021591782570	0.0 
0.000043332576752	0.0 
0.000062197446823	0.0 
0.000076577067375	0.0 
0.000085130333900	0.0 
0.000087007880211	0.0 
0.000081822276115	0.0 
0.000069797039032	0.0 
0.000051707029343	0.0 
0.000028848648071	0.0 
0.000002935528755	0.0 
-0.000024005770683	0.0 
-0.000049784779549	0.0 
-0.000072285532951	0.0 
-0.000089541077614	0.0 
-0.000100001692772	0.0 
-0.000102609395981	0.0 
-0.000096932053566	0.0 
-0.000083163380623	0.0 
-0.000062197446823	0.0 
-0.000035539269447	0.0 
-0.000005215406418	0.0 
0.000026434659958	0.0 
0.000056833028793	0.0 
0.000083476305008	0.0 
0.000104084610939	0.0 
0.000116780400276	0.0 
0.000120326876640	0.0 
0.000114142894745	0.0 
0.000098481774330	0.0 
0.000074341893196	0.0 
0.000043451786041	0.0 
0.000008136034012	0.0 
-0.000028833746910	0.0 
-0.000064492225647	0.0 
-0.000095874071121	0.0 
-0.000120326876640	0.0 
-0.000135645270348	0.0 
-0.000140339136124	0.0 
-0.000133708119392	0.0 
-0.000115990638733	0.0 
-0.000088334083557	0.0 
-0.000052720308304	0.0 
-0.000011831521988	0.0 
0.000031143426895	0.0 
0.000072747468948	0.0 
0.000109538435936	0.0 
0.000138401985168	0.0 
0.000156775116920	0.0 
0.000162854790688	0.0 
0.000155821442604	0.0 
0.000135913491249	0.0 
0.000104397535324	0.0 
0.000063523650169	0.0 
0.000016406178474	0.0 
-0.000033304095268	0.0 
-0.000081613659859	0.0 
-0.000124543905258	0.0 
-0.000158444046974	0.0 
-0.000180348753929	0.0 
-0.000188112258911	0.0 
-0.000180765986443	0.0 
-0.000158503651619	0.0 
-0.000122755765915	0.0 
-0.000076085329056	0.0 
-0.000022009015083	0.0 
0.000035241246223	0.0 
0.000091090798378	0.0 
0.000140950083733	0.0 
0.000180602073669	0.0 
0.000206559896469	0.0 
0.000216364860535	0.0 
0.000208795070648	0.0 
0.000184044241905	0.0 
0.000143676996231	0.0 
0.000090599060059	0.0 
0.000028818845749	0.0 
-0.000036850571632	0.0 
-0.000101163983345	0.0 
-0.000158831477165	0.0 
-0.000205010175705	0.0 
-0.000235646963120	0.0 
-0.000247865915298	0.0 
-0.000240206718445	0.0 
-0.000212818384171	0.0 
-0.000167429447174	0.0 
-0.000107303261757	0.0 
-0.000036984682083	0.0 
0.000038057565689	0.0 
0.000111818313599	0.0 
0.000178277492523	0.0 
0.000231832265854	0.0 
0.000267833471298	0.0 
0.000282898545265	0.0 
0.000275313854218	0.0 
0.000245139002800	0.0 
0.000194311141968	0.0 
0.000126466155052	0.0 
0.000046715140343	0.0 
-0.000038728117943	0.0 
-0.000123038887978	0.0 
-0.000199347734451	0.0 
-0.000261247158051	0.0 
-0.000303342938423	0.0 
-0.000321760773659	0.0 
-0.000314444303513	0.0 
-0.000281393527985	0.0 
-0.000224679708481	0.0 
-0.000148370862007	0.0 
-0.000058233737946	0.0 
0.000038743019104	0.0 
0.000134810805321	0.0 
0.000222116708755	0.0 
0.000293403863907	0.0 
0.000342458486557	0.0 
0.000364795327187	0.0 
0.000357985496521	0.0 
0.000321924686432	0.0 
0.000258862972260	0.0 
0.000173330307007	0.0 
0.000071749091148	0.0 
-0.000037953257561	0.0 
-0.000147059559822	0.0 
-0.000246688723564	0.0 
-0.000328496098518	0.0 
-0.000385448336601	0.0 
-0.000412359833717	0.0 
-0.000406354665756	0.0 
-0.000367179512978	0.0 
-0.000297307968140	0.0 
-0.000201702117920	0.0 
-0.000087574124336	0.0 
0.000036194920540	0.0 
0.000159785151482	0.0 
0.000273108482361	0.0 
0.000366747379303	0.0 
0.000432655215263	0.0 
0.000464856624603	0.0 
0.000459983944893	0.0 
0.000417634844780	0.0 
0.000340431928635	0.0 
0.000233873724937	0.0 
0.000105991959572	0.0 
-0.000033304095268	0.0 
-0.000172898173332	0.0 
-0.000301495194435	0.0 
-0.000408381223679	0.0 
-0.000484406948090	0.0 
-0.000522717833519	0.0 
-0.000519394874573	0.0 
-0.000473812222481	0.0 
-0.000388756394386	0.0 
-0.000270292162895	0.0 
-0.000127330422401	0.0 
0.000029042363167	0.0 
0.000186383724213	0.0 
0.000331953167915	0.0 
0.000453665852547	0.0 
0.000541120767593	0.0 
0.000586479902267	0.0 
0.000585183501244	0.0 
0.000536307692528	0.0 
0.000442862510681	0.0 
0.000311464071274	0.0 
0.000151991844177	0.0 
-0.000023186206818	0.0 
-0.000200167298317	0.0 
-0.000364601612091	0.0 
-0.000502899289131	0.0 
-0.000603258609772	0.0 
-0.000656723976135	0.0 
-0.000657975673676	0.0 
-0.000605836510658	0.0 
-0.000503405928612	0.0 
-0.000357955694199	0.0 
-0.000180423259735	0.0 
0.000015467405319	0.0 
0.000214159488678	0.0 
0.000399589538574	0.0 
0.000556424260139	0.0 
0.000671327114105	0.0 
0.000734105706215	0.0 
0.000738576054573	0.0 
0.000683158636093	0.0 
0.000571146607399	0.0 
0.000410452485085	0.0 
0.000213116407394	0.0 
-0.000005573034286	0.0 
-0.000228315591812	0.0 
-0.000437095761299	0.0 
-0.000614672899246	0.0 
-0.000745996832848	0.0 
-0.000819444656372	0.0 
-0.000827863812447	0.0 
-0.000769257545471	0.0 
-0.000647008419037	0.0 
-0.000469729304314	0.0 
-0.000250682234764	0.0 
-0.000006839632988	0.0 
0.000242546200752	0.0 
0.000477328896523	0.0 
0.000678151845932	0.0 
0.000827997922897	0.0 
0.000913694500923	0.0 
0.000926956534386	0.0 
0.000865250825882	0.0 
0.000732049345970	0.0 
0.000536710023880	0.0 
0.000293835997581	0.0 
0.000022187829018	0.0 
-0.000256776809692	0.0 
-0.000520572066307	0.0 
-0.000747457146645	0.0 
-0.000918284058571	0.0 
-0.001018017530441	0.0 
-0.001037150621414	0.0 
-0.000972494482994	0.0 
-0.000827565789223	0.0 
-0.000612542033195	0.0 
-0.000343427062035	0.0 
-0.000040978193283	0.0 
0.000270918011665	0.0 
0.000567167997360	0.0 
0.000823378562927	0.0 
0.001017957925797	0.0 
0.001133859157562	0.0 
0.001160070300102	0.0 
0.001092657446861	0.0 
0.000935181975365	0.0 
0.000698596239090	0.0 
0.000400483608246	0.0 
0.000063806772232	0.0 
-0.000284895300865	0.0 
-0.000617563724518	0.0 
-0.000906884670258	0.0 
-0.001128494739532	0.0 
-0.001263007521629	0.0 
-0.001297742128372	0.0 
-0.001227855682373	0.0 
-0.001056849956512	0.0 
-0.000796571373940	0.0 
-0.000466302037239	0.0 
-0.000091403722763	0.0 
0.000298589468002	0.0 
0.000672355294228	0.0 
0.000999227166176	0.0 
0.001251697540283	0.0 
0.001407757401466	0.0 
0.001452744007111	0.0 
0.001380726695061	0.0 
0.001195132732391	0.0 
0.000908657908440	0.0 
0.000542491674423	0.0 
0.000124678015709	0.0 
-0.000311940908432	0.0 
-0.000732332468033	0.0 
-0.001102015376091	0.0 
-0.001389950513840	0.0 
-0.001571059226990	0.0 
-0.001628398895264	0.0 
-0.001554727554321	0.0 
-0.001353263854980	0.0 
-0.001037672162056	0.0 
-0.000631153583527	0.0 
-0.000164791941643	0.0 
0.000324845314026	0.0 
0.000798508524895	0.0 
0.001217424869537	0.0 
0.001546412706375	0.0 
0.001756846904755	0.0 
0.001829117536545	0.0 
0.001754403114319	0.0 
0.001535579562187	0.0 
0.001187309622765	0.0 
0.000735044479370	0.0 
0.000213265419006	0.0 
-0.000337228178978	0.0 
-0.000872358679771	0.0 
-0.001348346471786	0.0 
-0.001725286245346	0.0 
-0.001970380544662	0.0 
-0.002060830593109	0.0 
-0.001985862851143	0.0 
-0.001747876405716	0.0 
-0.001362562179565	0.0 
-0.000857889652252	0.0 
-0.000272125005722	0.0 
0.000348985195160	0.0 
0.000955834984779	0.0 
0.001498833298683	0.0 
0.001932442188263	0.0 
0.002218961715698	0.0 
0.002331748604774	0.0 
0.002257615327835	0.0 
0.001998245716095	0.0 
0.001570388674736	0.0 
0.001004815101624	0.0 
0.000344216823578	0.0 
-0.000360026955605	0.0 
-0.001051783561707	0.0 
-0.001674577593803	0.0 
-0.002176180481911	0.0 
-0.002512946724892	0.0 
-0.002653539180756	0.0 
-0.002581760287285	0.0 
-0.002298206090927	0.0 
-0.001820713281631	0.0 
-0.001183226704597	0.0 
-0.000433534383774	0.0 
0.000370293855667	0.0 
0.001164361834526	0.0 
0.001883924007416	0.0 
0.002468630671501	0.0 
0.002867519855499	0.0 
0.003043383359909	0.0 
0.002976119518280	0.0 
0.002664804458618	0.0 
0.002128273248672	0.0 
0.001404091715813	0.0 
0.000546082854271	0.0 
-0.000379711389542	0.0 
-0.001299902796745	0.0 
-0.002139568328857	0.0 
-0.002828299999237	0.0 
-0.003305897116661	0.0 
-0.003527611494064	0.0 
-0.003468185663223	0.0 
-0.003124371170998	0.0 
-0.002515897154808	0.0 
-0.001684486865997	0.0 
-0.000691160559654	0.0 
0.000388190150261	0.0 
0.001468405127525	0.0 
0.002461731433868	0.0 
0.003284782171249	0.0 
0.003865376114845	0.0 
0.004148751497269	0.0 
0.004102498292923	0.0 
0.003719836473465	0.0 
0.003021016716957	0.0 
0.002052530646324	0.0 
0.000884205102921	0.0 
-0.000395670533180	0.0 
-0.001686796545982	0.0 
-0.002884581685066	0.0 
-0.003888413310051	0.0 
-0.004609808325768	0.0 
-0.004980057477951	0.0 
-0.004956364631653	0.0 
-0.004526227712631	0.0 
-0.003709509968758	0.0 
-0.002558052539825	0.0 
-0.001152709126472	0.0 
0.000402107834816	0.0 
0.001985833048820	0.0 
0.003470823168755	0.0 
0.004732266068459	0.0 
0.005658283829689	0.0 
0.006159409880638	0.0 
0.006176650524139	0.0 
0.005687415599823	0.0 
0.004708930850029	0.0 
0.003298595547676	0.0 
0.001551076769829	0.0 
-0.000407442450523	0.0 
-0.002427846193314	0.0 
-0.004348933696747	0.0 
-0.006009474396706	0.0 
-0.007261082530022	0.0 
-0.007980436086655	0.0 
-0.008080378174782	0.0 
-0.007518500089645	0.0 
-0.006302922964096	0.0 
-0.004494309425354	0.0 
-0.002204030752182	0.0 
0.000411629676819	0.0 
0.003161042928696	0.0 
0.005829960107803	0.0 
0.008196651935577	0.0 
0.010048419237137	0.0 
0.011198416352272	0.0 
0.011501535773277	0.0 
0.010868102312088	0.0 
0.009274408221245	0.0 
0.006769120693207	0.0 
0.003474980592728	0.0 
-0.000414654612541	0.0 
-0.004644304513931	0.0 
-0.008909612894058	0.0 
-0.012874498963356	0.0 
-0.016191542148590	0.0 
-0.018523946404457	0.0 
-0.019567996263504	0.0 
-0.019074454903603	0.0 
-0.016867309808731	0.0 
-0.012858912348747	0.0 
-0.007059872150421	0.0 
0.000416472554207	0.0 
0.009356006979942	0.0 
0.019451886415482	0.0 
0.030318513512611	0.0 
0.041510671377182	0.0 
0.052546694874763	0.0 
0.062934398651123	0.0 
0.072198107838631	0.0 
0.079905152320862	0.0 
0.085690379142761	0.0 
0.089276924729347	0.0 
0.090492010116577	0.0 
0.089276924729347	0.0 
0.085690379142761	0.0 
0.079905152320862	0.0 
0.072198107838631	0.0 
0.062934398651123	0.0 
0.052546694874763	0.0 
0.041510671377182	0.0 
0.030318513512611	0.0 
0.019451886415482	0.0 
0.009356006979942	0.0 
0.000416472554207	0.0 
-0.007059872150421	0.0 
-0.012858912348747	0.0 
-0.016867309808731	0.0 
-0.019074454903603	0.0 
-0.019567996263504	0.0 
-0.018523946404457	0.0 
-0.016191542148590	0.0 
-0.012874498963356	0.0 
-0.008909612894058	0.0 
-0.004644304513931	0.0 
-0.000414654612541	0.0 
0.003474980592728	0.0 
0.006769120693207	0.0 
0.009274408221245	0.0 
0.010868102312088	0.0 
0.011501535773277	0.0 
0.011198416352272	0.0 
0.010048419237137	0.0 
0.008196651935577	0.0 
0.005829960107803	0.0 
0.003161042928696	0.0 
0.000411629676819	0.0 
-0.002204030752182	0.0 
-0.004494309425354	0.0 
-0.006302922964096	0.0 
-0.007518500089645	0.0 
-0.008080378174782	0.0 
-0.007980436086655	0.0 
-0.007261082530022	0.0 
-0.006009474396706	0.0 
-0.004348933696747	0.0 
-0.002427846193314	0.0 
-0.000407442450523	0.0 
0.001551076769829	0.0 
0.003298595547676	0.0 
0.004708930850029	0.0 
0.005687415599823	0.0 
0.006176650524139	0.0 
0.006159409880638	0.0 
0.005658283829689	0.0 
0.004732266068459	0.0 
0.003470823168755	0.0 
0.001985833048820	0.0 
0.000402107834816	0.0 
-0.001152709126472	0.0 
-0.002558052539825	0.0 
-0.003709509968758	0.0 
-0.004526227712631	0.0 
-0.004956364631653	0.0 
-0.004980057477951	0.0 
-0.004609808325768	0.0 
-0.003888413310051	0.0 
-0.002884581685066	0.0 
-0.001686796545982	0.0 
-0.000395670533180	0.0 
0.000884205102921	0.0 
0.002052530646324	0.0 
0.003021016716957	0.0 
0.003719836473465	0.0 
0.004102498292923	0.0 
0.004148751497269	0.0 
0.003865376114845	0.0 
0.003284782171249	0.0 
0.002461731433868	0.0 
0.001468405127525	0.0 
0.000388190150261	0.0 
-0.000691160559654	0.0 
-0.001684486865997	0.0 
-0.002515897154808	0.0 
-0.003124371170998	0.0 
-0.003468185663223	0.0 
-0.003527611494064	0.0 
-0.003305897116661	0.0 
-0.002828299999237	0.0 
-0.002139568328857	0.0 
-0.001299902796745	0.0 
-0.000379711389542	0.0 
0.000546082854271	0.0 
0.001404091715813	0.0 
0.002128273248672	0.0 
0.002664804458618	0.0 
0.002976119518280	0.0 
0.003043383359909	0.0 
0.002867519855499	0.0 
0.002468630671501	0.0 
0.001883924007416	0.0 
0.001164361834526	0.0 
0.000370293855667	0.0 
-0.000433534383774	0.0 
-0.001183226704597	0.0 
-0.001820713281631	0.0 
-0.002298206090927	0.0 
-0.002581760287285	0.0 
-0.002653539180756	0.0 
-0.002512946724892	0.0 
-0.002176180481911	0.0 
-0.001674577593803	0.0 
-0.001051783561707	0.0 
-0.000360026955605	0.0 
0.000344216823578	0.0 
0.001004815101624	0.0 
0.001570388674736	0.0 
0.001998245716095	0.0 
0.002257615327835	0.0 
0.002331748604774	0.0 
0.002218961715698	0.0 
0.001932442188263	0.0 
0.001498833298683	0.0 
0.000955834984779	0.0 
0.000348985195160	0.0 
-0.000272125005722	0.0 
-0.000857889652252	0.0 
-0.001362562179565	0.0 
-0.001747876405716	0.0 
-0.001985862851143	0.0 
-0.002060830593109	0.0 
-0.001970380544662	0.0 
-0.001725286245346	0.0 
-0.001348346471786	0.0 
-0.000872358679771	0.0 
-0.000337228178978	0.0 
0.000213265419006	0.0 
0.000735044479370	0.0 
0.001187309622765	0.0 
0.001535579562187	0.0 
0.001754403114319	0.0 
0.001829117536545	0.0 
0.001756846904755	0.0 
0.001546412706375	0.0 
0.001217424869537	0.0 
0.000798508524895	0.0 
0.000324845314026	0.0 
-0.000164791941643	0.0 
-0.000631153583527	0.0 
-0.001037672162056	0.0 
-0.001353263854980	0.0 
-0.001554727554321	0.0 
-0.001628398895264	0.0 
-0.001571059226990	0.0 
-0.001389950513840	0.0 
-0.001102015376091	0.0 
-0.000732332468033	0.0 
-0.000311940908432	0.0 
0.000124678015709	0.0 
0.000542491674423	0.0 
0.000908657908440	0.0 
0.001195132732391	0.0 
0.001380726695061	0.0 
0.001452744007111	0.0 
0.001407757401466	0.0 
0.001251697540283	0.0 
0.000999227166176	0.0 
0.000672355294228	0.0 
0.000298589468002	0.0 
-0.000091403722763	0.0 
-0.000466302037239	0.0 
-0.000796571373940	0.0 
-0.001056849956512	0.0 
-0.001227855682373	0.0 
-0.001297742128372	0.0 
-0.001263007521629	0.0 
-0.001128494739532	0.0 
-0.000906884670258	0.0 
-0.000617563724518	0.0 
-0.000284895300865	0.0 
0.000063806772232	0.0 
0.000400483608246	0.0 
0.000698596239090	0.0 
0.000935181975365	0.0 
0.001092657446861	0.0 
0.001160070300102	0.0 
0.001133859157562	0.0 
0.001017957925797	0.0 
0.000823378562927	0.0 
0.000567167997360	0.0 
0.000270918011665	0.0 
-0.000040978193283	0.0 
-0.000343427062035	0.0 
-0.000612542033195	0.0 
-0.000827565789223	0.0 
-0.000972494482994	0.0 
-0.001037150621414	0.0 
-0.001018017530441	0.0 
-0.000918284058571	0.0 
-0.000747457146645	0.0 
-0.000520572066307	0.0 
-0.000256776809692	0.0 
0.000022187829018	0.0 
0.000293835997581	0.0 
0.000536710023880	0.0 
0.000732049345970	0.0 
0.000865250825882	0.0 
0.000926956534386	0.0 
0.000913694500923	0.0 
0.000827997922897	0.0 
0.000678151845932	0.0 
0.000477328896523	0.0 
0.000242546200752	0.0 
-0.000006839632988	0.0 
-0.000250682234764	0.0 
-0.000469729304314	0.0 
-0.000647008419037	0.0 
-0.000769257545471	0.0 
-0.000827863812447	0.0 
-0.000819444656372	0.0 
-0.000745996832848	0.0 
-0.000614672899246	0.0 
-0.000437095761299	0.0 
-0.000228315591812	0.0 
-0.000005573034286	0.0 
0.000213116407394	0.0 
0.000410452485085	0.0 
0.000571146607399	0.0 
0.000683158636093	0.0 
0.000738576054573	0.0 
0.000734105706215	0.0 
0.000671327114105	0.0 
0.000556424260139	0.0 
0.000399589538574	0.0 
0.000214159488678	0.0 
0.000015467405319	0.0 
-0.000180423259735	0.0 
-0.000357955694199	0.0 
-0.000503405928612	0.0 
-0.000605836510658	0.0 
-0.000657975673676	0.0 
-0.000656723976135	0.0 
-0.000603258609772	0.0 
-0.000502899289131	0.0 
-0.000364601612091	0.0 
-0.000200167298317	0.0 
-0.000023186206818	0.0 
0.000151991844177	0.0 
0.000311464071274	0.0 
0.000442862510681	0.0 
0.000536307692528	0.0 
0.000585183501244	0.0 
0.000586479902267	0.0 
0.000541120767593	0.0 
0.000453665852547	0.0 
0.000331953167915	0.0 
0.000186383724213	0.0 
0.000029042363167	0.0 
-0.000127330422401	0.0 
-0.000270292162895	0.0 
-0.000388756394386	0.0 
-0.000473812222481	0.0 
-0.000519394874573	0.0 
-0.000522717833519	0.0 
-0.000484406948090	0.0 
-0.000408381223679	0.0 
-0.000301495194435	0.0 
-0.000172898173332	0.0 
-0.000033304095268	0.0 
0.000105991959572	0.0 
0.000233873724937	0.0 
0.000340431928635	0.0 
0.000417634844780	0.0 
0.000459983944893	0.0 
0.000464856624603	0.0 
0.000432655215263	0.0 
0.000366747379303	0.0 
0.000273108482361	0.0 
0.000159785151482	0.0 
0.000036194920540	0.0 
-0.000087574124336	0.0 
-0.000201702117920	0.0 
-0.000297307968140	0.0 
-0.000367179512978	0.0 
-0.000406354665756	0.0 
-0.000412359833717	0.0 
-0.000385448336601	0.0 
-0.000328496098518	0.0 
-0.000246688723564	0.0 
-0.000147059559822	0.0 
-0.000037953257561	0.0 
0.000071749091148	0.0 
0.000173330307007	0.0 
0.000258862972260	0.0 
0.000321924686432	0.0 
0.000357985496521	0.0 
0.000364795327187	0.0 
0.000342458486557	0.0 
0.000293403863907	0.0 
0.000222116708755	0.0 
0.000134810805321	0.0 
0.000038743019104	0.0 
-0.000058233737946	0.0 
-0.000148370862007	0.0 
-0.000224679708481	0.0 
-0.000281393527985	0.0 
-0.000314444303513	0.0 
-0.000321760773659	0.0 
-0.000303342938423	0.0 
-0.000261247158051	0.0 
-0.000199347734451	0.0 
-0.000123038887978	0.0 
-0.000038728117943	0.0 
0.000046715140343	0.0 
0.000126466155052	0.0 
0.000194311141968	0.0 
0.000245139002800	0.0 
0.000275313854218	0.0 
0.000282898545265	0.0 
0.000267833471298	0.0 
0.000231832265854	0.0 
0.000178277492523	0.0 
0.000111818313599	0.0 
0.000038057565689	0.0 
-0.000036984682083	0.0 
-0.000107303261757	0.0 
-0.000167429447174	0.0 
-0.000212818384171	0.0 
-0.000240206718445	0.0 
-0.000247865915298	0.0 
-0.000235646963120	0.0 
-0.000205010175705	0.0 
-0.000158831477165	0.0 
-0.000101163983345	0.0 
-0.000036850571632	0.0 
0.000028818845749	0.0 
0.000090599060059	0.0 
0.000143676996231	0.0 
0.000184044241905	0.0 
0.000208795070648	0.0 
0.000216364860535	0.0 
0.000206559896469	0.0 
0.000180602073669	0.0 
0.000140950083733	0.0 
0.000091090798378	0.0 
0.000035241246223	0.0 
-0.000022009015083	0.0 
-0.000076085329056	0.0 
-0.000122755765915	0.0 
-0.000158503651619	0.0 
-0.000180765986443	0.0 
-0.000188112258911	0.0 
-0.000180348753929	0.0 
-0.000158444046974	0.0 
-0.000124543905258	0.0 
-0.000081613659859	0.0 
-0.000033304095268	0.0 
0.000016406178474	0.0 
0.000063523650169	0.0 
0.000104397535324	0.0 
0.000135913491249	0.0 
0.000155821442604	0.0 
0.000162854790688	0.0 
0.000156775116920	0.0 
0.000138401985168	0.0 
0.000109538435936	0.0 
0.000072747468948	0.0 
0.000031143426895	0.0 
-0.000011831521988	0.0 
-0.000052720308304	0.0 
-0.000088334083557	0.0 
-0.000115990638733	0.0 
-0.000133708119392	0.0 
-0.000140339136124	0.0 
-0.000135645270348	0.0 
-0.000120326876640	0.0 
-0.000095874071121	0.0 
-0.000064492225647	0.0 
-0.000028833746910	0.0 
0.000008136034012	0.0 
0.000043451786041	0.0 
0.000074341893196	0.0 
0.000098481774330	0.0 
0.000114142894745	0.0 
0.000120326876640	0.0 
0.000116780400276	0.0 
0.000104084610939	0.0 
0.000083476305008	0.0 
0.000056833028793	0.0 
0.000026434659958	0.0 
-0.000005215406418	0.0 
-0.000035539269447	0.0 
-0.000062197446823	0.0 
-0.000083163380623	0.0 
-0.000096932053566	0.0 
-0.000102609395981	0.0 
-0.000100001692772	0.0 
-0.000089541077614	0.0 
-0.000072285532951	0.0 
-0.000049784779549	0.0 
-0.000024005770683	0.0 
0.000002935528755	0.0 
0.000028848648071	0.0 
0.000051707029343	0.0 
0.000069797039032	0.0 
0.000081822276115	0.0 
0.000087007880211	0.0 
0.000085130333900	0.0 
0.000076577067375	0.0 
0.000062197446823	0.0 
0.000043332576752	0.0 
0.000021591782570	0.0 
-0.000001192092896	0.0 
-0.000023201107979	0.0 
-0.000042691826820	0.0 
-0.000058203935623	0.0 
-0.000068619847298	0.0 
-0.000073283910751	0.0 
-0.000072002410889	0.0 
-0.000065058469772	0.0 
-0.000053167343140	0.0 
-0.000037431716919	0.0 
-0.000019237399101	0.0 
-0.000000074505806	0.0 
0.000018477439880	0.0 
0.000034973025322	0.0 
0.000048190355301	0.0 
0.000057145953178	0.0 
0.000061303377151	0.0 
0.000060468912125	0.0 
0.000054866075516	0.0 
0.000045105814934	0.0 
0.000032097101212	0.0 
0.000016957521439	0.0 
0.000000983476639	0.0 
-0.000014558434486	0.0 
-0.000028416514397	0.0 
-0.000039577484131	0.0 
-0.000047221779823	0.0 
-0.000050872564316	0.0 
-0.000050380825996	0.0 
-0.000045910477638	0.0 
-0.000037968158722	0.0 
-0.000027269124985	0.0 
-0.000014796853065	0.0 
-0.000001564621925	0.0 
0.000011324882507	0.0 
0.000022873282433	0.0 
0.000032216310501	0.0 
0.000038683414459	0.0 
0.000041857361794	0.0 
0.000041604042053	0.0 
0.000038072466850	0.0 
0.000031650066376	0.0 
0.000022962689400	0.0 
0.000012755393982	0.0 
0.000001922249794	0.0 
-0.000008687376976	0.0 
-0.000018209218979	0.0 
-0.000025957822800	0.0 
-0.000031366944313	0.0 
-0.000034078955650	0.0 
-0.000034004449844	0.0 
-0.000031247735023	0.0 
-0.000026121735573	0.0 
-0.000019118189812	0.0 
-0.000010862946510	0.0 
-0.000002071261406	0.0 
0.000006556510925	0.0 
0.000014334917068	0.0 
0.000020682811737	0.0 
0.000025138258934	0.0 
0.000027433037758	0.0 
0.000027477741241	0.0 
0.000025346875191	0.0 
0.000021293759346	0.0 
0.000015720725060	0.0 
0.000009119510651	0.0 
0.000002071261406	0.0 
-0.000004857778549	0.0 
-0.000011116266251	0.0 
-0.000016242265701	0.0 
-0.000019878149033	0.0 
-0.000021800398827	0.0 
-0.000021904706955	0.0 
-0.000020280480385	0.0 
-0.000017121434212	0.0 
-0.000012740492821	0.0 
-0.000007539987564	0.0 
-0.000001966953278	0.0 
0.000003516674042	0.0 
0.000008493661880	0.0 
0.000012561678886	0.0 
0.000015482306480	0.0 
0.000017032027245	0.0 
0.000017181038857	0.0 
0.000015959143639	0.0 
0.000013530254364	0.0 
0.000010147690773	0.0 
0.000006109476089	0.0 
0.000001788139343	0.0 
-0.000002473592758	0.0 
-0.000006347894669	0.0 
-0.000009536743164	0.0 
-0.000011816620827	0.0 
-0.000013053417206	0.0 
-0.000013202428818	0.0 
-0.000012308359146	0.0 
-0.000010475516319	0.0 
-0.000007912516594	0.0 
-0.000004842877388	0.0 
-0.000001549720764	0.0 
0.000001698732376	0.0 
0.000004634261131	0.0 
0.000007063150406	0.0 
0.000008806586266	0.0 
0.000009775161743	0.0 
0.000009909272194	0.0 
0.000009253621101	0.0 
0.000007897615433	0.0 
0.000006005167961	0.0 
0.000003740191460	0.0 
0.000001296401024	0.0 
-0.000001102685928	0.0 
-0.000003293156624	0.0 
-0.000005081295967	0.0 
-0.000006377696991	0.0 
-0.000007092952728	0.0 
-0.000007197260857	0.0 
-0.000006735324860	0.0 
-0.000005766749382	0.0 
-0.000004410743713	0.0 
-0.000002771615982	0.0 
-0.000001028180122	0.0 
0.000000685453415	0.0 
0.000002235174179	0.0 
0.000003516674042	0.0 
0.000004425644875	0.0 
0.000004932284355	0.0 
0.000005021691322	0.0 
0.000004693865776	0.0 
0.000004023313522	0.0 
0.000003084540367	0.0 
0.000001966953278	0.0 
0.000000774860382	0.0 
-0.000000387430191	0.0 
-0.000001445412636	0.0 
-0.000002309679985	0.0 
-0.000002920627594	0.0 
-0.000003248453140	0.0 
-0.000003293156624	0.0 
-0.000003084540367	0.0 
-0.000002637505531	0.0 
-0.000002026557922	0.0 
-0.000001311302185	0.0 
-0.000000536441803	0.0 
0.000000208616257	0.0 
0.000000864267349	0.0 
0.000001400709152	0.0 
0.000001773238182	0.0 
0.000001966953278	0.0 
0.000001996755600	0.0 
0.000001847743988	0.0 
0.000001579523087	0.0 
0.000001206994057	0.0 
0.000000774860382	0.0 
0.000000327825546	0.0 
-0.000000089406967	0.0 
-0.000000461935997	0.0 
-0.000000745058060	0.0 
-0.000000953674316	0.0 
-0.000001043081284	0.0 
-0.000001043081284	0.0 
-0.000000953674316	0.0 
-0.000000804662704	0.0 
-0.000000610947609	0.0 
-0.000000387430191	0.0 
-0.000000178813934	0.0 
0.000000029802322	0.0 
0.000000193715096	0.0 
0.000000327825546	0.0 
0.000000402331352	0.0 
0.000000432133675	0.0 
0.000000417232513	0.0 
0.000000372529030	0.0 
0.000000298023224	0.0 
0.000000223517418	0.0 
0.000000134110451	0.0 
0.000000059604645	0.0 
0.000000000000000	0.0 
-0.000000059604645	0.0 
-0.000000089406967	0.0 
-0.000000089406967	0.0 
-0.000000089406967	0.0 
-0.000000089406967	0.0 
-0.000000059604645	0.0 
-0.000000044703484	0.0 
-0.000000029802322	0.0 
-0.000000014901161	0.0 
0.000000000000000	0.0 
0.000000000000000	0.0 
0.000000000000000	0.0 
0.000000000000000	0.0 
0.000000000000000	0.0 
0 
