# SWA-D24-3D06 Guralp FIR  filter parameter file 
theoretical  1  anti_alias   fir    coef_conv 
1000 2 250
501 
-6.3763564900474834e-009	0.0 
1.7191197268278226e-008	0.0 
1.4934819703039686e-007	0.0 
3.8282933054550907e-007	0.0 
4.9992159747133187e-007	0.0 
2.6803919412736146e-007	0.0 
-1.5793988778614074e-007	0.0 
-2.8337947817371825e-007	0.0 
4.7831354725511685e-008	0.0 
3.0762934839853416e-007	0.0 
3.4806795451893519e-008	0.0 
-3.4546043368147359e-007	0.0 
-1.3415874185246176e-007	0.0 
3.8083486060115474e-007	0.0 
2.6322554436466176e-007	0.0 
-3.9757859688060947e-007	0.0 
-4.2438735872443901e-007	0.0 
3.8061715796958309e-007	0.0 
6.1463567283039206e-007	0.0 
-3.1554789587217773e-007	0.0 
-8.2677313450658121e-007	0.0 
1.8861847945890677e-007	0.0 
1.0494424700711459e-006	0.0 
1.2719868776200399e-008	0.0 
-1.2670088138340909e-006	0.0 
-2.9899236190513988e-007	0.0 
1.4594623826382972e-006	0.0 
6.7757215001525767e-007	0.0 
-1.6025694208226762e-006	0.0 
-1.1514323415090662e-006	0.0 
1.6683593959964260e-006	0.0 
1.7178810144008192e-006	0.0 
-1.6258470702731468e-006	0.0 
-2.3672460731371293e-006	0.0 
1.4421934920356828e-006	0.0 
3.0816831547878496e-006	0.0 
-1.0842625176581999e-006	0.0 
-3.8342688302210177e-006	0.0 
5.2040321533821543e-007	0.0 
4.5882537989141994e-006	0.0 
2.7733492315930967e-007	0.0 
-5.2967096733791009e-006	0.0 
-1.3306129562767803e-006	0.0 
5.9028482122816423e-006	0.0 
2.6522830716395223e-006	0.0 
-6.3405533417496953e-006	0.0 
-4.2432815060901973e-006	0.0 
6.5361648455633053e-006	0.0 
6.0902653853384177e-006	0.0 
-6.4101613727800150e-006	0.0 
-8.1626063610296268e-006	0.0 
5.8803623370111068e-006	0.0 
1.0410473604688812e-005	0.0 
-4.8650947630540500e-006	0.0 
-1.2762699092173202e-005	0.0 
3.2876530931186052e-006	0.0 
1.5125729207505392e-005	0.0 
-1.0812161833303594e-006	0.0 
-1.7383578497550203e-005	0.0 
-1.8061381836031873e-006	0.0 
1.9398253817267246e-005	0.0 
5.4055083400995631e-006	0.0 
-2.1011898874718215e-005	0.0 
-9.7216097527522949e-006	0.0 
2.2049817552209557e-005	0.0 
1.4727025373710995e-005	0.0 
-2.2325042865969272e-005	0.0 
-2.0356878970598596e-005	0.0 
2.1644446624830535e-005	0.0 
2.6504501723379564e-005	0.0 
-1.9815857274716502e-005	0.0 
-3.3017838610110593e-005	0.0 
1.6656520186951702e-005	0.0 
3.9697015335044801e-005	0.0 
-1.2003026617725412e-005	0.0 
-4.6293944479067043e-005	0.0 
5.7218502709988590e-006	0.0 
5.2513828063907913e-005	0.0 
2.2797645247617192e-006	0.0 
-5.8018439714782237e-005	0.0 
-1.2042272418861462e-005	0.0 
6.2432061593344860e-005	0.0 
2.3542515520456272e-005	0.0 
-6.5350231112001948e-005	0.0 
-3.6683604079363816e-005	0.0 
6.6350551451667248e-005	0.0 
5.1285725566007498e-005	0.0 
-6.5005986380664273e-005	0.0 
-6.7078337973394954e-005	0.0 
6.0901223679973115e-005	0.0 
8.3695600510951259e-005	0.0 
-5.3650220693485381e-005	0.0 
-1.0067394845718584e-004	0.0 
4.2915896952859166e-005	0.0 
1.1745314173071992e-004	0.0 
-2.8431333312111001e-005	0.0 
-1.3338187430128183e-004	0.0 
1.0020436728801076e-005	0.0 
1.4772616254583835e-004	0.0 
1.2379929026178975e-005	0.0 
-1.5968388040693644e-004	0.0 
-3.8700460927946173e-005	0.0 
1.6840230789328016e-004	0.0 
6.8720470387814575e-005	0.0 
-1.7300127465306374e-004	0.0 
-1.0205262183162259e-004	0.0 
1.7259983313615228e-004	0.0 
1.3813078831388653e-004	0.0 
-1.6634726739585834e-004	0.0 
-1.7620285595191786e-004	0.0 
1.5345721585731086e-004	0.0 
2.1532898110899855e-004	0.0 
-1.3324426318560615e-004	0.0 
-2.5438603723117691e-004	0.0 
1.0516217189535462e-004	0.0 
2.9207905986461082e-004	0.0 
-6.8842466386032539e-005	0.0 
-3.2696003357003765e-004	0.0 
2.4132191467696202e-005	0.0 
3.5745433122465734e-004	0.0 
2.8870502007744967e-005	0.0 
-3.8189497014989100e-004	0.0 
-8.9784583077748200e-005	0.0 
3.9856430789392500e-004	0.0 
1.5791958267450629e-004	0.0 
-4.0574269781744039e-004	0.0 
-2.3225566006518256e-004	0.0 
4.0176348641675716e-004	0.0 
3.1143191278673436e-004	0.0 
-3.8507312650875843e-004	0.0 
-3.9374413524891289e-004	0.0 
3.5429512751727194e-004	0.0 
4.7715317384659480e-004	0.0 
-3.0829640171881821e-004	0.0 
-5.5930531613969804e-004	0.0 
2.4625303744819709e-004	0.0 
6.3756325696167737e-004	0.0 
-1.6771711909567189e-004	0.0 
-7.0905394858873660e-004	0.0 
7.2673204769842589e-005	0.0 
7.7071997073472752e-004	0.0 
3.8399565410607077e-005	0.0 
-8.1939759765092509e-004	0.0 
-1.6449070316077480e-004	0.0 
8.5188824916218511e-004	0.0 
3.0401516587161140e-004	0.0 
-8.6505470057338032e-004	0.0 
-4.5479381057837227e-004	0.0 
8.5591991055538556e-004	0.0 
6.1404797699996633e-004	0.0 
-8.2176927360481163e-004	0.0 
-7.7840633354003699e-004	0.0 
7.6026055451296507e-004	0.0 
9.4393180886541449e-004	0.0 
-6.6953488663274103e-004	0.0 
-1.1061690426565421e-003	0.0 
5.4832389368075253e-004	0.0 
1.2602103178794403e-003	0.0 
-3.9605123170540786e-004	0.0 
-1.4007798817298343e-003	0.0 
2.1292634748970821e-004	0.0 
1.5223373201756385e-003	0.0 
-2.6434763381435042e-008	0.0 
-1.6191988964077118e-003	0.0 
-2.4063718583042427e-004	0.0 
1.6856746687803838e-003	0.0 
5.0607126067423120e-004	0.0 
-1.7162189245245681e-003	0.0 
-7.9227409693992347e-004	0.0 
1.7055909330946019e-003	0.0 
1.0942325400597926e-003	0.0 
-1.6490227947368165e-003	0.0 
-1.4059442873054495e-003	0.0 
1.5423908460359369e-003	0.0 
1.7204671848033732e-003	0.0 
-1.3823862590774544e-003	0.0 
-2.0299960664312555e-003	0.0 
1.1666804608508738e-003	0.0 
2.3259668587428174e-003	0.0 
-8.9408141363865883e-004	0.0 
-2.5991878644028819e-003	0.0 
5.6467545405892018e-004	0.0 
2.8399955980752799e-003	0.0 
-1.7995162979710262e-004	0.0 
-3.0384340239680259e-003	0.0 
-2.5709650681370576e-004	0.0 
3.1844530723862904e-003	0.0 
7.4189415616937170e-004	0.0 
-3.2681234487150386e-003	0.0 
-1.2682370010022961e-003	0.0 
3.2798630079830804e-003	0.0 
1.8282734636811215e-003	0.0 
-3.2106694873748442e-003	0.0 
-2.4125181738706529e-003	0.0 
3.0523549118722112e-003	0.0 
3.0098976641358558e-003	0.0 
-2.7977749357737058e-003	0.0 
-3.6078260781199816e-003	0.0 
2.4410484193457247e-003	0.0 
4.1923094501121055e-003	0.0 
-1.9777608037618169e-003	0.0 
-4.7480744741396569e-003	0.0 
1.4051455247219332e-003	0.0 
5.2587160526958764e-003	0.0 
-7.2223817173362465e-004	0.0 
-5.7068561637963998e-003	0.0 
-7.0001663605132660e-005	0.0 
6.0743039265389554e-003	0.0 
9.6860484173892333e-004	0.0 
-6.3422043019080989e-003	0.0 
-1.9685468726036394e-003	0.0 
6.4911593796634524e-003	0.0 
3.0627452023347934e-003	0.0 
-6.5013000426656043e-003	0.0 
-4.2421011848659297e-003	0.0 
6.3522785125869619e-003	0.0 
5.4955864683267951e-003	0.0 
-6.0231427109706422e-003	0.0 
-6.8103738369408983e-003	0.0 
5.4920356055717526e-003	0.0 
8.1720119357300836e-003	0.0 
-4.7356336019452059e-003	0.0 
-9.5646400919505974e-003	0.0 
3.7281938914639104e-003	0.0 
1.0971238453598025e-002	0.0 
-2.4400039506204028e-003	0.0 
-1.2373911641696218e-002	0.0 
8.3488068393671832e-004	0.0 
1.3754198221026765e-002	0.0 
1.1338914059410340e-003	0.0 
-1.5093397948902467e-002	0.0 
-3.5303001363024057e-003	0.0 
1.6372915457182013e-002	0.0 
6.4472022358822547e-003	0.0 
-1.7574604998403558e-002	0.0 
-1.0027252530017960e-002	0.0 
1.8681116317268098e-002	0.0 
1.4503172876572962e-002	0.0 
-1.9676227734759591e-002	0.0 
-2.0281900180329052e-002	0.0 
2.0545162712390715e-002	0.0 
2.8140796068501995e-002	0.0 
-2.1274880502106734e-002	0.0 
-3.9759940062507604e-002	0.0 
2.1854335032589239e-002	0.0 
5.9531414899750681e-002	0.0 
-2.2274695605610982e-002	0.0 
-1.0360469215687799e-001	0.0 
2.2529524146241743e-002	0.0 
3.1747304842032414e-001	0.0 
4.7738403809541324e-001	0.0 
3.1747304842032414e-001	0.0 
2.2529524146241743e-002	0.0 
-1.0360469215687799e-001	0.0 
-2.2274695605610982e-002	0.0 
5.9531414899750681e-002	0.0 
2.1854335032589239e-002	0.0 
-3.9759940062507604e-002	0.0 
-2.1274880502106734e-002	0.0 
2.8140796068501995e-002	0.0 
2.0545162712390715e-002	0.0 
-2.0281900180329052e-002	0.0 
-1.9676227734759591e-002	0.0 
1.4503172876572962e-002	0.0 
1.8681116317268098e-002	0.0 
-1.0027252530017960e-002	0.0 
-1.7574604998403558e-002	0.0 
6.4472022358822547e-003	0.0 
1.6372915457182013e-002	0.0 
-3.5303001363024057e-003	0.0 
-1.5093397948902467e-002	0.0 
1.1338914059410340e-003	0.0 
1.3754198221026765e-002	0.0 
8.3488068393671832e-004	0.0 
-1.2373911641696218e-002	0.0 
-2.4400039506204028e-003	0.0 
1.0971238453598025e-002	0.0 
3.7281938914639104e-003	0.0 
-9.5646400919505974e-003	0.0 
-4.7356336019452059e-003	0.0 
8.1720119357300836e-003	0.0 
5.4920356055717526e-003	0.0 
-6.8103738369408983e-003	0.0 
-6.0231427109706422e-003	0.0 
5.4955864683267951e-003	0.0 
6.3522785125869619e-003	0.0 
-4.2421011848659297e-003	0.0 
-6.5013000426656043e-003	0.0 
3.0627452023347934e-003	0.0 
6.4911593796634524e-003	0.0 
-1.9685468726036394e-003	0.0 
-6.3422043019080989e-003	0.0 
9.6860484173892333e-004	0.0 
6.0743039265389554e-003	0.0 
-7.0001663605132660e-005	0.0 
-5.7068561637963998e-003	0.0 
-7.2223817173362465e-004	0.0 
5.2587160526958764e-003	0.0 
1.4051455247219332e-003	0.0 
-4.7480744741396569e-003	0.0 
-1.9777608037618169e-003	0.0 
4.1923094501121055e-003	0.0 
2.4410484193457247e-003	0.0 
-3.6078260781199816e-003	0.0 
-2.7977749357737058e-003	0.0 
3.0098976641358558e-003	0.0 
3.0523549118722112e-003	0.0 
-2.4125181738706529e-003	0.0 
-3.2106694873748442e-003	0.0 
1.8282734636811215e-003	0.0 
3.2798630079830804e-003	0.0 
-1.2682370010022961e-003	0.0 
-3.2681234487150386e-003	0.0 
7.4189415616937170e-004	0.0 
3.1844530723862904e-003	0.0 
-2.5709650681370576e-004	0.0 
-3.0384340239680259e-003	0.0 
-1.7995162979710262e-004	0.0 
2.8399955980752799e-003	0.0 
5.6467545405892018e-004	0.0 
-2.5991878644028819e-003	0.0 
-8.9408141363865883e-004	0.0 
2.3259668587428174e-003	0.0 
1.1666804608508738e-003	0.0 
-2.0299960664312555e-003	0.0 
-1.3823862590774544e-003	0.0 
1.7204671848033732e-003	0.0 
1.5423908460359369e-003	0.0 
-1.4059442873054495e-003	0.0 
-1.6490227947368165e-003	0.0 
1.0942325400597926e-003	0.0 
1.7055909330946019e-003	0.0 
-7.9227409693992347e-004	0.0 
-1.7162189245245681e-003	0.0 
5.0607126067423120e-004	0.0 
1.6856746687803838e-003	0.0 
-2.4063718583042427e-004	0.0 
-1.6191988964077118e-003	0.0 
-2.6434763381435042e-008	0.0 
1.5223373201756385e-003	0.0 
2.1292634748970821e-004	0.0 
-1.4007798817298343e-003	0.0 
-3.9605123170540786e-004	0.0 
1.2602103178794403e-003	0.0 
5.4832389368075253e-004	0.0 
-1.1061690426565421e-003	0.0 
-6.6953488663274103e-004	0.0 
9.4393180886541449e-004	0.0 
7.6026055451296507e-004	0.0 
-7.7840633354003699e-004	0.0 
-8.2176927360481163e-004	0.0 
6.1404797699996633e-004	0.0 
8.5591991055538556e-004	0.0 
-4.5479381057837227e-004	0.0 
-8.6505470057338032e-004	0.0 
3.0401516587161140e-004	0.0 
8.5188824916218511e-004	0.0 
-1.6449070316077480e-004	0.0 
-8.1939759765092509e-004	0.0 
3.8399565410607077e-005	0.0 
7.7071997073472752e-004	0.0 
7.2673204769842589e-005	0.0 
-7.0905394858873660e-004	0.0 
-1.6771711909567189e-004	0.0 
6.3756325696167737e-004	0.0 
2.4625303744819709e-004	0.0 
-5.5930531613969804e-004	0.0 
-3.0829640171881821e-004	0.0 
4.7715317384659480e-004	0.0 
3.5429512751727194e-004	0.0 
-3.9374413524891289e-004	0.0 
-3.8507312650875843e-004	0.0 
3.1143191278673436e-004	0.0 
4.0176348641675716e-004	0.0 
-2.3225566006518256e-004	0.0 
-4.0574269781744039e-004	0.0 
1.5791958267450629e-004	0.0 
3.9856430789392500e-004	0.0 
-8.9784583077748200e-005	0.0 
-3.8189497014989100e-004	0.0 
2.8870502007744967e-005	0.0 
3.5745433122465734e-004	0.0 
2.4132191467696202e-005	0.0 
-3.2696003357003765e-004	0.0 
-6.8842466386032539e-005	0.0 
2.9207905986461082e-004	0.0 
1.0516217189535462e-004	0.0 
-2.5438603723117691e-004	0.0 
-1.3324426318560615e-004	0.0 
2.1532898110899855e-004	0.0 
1.5345721585731086e-004	0.0 
-1.7620285595191786e-004	0.0 
-1.6634726739585834e-004	0.0 
1.3813078831388653e-004	0.0 
1.7259983313615228e-004	0.0 
-1.0205262183162259e-004	0.0 
-1.7300127465306374e-004	0.0 
6.8720470387814575e-005	0.0 
1.6840230789328016e-004	0.0 
-3.8700460927946173e-005	0.0 
-1.5968388040693644e-004	0.0 
1.2379929026178975e-005	0.0 
1.4772616254583835e-004	0.0 
1.0020436728801076e-005	0.0 
-1.3338187430128183e-004	0.0 
-2.8431333312111001e-005	0.0 
1.1745314173071992e-004	0.0 
4.2915896952859166e-005	0.0 
-1.0067394845718584e-004	0.0 
-5.3650220693485381e-005	0.0 
8.3695600510951259e-005	0.0 
6.0901223679973115e-005	0.0 
-6.7078337973394954e-005	0.0 
-6.5005986380664273e-005	0.0 
5.1285725566007498e-005	0.0 
6.6350551451667248e-005	0.0 
-3.6683604079363816e-005	0.0 
-6.5350231112001948e-005	0.0 
2.3542515520456272e-005	0.0 
6.2432061593344860e-005	0.0 
-1.2042272418861462e-005	0.0 
-5.8018439714782237e-005	0.0 
2.2797645247617192e-006	0.0 
5.2513828063907913e-005	0.0 
5.7218502709988590e-006	0.0 
-4.6293944479067043e-005	0.0 
-1.2003026617725412e-005	0.0 
3.9697015335044801e-005	0.0 
1.6656520186951702e-005	0.0 
-3.3017838610110593e-005	0.0 
-1.9815857274716502e-005	0.0 
2.6504501723379564e-005	0.0 
2.1644446624830535e-005	0.0 
-2.0356878970598596e-005	0.0 
-2.2325042865969272e-005	0.0 
1.4727025373710995e-005	0.0 
2.2049817552209557e-005	0.0 
-9.7216097527522949e-006	0.0 
-2.1011898874718215e-005	0.0 
5.4055083400995631e-006	0.0 
1.9398253817267246e-005	0.0 
-1.8061381836031873e-006	0.0 
-1.7383578497550203e-005	0.0 
-1.0812161833303594e-006	0.0 
1.5125729207505392e-005	0.0 
3.2876530931186052e-006	0.0 
-1.2762699092173202e-005	0.0 
-4.8650947630540500e-006	0.0 
1.0410473604688812e-005	0.0 
5.8803623370111068e-006	0.0 
-8.1626063610296268e-006	0.0 
-6.4101613727800150e-006	0.0 
6.0902653853384177e-006	0.0 
6.5361648455633053e-006	0.0 
-4.2432815060901973e-006	0.0 
-6.3405533417496953e-006	0.0 
2.6522830716395223e-006	0.0 
5.9028482122816423e-006	0.0 
-1.3306129562767803e-006	0.0 
-5.2967096733791009e-006	0.0 
2.7733492315930967e-007	0.0 
4.5882537989141994e-006	0.0 
5.2040321533821543e-007	0.0 
-3.8342688302210177e-006	0.0 
-1.0842625176581999e-006	0.0 
3.0816831547878496e-006	0.0 
1.4421934920356828e-006	0.0 
-2.3672460731371293e-006	0.0 
-1.6258470702731468e-006	0.0 
1.7178810144008192e-006	0.0 
1.6683593959964260e-006	0.0 
-1.1514323415090662e-006	0.0 
-1.6025694208226762e-006	0.0 
6.7757215001525767e-007	0.0 
1.4594623826382972e-006	0.0 
-2.9899236190513988e-007	0.0 
-1.2670088138340909e-006	0.0 
1.2719868776200399e-008	0.0 
1.0494424700711459e-006	0.0 
1.8861847945890677e-007	0.0 
-8.2677313450658121e-007	0.0 
-3.1554789587217773e-007	0.0 
6.1463567283039206e-007	0.0 
3.8061715796958309e-007	0.0 
-4.2438735872443901e-007	0.0 
-3.9757859688060947e-007	0.0 
2.6322554436466176e-007	0.0 
3.8083486060115474e-007	0.0 
-1.3415874185246176e-007	0.0 
-3.4546043368147359e-007	0.0 
3.4806795451893519e-008	0.0 
3.0762934839853416e-007	0.0 
4.7831354725511685e-008	0.0 
-2.8337947817371825e-007	0.0 
-1.5793988778614074e-007	0.0 
2.6803919412736146e-007	0.0 
4.9992159747133187e-007	0.0 
3.8282933054550907e-007	0.0 
1.4934819703039686e-007	0.0 
1.7191197268278226e-008	0.0 
-6.3763564900474834e-009	0.0 
0 
