# SWA-D24-2D04 Guralp FIR  filter parameter file 
theoretical  1  anti_alias   fir    coef_conv 
1000 2 250
501 
0.000000000000000	0.0 
0.000000000000000	0.0 
0.000000000000000	0.0 
-0.000000059604645	0.0 
0.000000000000000	0.0 
0.000000059604645	0.0 
0.000000119209290	0.0 
-0.000000119209290	0.0 
-0.000000238418579	0.0 
0.000000119209290	0.0 
0.000000417232513	0.0 
0.000000000000000	0.0 
-0.000000596046448	0.0 
-0.000000238418579	0.0 
0.000000715255737	0.0 
0.000000596046448	0.0 
-0.000000715255737	0.0 
-0.000001013278961	0.0 
0.000000596046448	0.0 
0.000001549720764	0.0 
-0.000000178813934	0.0 
-0.000002026557922	0.0 
-0.000000476837158	0.0 
0.000002324581146	0.0 
0.000001430511475	0.0 
-0.000002324581146	0.0 
-0.000002562999725	0.0 
0.000001847743988	0.0 
0.000003695487976	0.0 
-0.000000953674316	0.0 
-0.000004708766937	0.0 
-0.000000536441803	0.0 
0.000005364418030	0.0 
0.000002443790436	0.0 
-0.000005424022675	0.0 
-0.000004768371582	0.0 
0.000004649162292	0.0 
0.000007092952728	0.0 
-0.000002980232239	0.0 
-0.000009238719940	0.0 
0.000000298023224	0.0 
0.000010669231415	0.0 
0.000003278255463	0.0 
-0.000011086463928	0.0 
-0.000007510185242	0.0 
0.000010132789612	0.0 
0.000011920928955	0.0 
-0.000007510185242	0.0 
-0.000016033649445	0.0 
0.000003099441528	0.0 
0.000019133090973	0.0 
0.000002861022949	0.0 
-0.000020623207092	0.0 
-0.000010013580322	0.0 
0.000019848346710	0.0 
0.000017821788788	0.0 
-0.000016391277313	0.0 
-0.000025391578674	0.0 
0.000009953975677	0.0 
0.000031590461731	0.0 
-0.000000715255737	0.0 
-0.000035464763641	0.0 
-0.000010788440704	0.0 
0.000036001205444	0.0 
0.000023722648621	0.0 
-0.000032246112823	0.0 
-0.000036776065826	0.0 
0.000023782253265	0.0 
0.000048458576202	0.0 
-0.000010669231415	0.0 
-0.000057041645050	0.0 
-0.000006675720215	0.0 
0.000060796737671	0.0 
0.000026941299438	0.0 
-0.000058352947235	0.0 
-0.000048398971558	0.0 
0.000048696994781	0.0 
0.000068783760071	0.0 
-0.000031471252441	0.0 
-0.000085592269897	0.0 
0.000007212162018	0.0 
0.000096201896667	0.0 
0.000022709369659	0.0 
-0.000098049640656	0.0 
-0.000056028366089	0.0 
0.000089466571808	0.0 
0.000089585781097	0.0 
-0.000069320201874	0.0 
-0.000119745731354	0.0 
0.000037729740143	0.0 
0.000142455101013	0.0 
0.000003874301910	0.0 
-0.000153839588165	0.0 
-0.000052630901337	0.0 
0.000150740146637	0.0 
0.000104606151581	0.0 
-0.000130891799927	0.0 
-0.000154614448547	0.0 
0.000093519687653	0.0 
0.000196993350983	0.0 
-0.000039696693420	0.0 
-0.000225782394409	0.0 
-0.000027596950531	0.0 
0.000235676765442	0.0 
0.000103354454041	0.0 
-0.000222504138947	0.0 
-0.000181019306183	0.0 
0.000183939933777	0.0 
0.000252544879913	0.0 
-0.000119924545288	0.0 
-0.000309586524963	0.0 
0.000033140182495	0.0 
0.000343739986420	0.0 
0.000070869922638	0.0 
-0.000347971916199	0.0 
-0.000183999538422	0.0 
0.000317275524139	0.0 
0.000295817852020	0.0 
-0.000249445438385	0.0 
-0.000394642353058	0.0 
0.000145971775055	0.0 
0.000468432903290	0.0 
-0.000012159347534	0.0 
-0.000505924224854	0.0 
-0.000142693519592	0.0 
0.000497996807098	0.0 
0.000305950641632	0.0 
-0.000438928604126	0.0 
-0.000462114810944	0.0 
0.000327587127686	0.0 
0.000594556331635	0.0 
-0.000167727470398	0.0 
-0.000686526298523	0.0 
-0.000031232833862	0.0 
0.000723302364349	0.0 
0.000254750251770	0.0 
-0.000693619251251	0.0 
-0.000483751296997	0.0 
0.000591576099396	0.0 
0.000696241855621	0.0 
-0.000417530536652	0.0 
-0.000868976116180	0.0 
0.000179409980774	0.0 
0.000979542732239	0.0 
0.000107765197754	0.0 
-0.001009047031403	0.0 
-0.000421941280365	0.0 
0.000944137573242	0.0 
0.000735819339752	0.0 
-0.000779211521149	0.0 
-0.001018583774567	0.0 
0.000517725944519	0.0 
0.001238703727722	0.0 
-0.000173091888428	0.0 
-0.001366913318634	0.0 
-0.000231444835663	0.0 
0.001379430294037	0.0 
0.000663995742798	0.0 
-0.001260936260223	0.0 
-0.001086115837097	0.0 
0.001006841659546	0.0 
0.001455843448639	0.0 
-0.000625371932983	0.0 
-0.001731216907501	0.0 
0.000137865543365	0.0 
0.001874506473541	0.0 
0.000421404838562	0.0 
-0.001856327056885	0.0 
-0.001007556915283	0.0 
0.001659274101257	0.0 
0.001567661762238	0.0 
-0.001281201839447	0.0 
-0.002045333385468	0.0 
0.000736832618713	0.0 
0.002385497093201	0.0 
-0.000058472156525	0.0 
-0.002539813518524	0.0 
-0.000705182552338	0.0 
0.002472162246704	0.0 
0.001491844654083	0.0 
-0.002163052558899	0.0 
-0.002229869365692	0.0 
0.001613676548004	0.0 
0.002844154834747	0.0 
-0.000847816467285	0.0 
-0.003262639045715	0.0 
-0.000087857246399	0.0 
0.003423273563385	0.0 
0.001125395298004	0.0 
-0.003280878067017	0.0 
-0.002179801464081	0.0 
0.002813279628754	0.0 
0.003154635429382	0.0 
-0.002025723457336	0.0 
-0.003949880599976	0.0 
0.000953376293182	0.0 
0.004470229148865	0.0 
0.000338375568390	0.0 
-0.004634380340576	0.0 
-0.001756608486176	0.0 
0.004383802413940	0.0 
0.003185927867889	0.0 
-0.003690540790558	0.0 
-0.004496157169342	0.0 
0.002562761306763	0.0 
0.005551993846893	0.0 
-0.001048505306244	0.0 
-0.006224155426025	0.0 
-0.000764191150665	0.0 
0.006400823593140	0.0 
0.002750098705292	0.0 
-0.005999326705933	0.0 
-0.004752814769745	0.0 
0.004975855350494	0.0 
0.006594002246857	0.0 
-0.003333687782288	0.0 
-0.008084833621979	0.0 
0.001128435134888	0.0 
0.009039580821991	0.0 
0.001530468463898	0.0 
-0.009289503097534	0.0 
-0.004481315612793	0.0 
0.008696615695953	0.0 
0.007515609264374	0.0 
-0.007166385650635	0.0 
-0.010386407375336	0.0 
0.004657506942749	0.0 
0.012818872928619	0.0 
-0.001188874244690	0.0 
-0.014521121978760	0.0 
-0.003157854080200	0.0 
0.015194237232208	0.0 
0.008239746093750	0.0 
-0.014536678791046	0.0 
-0.013858735561371	0.0 
0.012238562107086	0.0 
0.019771575927734	0.0 
-0.007954061031342	0.0 
-0.025703966617584	0.0 
0.001226544380188	0.0 
0.031366527080536	0.0 
0.008702516555786	0.0 
-0.036472916603088	0.0 
-0.023425400257111	0.0 
0.040758013725281	0.0 
0.047181844711304	0.0 
-0.043994843959808	0.0 
-0.095913231372833	0.0 
0.046009838581085	0.0 
0.314861893653870	0.0 
0.453306078910828	0.0 
0.314861893653870	0.0 
0.046009838581085	0.0 
-0.095913231372833	0.0 
-0.043994843959808	0.0 
0.047181844711304	0.0 
0.040758013725281	0.0 
-0.023425400257111	0.0 
-0.036472916603088	0.0 
0.008702516555786	0.0 
0.031366527080536	0.0 
0.001226544380188	0.0 
-0.025703966617584	0.0 
-0.007954061031342	0.0 
0.019771575927734	0.0 
0.012238562107086	0.0 
-0.013858735561371	0.0 
-0.014536678791046	0.0 
0.008239746093750	0.0 
0.015194237232208	0.0 
-0.003157854080200	0.0 
-0.014521121978760	0.0 
-0.001188874244690	0.0 
0.012818872928619	0.0 
0.004657506942749	0.0 
-0.010386407375336	0.0 
-0.007166385650635	0.0 
0.007515609264374	0.0 
0.008696615695953	0.0 
-0.004481315612793	0.0 
-0.009289503097534	0.0 
0.001530468463898	0.0 
0.009039580821991	0.0 
0.001128435134888	0.0 
-0.008084833621979	0.0 
-0.003333687782288	0.0 
0.006594002246857	0.0 
0.004975855350494	0.0 
-0.004752814769745	0.0 
-0.005999326705933	0.0 
0.002750098705292	0.0 
0.006400823593140	0.0 
-0.000764191150665	0.0 
-0.006224155426025	0.0 
-0.001048505306244	0.0 
0.005551993846893	0.0 
0.002562761306763	0.0 
-0.004496157169342	0.0 
-0.003690540790558	0.0 
0.003185927867889	0.0 
0.004383802413940	0.0 
-0.001756608486176	0.0 
-0.004634380340576	0.0 
0.000338375568390	0.0 
0.004470229148865	0.0 
0.000953376293182	0.0 
-0.003949880599976	0.0 
-0.002025723457336	0.0 
0.003154635429382	0.0 
0.002813279628754	0.0 
-0.002179801464081	0.0 
-0.003280878067017	0.0 
0.001125395298004	0.0 
0.003423273563385	0.0 
-0.000087857246399	0.0 
-0.003262639045715	0.0 
-0.000847816467285	0.0 
0.002844154834747	0.0 
0.001613676548004	0.0 
-0.002229869365692	0.0 
-0.002163052558899	0.0 
0.001491844654083	0.0 
0.002472162246704	0.0 
-0.000705182552338	0.0 
-0.002539813518524	0.0 
-0.000058472156525	0.0 
0.002385497093201	0.0 
0.000736832618713	0.0 
-0.002045333385468	0.0 
-0.001281201839447	0.0 
0.001567661762238	0.0 
0.001659274101257	0.0 
-0.001007556915283	0.0 
-0.001856327056885	0.0 
0.000421404838562	0.0 
0.001874506473541	0.0 
0.000137865543365	0.0 
-0.001731216907501	0.0 
-0.000625371932983	0.0 
0.001455843448639	0.0 
0.001006841659546	0.0 
-0.001086115837097	0.0 
-0.001260936260223	0.0 
0.000663995742798	0.0 
0.001379430294037	0.0 
-0.000231444835663	0.0 
-0.001366913318634	0.0 
-0.000173091888428	0.0 
0.001238703727722	0.0 
0.000517725944519	0.0 
-0.001018583774567	0.0 
-0.000779211521149	0.0 
0.000735819339752	0.0 
0.000944137573242	0.0 
-0.000421941280365	0.0 
-0.001009047031403	0.0 
0.000107765197754	0.0 
0.000979542732239	0.0 
0.000179409980774	0.0 
-0.000868976116180	0.0 
-0.000417530536652	0.0 
0.000696241855621	0.0 
0.000591576099396	0.0 
-0.000483751296997	0.0 
-0.000693619251251	0.0 
0.000254750251770	0.0 
0.000723302364349	0.0 
-0.000031232833862	0.0 
-0.000686526298523	0.0 
-0.000167727470398	0.0 
0.000594556331635	0.0 
0.000327587127686	0.0 
-0.000462114810944	0.0 
-0.000438928604126	0.0 
0.000305950641632	0.0 
0.000497996807098	0.0 
-0.000142693519592	0.0 
-0.000505924224854	0.0 
-0.000012159347534	0.0 
0.000468432903290	0.0 
0.000145971775055	0.0 
-0.000394642353058	0.0 
-0.000249445438385	0.0 
0.000295817852020	0.0 
0.000317275524139	0.0 
-0.000183999538422	0.0 
-0.000347971916199	0.0 
0.000070869922638	0.0 
0.000343739986420	0.0 
0.000033140182495	0.0 
-0.000309586524963	0.0 
-0.000119924545288	0.0 
0.000252544879913	0.0 
0.000183939933777	0.0 
-0.000181019306183	0.0 
-0.000222504138947	0.0 
0.000103354454041	0.0 
0.000235676765442	0.0 
-0.000027596950531	0.0 
-0.000225782394409	0.0 
-0.000039696693420	0.0 
0.000196993350983	0.0 
0.000093519687653	0.0 
-0.000154614448547	0.0 
-0.000130891799927	0.0 
0.000104606151581	0.0 
0.000150740146637	0.0 
-0.000052630901337	0.0 
-0.000153839588165	0.0 
0.000003874301910	0.0 
0.000142455101013	0.0 
0.000037729740143	0.0 
-0.000119745731354	0.0 
-0.000069320201874	0.0 
0.000089585781097	0.0 
0.000089466571808	0.0 
-0.000056028366089	0.0 
-0.000098049640656	0.0 
0.000022709369659	0.0 
0.000096201896667	0.0 
0.000007212162018	0.0 
-0.000085592269897	0.0 
-0.000031471252441	0.0 
0.000068783760071	0.0 
0.000048696994781	0.0 
-0.000048398971558	0.0 
-0.000058352947235	0.0 
0.000026941299438	0.0 
0.000060796737671	0.0 
-0.000006675720215	0.0 
-0.000057041645050	0.0 
-0.000010669231415	0.0 
0.000048458576202	0.0 
0.000023782253265	0.0 
-0.000036776065826	0.0 
-0.000032246112823	0.0 
0.000023722648621	0.0 
0.000036001205444	0.0 
-0.000010788440704	0.0 
-0.000035464763641	0.0 
-0.000000715255737	0.0 
0.000031590461731	0.0 
0.000009953975677	0.0 
-0.000025391578674	0.0 
-0.000016391277313	0.0 
0.000017821788788	0.0 
0.000019848346710	0.0 
-0.000010013580322	0.0 
-0.000020623207092	0.0 
0.000002861022949	0.0 
0.000019133090973	0.0 
0.000003099441528	0.0 
-0.000016033649445	0.0 
-0.000007510185242	0.0 
0.000011920928955	0.0 
0.000010132789612	0.0 
-0.000007510185242	0.0 
-0.000011086463928	0.0 
0.000003278255463	0.0 
0.000010669231415	0.0 
0.000000298023224	0.0 
-0.000009238719940	0.0 
-0.000002980232239	0.0 
0.000007092952728	0.0 
0.000004649162292	0.0 
-0.000004768371582	0.0 
-0.000005424022675	0.0 
0.000002443790436	0.0 
0.000005364418030	0.0 
-0.000000536441803	0.0 
-0.000004708766937	0.0 
-0.000000953674316	0.0 
0.000003695487976	0.0 
0.000001847743988	0.0 
-0.000002562999725	0.0 
-0.000002324581146	0.0 
0.000001430511475	0.0 
0.000002324581146	0.0 
-0.000000476837158	0.0 
-0.000002026557922	0.0 
-0.000000178813934	0.0 
0.000001549720764	0.0 
0.000000596046448	0.0 
-0.000001013278961	0.0 
-0.000000715255737	0.0 
0.000000596046448	0.0 
0.000000715255737	0.0 
-0.000000238418579	0.0 
-0.000000596046448	0.0 
0.000000000000000	0.0 
0.000000417232513	0.0 
0.000000119209290	0.0 
-0.000000238418579	0.0 
-0.000000119209290	0.0 
0.000000119209290	0.0 
0.000000059604645	0.0 
0.000000000000000	0.0 
-0.000000059604645	0.0 
0.000000000000000	0.0 
0.000000000000000	0.0 
0.000000000000000	0.0 
0 
