# SWA-D24-3D04 Guralp FIR  filter parameter file 
theoretical  1  anti_alias   fir    coef_conv 
1000 4 23.5
48 
1.4282512604189394e-005	0.0 
4.8760190879893896e-005	0.0 
9.8134683377172280e-005	0.0 
1.3099981990724249e-004	0.0 
9.3425037643891189e-006	0.0 
-3.7160128671616778e-004	0.0 
-1.0183841021198627e-003	0.0 
-1.7242678522960905e-003	0.0 
-1.7893838237388465e-003	0.0 
-4.9784026908868053e-004	0.0 
2.4939109911766835e-003	0.0 
6.6262923754214238e-003	0.0 
9.6128476678397443e-003	0.0 
8.5072327360512841e-003	0.0 
1.0203549864756379e-003	0.0 
-1.2704806879440953e-002	0.0 
-2.7749283852293635e-002	0.0 
-3.5650661618199464e-002	0.0 
-2.6960239020663981e-002	0.0 
4.8487850496186776e-003	0.0 
5.8011266086895628e-002	0.0 
1.2206546837580393e-001	0.0 
1.8026483873712282e-001	0.0 
2.1471395198761895e-001	0.0 
2.1471395198761895e-001	0.0 
1.8026483873712282e-001	0.0 
1.2206546837580393e-001	0.0 
5.8011266086895628e-002	0.0 
4.8487850496186776e-003	0.0 
-2.6960239020663981e-002	0.0 
-3.5650661618199464e-002	0.0 
-2.7749283852293635e-002	0.0 
-1.2704806879440953e-002	0.0 
1.0203549864756379e-003	0.0 
8.5072327360512841e-003	0.0 
9.6128476678397443e-003	0.0 
6.6262923754214238e-003	0.0 
2.4939109911766835e-003	0.0 
-4.9784026908868053e-004	0.0 
-1.7893838237388465e-003	0.0 
-1.7242678522960905e-003	0.0 
-1.0183841021198627e-003	0.0 
-3.7160128671616778e-004	0.0 
9.3425037643891189e-006	0.0 
1.3099981990724249e-004	0.0 
9.8134683377172280e-005	0.0 
4.8760190879893896e-005	0.0 
1.4282512604189394e-005	0.0 
0 
