# SWA-D24-3D08 Guralp FIR  filter parameter file 
theoretical  1  anti_alias   fir    coef_conv 
1000 5 250
501 
2.1813276761276063e-008	0.0 
1.0794900489797430e-007	0.0 
2.9766756801379871e-007	0.0 
6.7328026501993340e-007	0.0 
1.2990404861654995e-006	0.0 
2.2317383176217431e-006	0.0 
3.4736862861291792e-006	0.0 
4.9554306647750659e-006	0.0 
6.5128652035387663e-006	0.0 
7.8938632324462707e-006	0.0 
8.7881281401727716e-006	0.0 
8.8886238886344549e-006	0.0 
7.9719618756470493e-006	0.0 
5.9821161870402131e-006	0.0 
3.0918220041082478e-006	0.0 
-2.8254544954618257e-007	0.0 
-3.5303975721076183e-006	0.0 
-5.9625221017994379e-006	0.0 
-6.9751366890430902e-006	0.0 
-6.2252788106591682e-006	0.0 
-3.7682951471646605e-006	0.0 
-1.0881040666580946e-007	0.0 
3.8672193971514130e-006	0.0 
7.0820194215019028e-006	0.0 
8.5428330716345700e-006	0.0 
7.6385144308302556e-006	0.0 
4.3699248628058435e-006	0.0 
-5.6668752421279211e-007	0.0 
-5.8924634379821798e-006	0.0 
-1.0051156437371760e-005	0.0 
-1.1642628082662612e-005	0.0 
-9.8700607430359965e-006	0.0 
-4.8641485057742887e-006	0.0 
2.2345607398881485e-006	0.0 
9.4956401476010125e-006	0.0 
1.4694858054961695e-005	0.0 
1.5968776310976738e-005	0.0 
1.2443332850253054e-005	0.0 
4.6341244602450937e-006	0.0 
-5.5391671860057382e-006	0.0 
-1.5180014311877233e-005	0.0 
-2.1206170822955963e-005	0.0 
-2.1299952700164283e-005	0.0 
-1.4734999868454999e-005	0.0 
-2.7998148463766587e-006	0.0 
1.1368100918833793e-005	0.0 
2.3557679957622984e-005	0.0 
2.9695837913160365e-005	0.0 
2.7159696762736482e-005	0.0 
1.5780362930180200e-005	0.0 
-1.8208769148024863e-006	0.0 
-2.0750825073380283e-005	0.0 
-3.5150189890794800e-005	0.0 
-3.9957674612754972e-005	0.0 
-3.2616789488205409e-005	0.0 
-1.4168904118196065e-005	0.0 
1.0688595436495955e-005	0.0 
3.4712734261196708e-005	0.0 
5.0164299669607518e-005	0.0 
5.1236902084175454e-005	0.0 
3.6122543634263837e-005	0.0 
8.0077139988847943e-006	0.0 
-2.5434984152275249e-005	0.0 
-5.4053116300353705e-005	0.0 
-6.8225723547750257e-005	0.0 
-6.2009379780487761e-005	0.0 
-3.5415347576195201e-005	0.0 
5.0066485073808772e-006	0.0 
4.7636464833940737e-005	0.0 
7.9031977391037458e-005	0.0 
8.8081667744862400e-005	0.0 
6.9805145677734971e-005	0.0 
2.7537109725137790e-005	0.0 
-2.7367460284926860e-005	0.0 
-7.8446852865503359e-005	0.0 
-1.0896784660609988e-004	0.0 
-1.0729571089250991e-004	0.0 
-7.1108594826030226e-005	0.0 
-8.9846678245605383e-006	0.0 
6.1391725935396751e-005	0.0 
1.1812888031056319e-004	0.0 
1.4182199012677680e-004	0.0 
1.2203250053014318e-004	0.0 
6.1433206684453494e-005	0.0 
-2.3928840945205980e-005	0.0 
-1.0867374456685165e-004	0.0 
-1.6549466808774813e-004	0.0 
-1.7381436639903554e-004	0.0 
-1.2699132805077184e-004	0.0 
-3.5616875252607484e-005	0.0 
7.4492270475152330e-005	0.0 
1.6939427470544260e-004	0.0 
2.1733132653606647e-004	0.0 
1.9916610494648043e-004	0.0 
1.1557110792833465e-004	0.0 
-1.1621715190265432e-005	0.0 
-1.4481478295834949e-004	0.0 
-2.4156680460158075e-004	0.0 
-2.6793527669695345e-004	0.0 
-2.1010102973006563e-004	0.0 
-8.0371541702561517e-005	0.0 
8.4816717376644873e-005	0.0 
2.3486032143699232e-004	0.0 
3.2028873737794251e-004	0.0 
3.0884202252799247e-004	0.0 
1.9717029717696745e-004	0.0 
1.4035276103800457e-005	0.0 
-1.8665165060230898e-004	0.0 
-3.4144205424925441e-004	0.0 
-3.9718062093082159e-004	0.0 
-3.2892710082172149e-004	0.0 
-1.5002122951301655e-004	0.0 
8.9534020232421207e-005	0.0 
3.1667487658347993e-004	0.0 
4.5729866223657902e-004	0.0 
4.6015391089944445e-004	0.0 
3.1498269361476458e-004	0.0 
5.8635747689691536e-005	0.0 
-2.3364802398614964e-004	0.0 
-4.6998292474114415e-004	0.0 
-5.7043338657825136e-004	0.0 
-4.9365817828526341e-004	0.0 
-2.5283401839155413e-004	0.0 
8.5016718619750499e-005	0.0 
4.1717465251909873e-004	0.0 
6.3611574702425119e-004	0.0 
6.6396845237510962e-004	0.0 
4.7960021071214196e-004	0.0 
1.2907891011800705e-004	0.0 
-2.8494927701429160e-004	0.0 
-6.3287085892409364e-004	0.0 
-7.9831667797791803e-004	0.0 
-7.1661508376699864e-004	0.0 
-3.9891765906022143e-004	0.0 
6.6714036855924154e-005	0.0 
5.3904472958389473e-004	0.0 
8.6607023500190794e-004	0.0 
9.3350299457577353e-004	0.0 
7.0400569214411053e-004	0.0 
2.3390266119312195e-004	0.0 
-3.3940691104776170e-004	0.0 
-8.3702288911208862e-004	0.0 
-1.0939078203785291e-003	0.0 
-1.0130549179262034e-003	0.0 
-6.0085029221216982e-004	0.0 
2.8931007722535246e-005	0.0 
6.8563357379250889e-004	0.0 
1.1588781546542077e-003	0.0 
1.2854168570711204e-003	0.0 
1.0046092369662058e-003	0.0 
3.8390592653062434e-004	0.0 
-3.9563322602679000e-004	0.0 
-1.0913890168026770e-003	0.0 
-1.4741000958395777e-003	0.0 
-1.4027045251102882e-003	0.0 
-8.7488512847191968e-004	0.0 
-3.5594987481210420e-005	0.0 
8.6155561815924239e-004	0.0 
1.5301979343834270e-003	0.0 
1.7419170925801280e-003	0.0 
1.4032599329636935e-003	0.0 
5.9337180600932881e-004	0.0 
-4.5208450168516233e-004	0.0 
-1.4084853217200028e-003	0.0 
-1.9622588089119996e-003	0.0 
-1.9127922777660395e-003	0.0 
-1.2433887601090206e-003	0.0 
-1.3664672512510474e-004	0.0 
1.0737290142148221e-003	0.0 
2.0025547477929180e-003	0.0 
2.3348145894123910e-003	0.0 
1.9311991147892133e-003	0.0 
8.8255993992851132e-004	0.0 
-5.0706611075911263e-004	0.0 
-1.8072166080910230e-003	0.0 
-2.5932602267819131e-003	0.0 
-2.5838610572326529e-003	0.0 
-1.7395219450266728e-003	0.0 
-2.8829210003417728e-004	0.0 
1.3335608653990926e-003	0.0 
2.6113013032987228e-003	0.0 
3.1137629466451060e-003	0.0 
2.6370771057767717e-003	0.0 
1.2827056525073228e-003	0.0 
-5.5893028688075214e-004	0.0 
-2.3189982525416018e-003	0.0 
-3.4243463895842485e-003	0.0 
-3.4823634722191037e-003	0.0 
-2.4175290674140221e-003	0.0 
-5.1298895687475752e-004	0.0 
1.6613863864717994e-003	0.0 
3.4173958500148941e-003	0.0 
4.1642710185243563e-003	0.0 
3.6047985273163232e-003	0.0 
1.8474825322381129e-003	0.0 
-6.0602146517864820e-004	0.0 
-3.0010165938740485e-003	0.0 
-4.5593074304483066e-003	0.0 
-4.7291648429853552e-003	0.0 
-3.3763052812325950e-003	0.0 
-8.5104180712647652e-004	0.0 
2.0970203308062225e-003	0.0 
4.5379402876343814e-003	0.0 
5.6512015520108622e-003	0.0 
4.9970807248025046e-003	0.0 
2.6812187667041533e-003	0.0 
-6.4681777351941090e-004	0.0 
-3.9703409759289082e-003	0.0 
-6.2113251234144273e-003	0.0 
-6.5746466918304618e-003	0.0 
-4.8225000695848105e-003	0.0 
-1.3865349118800754e-003	0.0 
2.7284087959936862e-003	0.0 
6.2312237419519054e-003	0.0 
7.9422615085050236e-003	0.0 
7.1815216544242602e-003	0.0 
4.0222852893478430e-003	0.0 
-6.8001154367310827e-004	0.0 
-5.5081503497266086e-003	0.0 
-8.8994774880302649e-003	0.0 
-9.6389768373944754e-003	0.0 
-7.2771950974101765e-003	0.0 
-2.3343189634106734e-003	0.0 
3.7904644771631357e-003	0.0 
9.1978754712383568e-003	0.0 
1.2057807436881614e-002	0.0 
1.1203695605921748e-002	0.0 
6.5661139526073248e-003	0.0 
-7.0452883524228988e-004	0.0 
-8.4913064733755737e-003	0.0 
-1.4293605517781650e-002	0.0 
-1.5987059165366635e-002	0.0 
-1.2540655849926457e-002	0.0 
-4.4651866624695388e-003	0.0 
6.1709095968946149e-003	0.0 
1.6206250256229456e-002	0.0 
2.2240288792700794e-002	0.0 
2.1661385828052823e-002	0.0 
1.3564415557426228e-002	0.0 
-7.1956909302382528e-004	0.0 
-1.7671646167819827e-002	0.0 
-3.2253719224557185e-002	0.0 
-3.9070444755302983e-002	0.0 
-3.3752143932823615e-002	0.0 
-1.4207547084345750e-002	0.0 
1.8592418589629581e-002	0.0 
6.0534211866909909e-002	0.0 
1.0504726987637988e-001	0.0 
1.4442299028345071e-001	0.0 
1.7146733858973195e-001	0.0 
1.8109354363121541e-001	0.0 
1.7146733858973195e-001	0.0 
1.4442299028345071e-001	0.0 
1.0504726987637988e-001	0.0 
6.0534211866909909e-002	0.0 
1.8592418589629581e-002	0.0 
-1.4207547084345750e-002	0.0 
-3.3752143932823615e-002	0.0 
-3.9070444755302983e-002	0.0 
-3.2253719224557185e-002	0.0 
-1.7671646167819827e-002	0.0 
-7.1956909302382528e-004	0.0 
1.3564415557426228e-002	0.0 
2.1661385828052823e-002	0.0 
2.2240288792700794e-002	0.0 
1.6206250256229456e-002	0.0 
6.1709095968946149e-003	0.0 
-4.4651866624695388e-003	0.0 
-1.2540655849926457e-002	0.0 
-1.5987059165366635e-002	0.0 
-1.4293605517781650e-002	0.0 
-8.4913064733755737e-003	0.0 
-7.0452883524228988e-004	0.0 
6.5661139526073248e-003	0.0 
1.1203695605921748e-002	0.0 
1.2057807436881614e-002	0.0 
9.1978754712383568e-003	0.0 
3.7904644771631357e-003	0.0 
-2.3343189634106734e-003	0.0 
-7.2771950974101765e-003	0.0 
-9.6389768373944754e-003	0.0 
-8.8994774880302649e-003	0.0 
-5.5081503497266086e-003	0.0 
-6.8001154367310827e-004	0.0 
4.0222852893478430e-003	0.0 
7.1815216544242602e-003	0.0 
7.9422615085050236e-003	0.0 
6.2312237419519054e-003	0.0 
2.7284087959936862e-003	0.0 
-1.3865349118800754e-003	0.0 
-4.8225000695848105e-003	0.0 
-6.5746466918304618e-003	0.0 
-6.2113251234144273e-003	0.0 
-3.9703409759289082e-003	0.0 
-6.4681777351941090e-004	0.0 
2.6812187667041533e-003	0.0 
4.9970807248025046e-003	0.0 
5.6512015520108622e-003	0.0 
4.5379402876343814e-003	0.0 
2.0970203308062225e-003	0.0 
-8.5104180712647652e-004	0.0 
-3.3763052812325950e-003	0.0 
-4.7291648429853552e-003	0.0 
-4.5593074304483066e-003	0.0 
-3.0010165938740485e-003	0.0 
-6.0602146517864820e-004	0.0 
1.8474825322381129e-003	0.0 
3.6047985273163232e-003	0.0 
4.1642710185243563e-003	0.0 
3.4173958500148941e-003	0.0 
1.6613863864717994e-003	0.0 
-5.1298895687475752e-004	0.0 
-2.4175290674140221e-003	0.0 
-3.4823634722191037e-003	0.0 
-3.4243463895842485e-003	0.0 
-2.3189982525416018e-003	0.0 
-5.5893028688075214e-004	0.0 
1.2827056525073228e-003	0.0 
2.6370771057767717e-003	0.0 
3.1137629466451060e-003	0.0 
2.6113013032987228e-003	0.0 
1.3335608653990926e-003	0.0 
-2.8829210003417728e-004	0.0 
-1.7395219450266728e-003	0.0 
-2.5838610572326529e-003	0.0 
-2.5932602267819131e-003	0.0 
-1.8072166080910230e-003	0.0 
-5.0706611075911263e-004	0.0 
8.8255993992851132e-004	0.0 
1.9311991147892133e-003	0.0 
2.3348145894123910e-003	0.0 
2.0025547477929180e-003	0.0 
1.0737290142148221e-003	0.0 
-1.3664672512510474e-004	0.0 
-1.2433887601090206e-003	0.0 
-1.9127922777660395e-003	0.0 
-1.9622588089119996e-003	0.0 
-1.4084853217200028e-003	0.0 
-4.5208450168516233e-004	0.0 
5.9337180600932881e-004	0.0 
1.4032599329636935e-003	0.0 
1.7419170925801280e-003	0.0 
1.5301979343834270e-003	0.0 
8.6155561815924239e-004	0.0 
-3.5594987481210420e-005	0.0 
-8.7488512847191968e-004	0.0 
-1.4027045251102882e-003	0.0 
-1.4741000958395777e-003	0.0 
-1.0913890168026770e-003	0.0 
-3.9563322602679000e-004	0.0 
3.8390592653062434e-004	0.0 
1.0046092369662058e-003	0.0 
1.2854168570711204e-003	0.0 
1.1588781546542077e-003	0.0 
6.8563357379250889e-004	0.0 
2.8931007722535246e-005	0.0 
-6.0085029221216982e-004	0.0 
-1.0130549179262034e-003	0.0 
-1.0939078203785291e-003	0.0 
-8.3702288911208862e-004	0.0 
-3.3940691104776170e-004	0.0 
2.3390266119312195e-004	0.0 
7.0400569214411053e-004	0.0 
9.3350299457577353e-004	0.0 
8.6607023500190794e-004	0.0 
5.3904472958389473e-004	0.0 
6.6714036855924154e-005	0.0 
-3.9891765906022143e-004	0.0 
-7.1661508376699864e-004	0.0 
-7.9831667797791803e-004	0.0 
-6.3287085892409364e-004	0.0 
-2.8494927701429160e-004	0.0 
1.2907891011800705e-004	0.0 
4.7960021071214196e-004	0.0 
6.6396845237510962e-004	0.0 
6.3611574702425119e-004	0.0 
4.1717465251909873e-004	0.0 
8.5016718619750499e-005	0.0 
-2.5283401839155413e-004	0.0 
-4.9365817828526341e-004	0.0 
-5.7043338657825136e-004	0.0 
-4.6998292474114415e-004	0.0 
-2.3364802398614964e-004	0.0 
5.8635747689691536e-005	0.0 
3.1498269361476458e-004	0.0 
4.6015391089944445e-004	0.0 
4.5729866223657902e-004	0.0 
3.1667487658347993e-004	0.0 
8.9534020232421207e-005	0.0 
-1.5002122951301655e-004	0.0 
-3.2892710082172149e-004	0.0 
-3.9718062093082159e-004	0.0 
-3.4144205424925441e-004	0.0 
-1.8665165060230898e-004	0.0 
1.4035276103800457e-005	0.0 
1.9717029717696745e-004	0.0 
3.0884202252799247e-004	0.0 
3.2028873737794251e-004	0.0 
2.3486032143699232e-004	0.0 
8.4816717376644873e-005	0.0 
-8.0371541702561517e-005	0.0 
-2.1010102973006563e-004	0.0 
-2.6793527669695345e-004	0.0 
-2.4156680460158075e-004	0.0 
-1.4481478295834949e-004	0.0 
-1.1621715190265432e-005	0.0 
1.1557110792833465e-004	0.0 
1.9916610494648043e-004	0.0 
2.1733132653606647e-004	0.0 
1.6939427470544260e-004	0.0 
7.4492270475152330e-005	0.0 
-3.5616875252607484e-005	0.0 
-1.2699132805077184e-004	0.0 
-1.7381436639903554e-004	0.0 
-1.6549466808774813e-004	0.0 
-1.0867374456685165e-004	0.0 
-2.3928840945205980e-005	0.0 
6.1433206684453494e-005	0.0 
1.2203250053014318e-004	0.0 
1.4182199012677680e-004	0.0 
1.1812888031056319e-004	0.0 
6.1391725935396751e-005	0.0 
-8.9846678245605383e-006	0.0 
-7.1108594826030226e-005	0.0 
-1.0729571089250991e-004	0.0 
-1.0896784660609988e-004	0.0 
-7.8446852865503359e-005	0.0 
-2.7367460284926860e-005	0.0 
2.7537109725137790e-005	0.0 
6.9805145677734971e-005	0.0 
8.8081667744862400e-005	0.0 
7.9031977391037458e-005	0.0 
4.7636464833940737e-005	0.0 
5.0066485073808772e-006	0.0 
-3.5415347576195201e-005	0.0 
-6.2009379780487761e-005	0.0 
-6.8225723547750257e-005	0.0 
-5.4053116300353705e-005	0.0 
-2.5434984152275249e-005	0.0 
8.0077139988847943e-006	0.0 
3.6122543634263837e-005	0.0 
5.1236902084175454e-005	0.0 
5.0164299669607518e-005	0.0 
3.4712734261196708e-005	0.0 
1.0688595436495955e-005	0.0 
-1.4168904118196065e-005	0.0 
-3.2616789488205409e-005	0.0 
-3.9957674612754972e-005	0.0 
-3.5150189890794800e-005	0.0 
-2.0750825073380283e-005	0.0 
-1.8208769148024863e-006	0.0 
1.5780362930180200e-005	0.0 
2.7159696762736482e-005	0.0 
2.9695837913160365e-005	0.0 
2.3557679957622984e-005	0.0 
1.1368100918833793e-005	0.0 
-2.7998148463766587e-006	0.0 
-1.4734999868454999e-005	0.0 
-2.1299952700164283e-005	0.0 
-2.1206170822955963e-005	0.0 
-1.5180014311877233e-005	0.0 
-5.5391671860057382e-006	0.0 
4.6341244602450937e-006	0.0 
1.2443332850253054e-005	0.0 
1.5968776310976738e-005	0.0 
1.4694858054961695e-005	0.0 
9.4956401476010125e-006	0.0 
2.2345607398881485e-006	0.0 
-4.8641485057742887e-006	0.0 
-9.8700607430359965e-006	0.0 
-1.1642628082662612e-005	0.0 
-1.0051156437371760e-005	0.0 
-5.8924634379821798e-006	0.0 
-5.6668752421279211e-007	0.0 
4.3699248628058435e-006	0.0 
7.6385144308302556e-006	0.0 
8.5428330716345700e-006	0.0 
7.0820194215019028e-006	0.0 
3.8672193971514130e-006	0.0 
-1.0881040666580946e-007	0.0 
-3.7682951471646605e-006	0.0 
-6.2252788106591682e-006	0.0 
-6.9751366890430902e-006	0.0 
-5.9625221017994379e-006	0.0 
-3.5303975721076183e-006	0.0 
-2.8254544954618257e-007	0.0 
3.0918220041082478e-006	0.0 
5.9821161870402131e-006	0.0 
7.9719618756470493e-006	0.0 
8.8886238886344549e-006	0.0 
8.7881281401727716e-006	0.0 
7.8938632324462707e-006	0.0 
6.5128652035387663e-006	0.0 
4.9554306647750659e-006	0.0 
3.4736862861291792e-006	0.0 
2.2317383176217431e-006	0.0 
1.2990404861654995e-006	0.0 
6.7328026501993340e-007	0.0 
2.9766756801379871e-007	0.0 
1.0794900489797430e-007	0.0 
2.1813276761276063e-008	0.0 
0 
