# SWA-D24-2D03 Guralp FIR  filter parameter file 
theoretical  1  anti_alias   fir    coef_conv 
1000 2 50
101 
-0.000001	0.0 
-0.000006	0.0 
-0.000003	0.0 
-0.000043	0.0 
-0.000005	0.0 
0.000001	0.0 
0.000023	0.0 
0.000001	0.0 
-0.000053	0.0 
-0.000367	0.0 
0.000376	0.0 
0.000854	0.0 
0.000031	0.0 
-0.001276	0.0 
-0.000911	0.0 
0.001277	0.0 
0.002152	0.0 
-0.000462	0.0 
-0.003338	0.0 
-0.001409	0.0 
0.003771	0.0 
0.004194	0.0 
-0.002643	0.0 
-0.007201	0.0 
-0.000644	0.0 
0.009184	0.0 
0.006084	0.0 
-0.008578	0.0 
-0.012740	0.0 
0.003982	0.0 
0.018626	0.0 
0.005205	0.0 
-0.020941	0.0 
-0.018163	0.0 
0.016667	0.0 
0.032245	0.0 
-0.003466	0.0 
-0.042953	0.0 
-0.019326	0.0 
0.044309	0.0 
0.049791	0.0 
-0.029416	0.0 
-0.082608	0.0 
-0.009342	0.0 
0.107552	0.0 
0.081660	0.0 
-0.103110	0.0 
-0.204208	0.0 
-0.000031	0.0 
0.390433	0.0 
0.589958	0.0 
0.390433	0.0 
-0.000031	0.0 
-0.204208	0.0 
-0.103110	0.0 
0.081660	0.0 
0.107552	0.0 
-0.009342	0.0 
-0.082608	0.0 
-0.029416	0.0 
0.049791	0.0 
0.044309	0.0 
-0.019326	0.0 
-0.042953	0.0 
-0.003466	0.0 
0.032245	0.0 
0.016667	0.0 
-0.018163	0.0 
-0.020941	0.0 
0.005205	0.0 
0.018626	0.0 
0.003982	0.0 
-0.012740	0.0 
-0.008578	0.0 
0.006084	0.0 
0.009184	0.0 
-0.000644	0.0 
-0.007201	0.0 
-0.002643	0.0 
0.004194	0.0 
0.003771	0.0 
-0.001409	0.0 
-0.003338	0.0 
-0.000462	0.0 
0.002152	0.0 
0.001277	0.0 
-0.000911	0.0 
-0.001276	0.0 
0.000031	0.0 
0.000854	0.0 
0.000376	0.0 
-0.000367	0.0 
-0.000410	0.0 
0.000025	0.0 
0.000262	0.0 
0.000121	0.0 
-0.000100	0.0 
-0.000162	0.0 
-0.000098	0.0 
-0.000029	0.0 
-0.000003	0.0 
0 
