# SWA-D24-3D07 Guralp FIR  filter parameter file 
theoretical  1  anti_alias   fir    coef_conv 
1000 4 250
501 
-5.0732650899083687e-009	0.0 
2.0509667928507583e-008	0.0 
1.2804840773423484e-007	0.0 
4.1346786790693131e-007	0.0 
9.9059294098440571e-007	0.0 
1.9487980381403472e-006	0.0 
3.2881733721219860e-006	0.0 
4.8574698800792286e-006	0.0 
6.3299573866675871e-006	0.0 
7.2501575581122726e-006	0.0 
7.1626864885140831e-006	0.0 
5.7968713209351469e-006	0.0 
3.2413106181020107e-006	0.0 
2.2448201901462211e-008	0.0 
-2.9819591003507401e-006	0.0 
-4.8061712438448110e-006	0.0 
-4.7661002725532058e-006	0.0 
-2.7940023260925426e-006	0.0 
4.2416792068288081e-007	0.0 
3.6168974357857300e-006	0.0 
5.3882411536202983e-006	0.0 
4.8160780485392122e-006	0.0 
1.9330575853295889e-006	0.0 
-2.1583804495207979e-006	0.0 
-5.6554951378606930e-006	0.0 
-6.8135133747492892e-006	0.0 
-4.7894316638707029e-006	0.0 
-1.7372204480093622e-007	0.0 
5.0999928797508968e-006	0.0 
8.5188598366988982e-006	0.0 
8.1517383377251117e-006	0.0 
3.6879983863462619e-006	0.0 
-3.1842721611326736e-006	0.0 
-9.3479718470286477e-006	0.0 
-1.1625445810401595e-005	0.0 
-8.3689042004027350e-006	0.0 
-4.9834704700471389e-007	0.0 
8.6182837898221383e-006	0.0 
1.4543598699492329e-005	0.0 
1.3879374249146939e-005	0.0 
6.1287428503167544e-006	0.0 
-5.6734333083909488e-006	0.0 
-1.6049896651587216e-005	0.0 
-1.9560229710122816e-005	0.0 
-1.3581100627315895e-005	0.0 
4.1555149474486521e-010	0.0 
1.5190169378022730e-005	0.0 
2.4446569118679320e-005	0.0 
2.2351627830210380e-005	0.0 
8.6425944431216283e-006	0.0 
-1.1035944325009519e-005	0.0 
-2.7325529923514117e-005	0.0 
-3.1518505634409429e-005	0.0 
-2.0103191279915142e-005	0.0 
2.8336855765504429e-006	0.0 
2.6838474119718843e-005	0.0 
3.9742527392251812e-005	0.0 
3.3726073483705539e-005	0.0 
9.8229642360019601e-006	0.0 
-2.1636805479564257e-005	0.0 
-4.5329368560363563e-005	0.0 
-4.8285547824929893e-005	0.0 
-2.6820870052195990e-005	0.0 
1.0581485391698085e-005	0.0 
4.6361013883914064e-005	0.0 
6.1981847416476348e-005	0.0 
4.7384711390520180e-005	0.0 
7.0403336075450773e-006	0.0 
-4.0880123926940190e-005	0.0 
-7.2495712869445768e-005	0.0 
-6.9961687610099667e-005	0.0 
-3.1270933303089913e-005	0.0 
2.7156797932093225e-005	0.0 
7.7153524176908149e-005	0.0 
9.2203800357131709e-005	0.0 
6.1285761734346776e-005	0.0 
-3.9705128758052113e-006	0.0 
-7.3153926023434917e-005	0.0 
-1.1101677269664711e-004	0.0 
-9.5222362253065358e-005	0.0 
-2.9062219689042156e-005	0.0 
5.7908188055577711e-005	0.0 
1.2275533529961132e-004	0.0 
1.3013627422941567e-004	0.0 
7.1223938103043399e-005	0.0 
-2.9393668524414007e-005	0.0 
-1.2348357252122622e-004	0.0 
-1.6202097193298854e-004	0.0 
-1.2043919177591054e-004	0.0 
-1.3411108827698005e-005	0.0 
1.0939466868277600e-004	0.0 
1.8601481524286461e-004	0.0 
1.7316469158835222e-004	0.0 
7.0145925473912132e-005	0.0 
-7.7280610069768417e-005	0.0 
-1.9672587171927966e-004	0.0 
-2.2439618661604293e-004	0.0 
-1.3873514292484510e-004	0.0 
2.5059269360975570e-005	0.0 
1.8869928925054820e-004	0.0 
2.6783756324278010e-004	0.0 
2.1515424077666291e-004	0.0 
4.7678944729790952e-005	0.0 
-1.5702797425966227e-004	0.0 
-2.9628193050029294e-004	0.0 
-2.9338684435879938e-004	0.0 
-1.3921058589264041e-004	0.0 
9.8016093793684684e-005	0.0 
3.0215194536285274e-004	0.0 
3.6556113621253244e-004	0.0 
2.4531893557123351e-004	0.0 
-9.8846455180324976e-006	0.0 
-2.7821835778673475e-004	0.0 
-4.2232468995354901e-004	0.0 
-3.5912103893856191e-004	0.0 
-1.0656602654293751e-004	0.0 
2.1844729961237501e-004	0.0 
4.5346502813816157e-004	0.0 
4.7114346921738216e-004	0.0 
2.4742595102135055e-004	0.0 
-1.1889806525105773e-004	0.0 
-4.4874147289649828e-004	0.0 
-5.6966752185591953e-004	0.0 
-4.0533738445554132e-004	0.0 
-2.1392114671047314e-005	0.0 
3.9889890654523944e-004	0.0 
6.4136921819191726e-004	0.0 
5.6942114972564017e-004	0.0 
1.9962186304255838e-004	0.0 
-2.9680866296649753e-004	0.0 
-6.7226266786913084e-004	0.0 
-7.2554340759499296e-004	0.0 
-4.0865321716052001e-004	0.0 
1.3863055594970708e-004	0.0 
6.4889647470745232e-004	0.0 
8.5695053601064200e-004	0.0 
6.3674567240521384e-004	0.0 
7.5119347845749055e-005	0.0 
-5.5971643358203717e-004	0.0 
-9.4524890503217560e-004	0.0 
-8.6763772073272989e-004	0.0 
-3.3866578565754129e-004	0.0 
3.9654773737959344e-004	0.0 
9.7175191035255546e-004	0.0 
1.0810809744705239e-003	0.0 
6.4039697014030446e-004	0.0 
-1.5603678291035677e-004	0.0 
-9.1909511917576787e-004	0.0 
-1.2538228015724776e-003	0.0 
-9.6269530010022262e-004	0.0 
-1.5906812571324171e-004	0.0 
7.7302555450275273e-004	0.0 
1.3610203392933067e-003	0.0 
1.2822459910788618e-003	0.0 
5.3891852889700702e-004	0.0 
-5.2425668131271075e-004	0.0 
-1.3780518159049340e-003	0.0 
-1.5708911767830815e-003	0.0 
-9.6599718910534327e-004	0.0 
1.7022440921297480e-004	0.0 
1.2826156710745707e-003	0.0 
1.7970226853166490e-003	0.0 
1.4150729683521694e-003	0.0 
2.8339817567930436e-004	0.0 
-1.0570051195148858e-003	0.0 
-1.9274978357733507e-003	0.0 
-1.8537825916863815e-003	0.0 
-8.2161595286220650e-004	0.0 
6.9035870376673919e-004	0.0 
1.9299471654244599e-003	0.0 
2.2438221253545309e-003	0.0 
1.4195430460205417e-003	0.0 
-1.8075865628040049e-004	0.0 
-1.7753862344616980e-003	0.0 
-2.5427626797379947e-003	0.0 
-2.0424775821900757e-003	0.0 
-4.6301593785747630e-004	0.0 
1.4409550508717552e-003	0.0 
2.7064072477845269e-003	0.0 
2.6466630252587279e-003	0.0 
1.2202216206584258e-003	0.0 
-9.1262546793753597e-004	0.0 
-2.6916004429303531e-003	0.0 
-3.1807785616932371e-003	0.0 
-2.0575401725695234e-003	0.0 
1.8763991935694967e-004	0.0 
2.4592871563165726e-003	0.0 
3.5880744100491653e-003	0.0 
2.9291975854474866e-003	0.0 
7.2351591197415785e-004	0.0 
-1.9775825375456576e-003	0.0 
-3.8089746568654632e-003	0.0 
-3.7777656510393199e-003	0.0 
-1.7956991138089308e-003	0.0 
1.2246781838571061e-003	0.0 
3.7839864437459918e-003	0.0 
4.5355900529833945e-003	0.0 
2.9883447424272581e-003	0.0 
-1.9137952809968127e-004	0.0 
-3.4566934977423142e-003	0.0 
-5.1267294143550008e-003	0.0 
-4.2454338500596562e-003	0.0 
-1.1170198080911382e-003	0.0 
2.7764197887617955e-003	0.0 
5.4690393277333667e-003	0.0 
5.4960555459113618e-003	0.0 
2.6797182823869994e-003	0.0 
-1.7000814139301712e-003	0.0 
-5.4758216263030759e-003	0.0 
-6.6551605481402435e-003	0.0 
-4.4602404189409729e-003	0.0 
1.9279286148980195e-004	0.0 
5.0563984342052049e-003	0.0 
7.6240837710677819e-003	0.0 
6.4073356875063896e-003	0.0 
1.7737546870685900e-003	0.0 
-4.1141857569283371e-003	0.0 
-8.2897192095678571e-003	0.0 
-8.4569747019567001e-003	0.0 
-4.2267317719093082e-003	0.0 
2.5395919392093660e-003	0.0 
8.5199703600387436e-003	0.0 
1.0535086553789152e-002	0.0 
7.2040838140090364e-003	0.0 
-1.9285785854765671e-004	0.0 
-8.1512352866215543e-003	0.0 
-1.2561328407258014e-002	0.0 
-1.0780289108262982e-002	0.0 
-3.1361280443641176e-003	0.0 
6.9561047550346124e-003	0.0 
1.4453208138739907e-002	0.0 
1.5123899594141628e-002	0.0 
7.8248703038713771e-003	0.0 
-4.5595141722236474e-003	0.0 
-1.6130671432265039e-002	0.0 
-2.0644814277591690e-002	0.0 
-1.4684590346204634e-002	0.0 
1.9246297710168048e-004	0.0 
1.7520604605825493e-002	0.0 
2.8456490823455680e-002	0.0 
2.5866117752390977e-002	0.0 
8.2194122697980647e-003	0.0 
-1.8561087788871507e-002	0.0 
-4.2409948380565297e-002	0.0 
-4.9384946581279190e-002	0.0 
-2.9352357691890360e-002	0.0 
1.9205038556960773e-002	0.0 
8.7363992366313176e-002	0.0 
1.5791783998203060e-001	0.0 
2.1091671672002918e-001	0.0 
2.3057697436526703e-001	0.0 
2.1091671672002918e-001	0.0 
1.5791783998203060e-001	0.0 
8.7363992366313176e-002	0.0 
1.9205038556960773e-002	0.0 
-2.9352357691890360e-002	0.0 
-4.9384946581279190e-002	0.0 
-4.2409948380565297e-002	0.0 
-1.8561087788871507e-002	0.0 
8.2194122697980647e-003	0.0 
2.5866117752390977e-002	0.0 
2.8456490823455680e-002	0.0 
1.7520604605825493e-002	0.0 
1.9246297710168048e-004	0.0 
-1.4684590346204634e-002	0.0 
-2.0644814277591690e-002	0.0 
-1.6130671432265039e-002	0.0 
-4.5595141722236474e-003	0.0 
7.8248703038713771e-003	0.0 
1.5123899594141628e-002	0.0 
1.4453208138739907e-002	0.0 
6.9561047550346124e-003	0.0 
-3.1361280443641176e-003	0.0 
-1.0780289108262982e-002	0.0 
-1.2561328407258014e-002	0.0 
-8.1512352866215543e-003	0.0 
-1.9285785854765671e-004	0.0 
7.2040838140090364e-003	0.0 
1.0535086553789152e-002	0.0 
8.5199703600387436e-003	0.0 
2.5395919392093660e-003	0.0 
-4.2267317719093082e-003	0.0 
-8.4569747019567001e-003	0.0 
-8.2897192095678571e-003	0.0 
-4.1141857569283371e-003	0.0 
1.7737546870685900e-003	0.0 
6.4073356875063896e-003	0.0 
7.6240837710677819e-003	0.0 
5.0563984342052049e-003	0.0 
1.9279286148980195e-004	0.0 
-4.4602404189409729e-003	0.0 
-6.6551605481402435e-003	0.0 
-5.4758216263030759e-003	0.0 
-1.7000814139301712e-003	0.0 
2.6797182823869994e-003	0.0 
5.4960555459113618e-003	0.0 
5.4690393277333667e-003	0.0 
2.7764197887617955e-003	0.0 
-1.1170198080911382e-003	0.0 
-4.2454338500596562e-003	0.0 
-5.1267294143550008e-003	0.0 
-3.4566934977423142e-003	0.0 
-1.9137952809968127e-004	0.0 
2.9883447424272581e-003	0.0 
4.5355900529833945e-003	0.0 
3.7839864437459918e-003	0.0 
1.2246781838571061e-003	0.0 
-1.7956991138089308e-003	0.0 
-3.7777656510393199e-003	0.0 
-3.8089746568654632e-003	0.0 
-1.9775825375456576e-003	0.0 
7.2351591197415785e-004	0.0 
2.9291975854474866e-003	0.0 
3.5880744100491653e-003	0.0 
2.4592871563165726e-003	0.0 
1.8763991935694967e-004	0.0 
-2.0575401725695234e-003	0.0 
-3.1807785616932371e-003	0.0 
-2.6916004429303531e-003	0.0 
-9.1262546793753597e-004	0.0 
1.2202216206584258e-003	0.0 
2.6466630252587279e-003	0.0 
2.7064072477845269e-003	0.0 
1.4409550508717552e-003	0.0 
-4.6301593785747630e-004	0.0 
-2.0424775821900757e-003	0.0 
-2.5427626797379947e-003	0.0 
-1.7753862344616980e-003	0.0 
-1.8075865628040049e-004	0.0 
1.4195430460205417e-003	0.0 
2.2438221253545309e-003	0.0 
1.9299471654244599e-003	0.0 
6.9035870376673919e-004	0.0 
-8.2161595286220650e-004	0.0 
-1.8537825916863815e-003	0.0 
-1.9274978357733507e-003	0.0 
-1.0570051195148858e-003	0.0 
2.8339817567930436e-004	0.0 
1.4150729683521694e-003	0.0 
1.7970226853166490e-003	0.0 
1.2826156710745707e-003	0.0 
1.7022440921297480e-004	0.0 
-9.6599718910534327e-004	0.0 
-1.5708911767830815e-003	0.0 
-1.3780518159049340e-003	0.0 
-5.2425668131271075e-004	0.0 
5.3891852889700702e-004	0.0 
1.2822459910788618e-003	0.0 
1.3610203392933067e-003	0.0 
7.7302555450275273e-004	0.0 
-1.5906812571324171e-004	0.0 
-9.6269530010022262e-004	0.0 
-1.2538228015724776e-003	0.0 
-9.1909511917576787e-004	0.0 
-1.5603678291035677e-004	0.0 
6.4039697014030446e-004	0.0 
1.0810809744705239e-003	0.0 
9.7175191035255546e-004	0.0 
3.9654773737959344e-004	0.0 
-3.3866578565754129e-004	0.0 
-8.6763772073272989e-004	0.0 
-9.4524890503217560e-004	0.0 
-5.5971643358203717e-004	0.0 
7.5119347845749055e-005	0.0 
6.3674567240521384e-004	0.0 
8.5695053601064200e-004	0.0 
6.4889647470745232e-004	0.0 
1.3863055594970708e-004	0.0 
-4.0865321716052001e-004	0.0 
-7.2554340759499296e-004	0.0 
-6.7226266786913084e-004	0.0 
-2.9680866296649753e-004	0.0 
1.9962186304255838e-004	0.0 
5.6942114972564017e-004	0.0 
6.4136921819191726e-004	0.0 
3.9889890654523944e-004	0.0 
-2.1392114671047314e-005	0.0 
-4.0533738445554132e-004	0.0 
-5.6966752185591953e-004	0.0 
-4.4874147289649828e-004	0.0 
-1.1889806525105773e-004	0.0 
2.4742595102135055e-004	0.0 
4.7114346921738216e-004	0.0 
4.5346502813816157e-004	0.0 
2.1844729961237501e-004	0.0 
-1.0656602654293751e-004	0.0 
-3.5912103893856191e-004	0.0 
-4.2232468995354901e-004	0.0 
-2.7821835778673475e-004	0.0 
-9.8846455180324976e-006	0.0 
2.4531893557123351e-004	0.0 
3.6556113621253244e-004	0.0 
3.0215194536285274e-004	0.0 
9.8016093793684684e-005	0.0 
-1.3921058589264041e-004	0.0 
-2.9338684435879938e-004	0.0 
-2.9628193050029294e-004	0.0 
-1.5702797425966227e-004	0.0 
4.7678944729790952e-005	0.0 
2.1515424077666291e-004	0.0 
2.6783756324278010e-004	0.0 
1.8869928925054820e-004	0.0 
2.5059269360975570e-005	0.0 
-1.3873514292484510e-004	0.0 
-2.2439618661604293e-004	0.0 
-1.9672587171927966e-004	0.0 
-7.7280610069768417e-005	0.0 
7.0145925473912132e-005	0.0 
1.7316469158835222e-004	0.0 
1.8601481524286461e-004	0.0 
1.0939466868277600e-004	0.0 
-1.3411108827698005e-005	0.0 
-1.2043919177591054e-004	0.0 
-1.6202097193298854e-004	0.0 
-1.2348357252122622e-004	0.0 
-2.9393668524414007e-005	0.0 
7.1223938103043399e-005	0.0 
1.3013627422941567e-004	0.0 
1.2275533529961132e-004	0.0 
5.7908188055577711e-005	0.0 
-2.9062219689042156e-005	0.0 
-9.5222362253065358e-005	0.0 
-1.1101677269664711e-004	0.0 
-7.3153926023434917e-005	0.0 
-3.9705128758052113e-006	0.0 
6.1285761734346776e-005	0.0 
9.2203800357131709e-005	0.0 
7.7153524176908149e-005	0.0 
2.7156797932093225e-005	0.0 
-3.1270933303089913e-005	0.0 
-6.9961687610099667e-005	0.0 
-7.2495712869445768e-005	0.0 
-4.0880123926940190e-005	0.0 
7.0403336075450773e-006	0.0 
4.7384711390520180e-005	0.0 
6.1981847416476348e-005	0.0 
4.6361013883914064e-005	0.0 
1.0581485391698085e-005	0.0 
-2.6820870052195990e-005	0.0 
-4.8285547824929893e-005	0.0 
-4.5329368560363563e-005	0.0 
-2.1636805479564257e-005	0.0 
9.8229642360019601e-006	0.0 
3.3726073483705539e-005	0.0 
3.9742527392251812e-005	0.0 
2.6838474119718843e-005	0.0 
2.8336855765504429e-006	0.0 
-2.0103191279915142e-005	0.0 
-3.1518505634409429e-005	0.0 
-2.7325529923514117e-005	0.0 
-1.1035944325009519e-005	0.0 
8.6425944431216283e-006	0.0 
2.2351627830210380e-005	0.0 
2.4446569118679320e-005	0.0 
1.5190169378022730e-005	0.0 
4.1555149474486521e-010	0.0 
-1.3581100627315895e-005	0.0 
-1.9560229710122816e-005	0.0 
-1.6049896651587216e-005	0.0 
-5.6734333083909488e-006	0.0 
6.1287428503167544e-006	0.0 
1.3879374249146939e-005	0.0 
1.4543598699492329e-005	0.0 
8.6182837898221383e-006	0.0 
-4.9834704700471389e-007	0.0 
-8.3689042004027350e-006	0.0 
-1.1625445810401595e-005	0.0 
-9.3479718470286477e-006	0.0 
-3.1842721611326736e-006	0.0 
3.6879983863462619e-006	0.0 
8.1517383377251117e-006	0.0 
8.5188598366988982e-006	0.0 
5.0999928797508968e-006	0.0 
-1.7372204480093622e-007	0.0 
-4.7894316638707029e-006	0.0 
-6.8135133747492892e-006	0.0 
-5.6554951378606930e-006	0.0 
-2.1583804495207979e-006	0.0 
1.9330575853295889e-006	0.0 
4.8160780485392122e-006	0.0 
5.3882411536202983e-006	0.0 
3.6168974357857300e-006	0.0 
4.2416792068288081e-007	0.0 
-2.7940023260925426e-006	0.0 
-4.7661002725532058e-006	0.0 
-4.8061712438448110e-006	0.0 
-2.9819591003507401e-006	0.0 
2.2448201901462211e-008	0.0 
3.2413106181020107e-006	0.0 
5.7968713209351469e-006	0.0 
7.1626864885140831e-006	0.0 
7.2501575581122726e-006	0.0 
6.3299573866675871e-006	0.0 
4.8574698800792286e-006	0.0 
3.2881733721219860e-006	0.0 
1.9487980381403472e-006	0.0 
9.9059294098440571e-007	0.0 
4.1346786790693131e-007	0.0 
1.2804840773423484e-007	0.0 
2.0509667928507583e-008	0.0 
-5.0732650899083687e-009	0.0 
0 
