# SWA-D24-3D01 Guralp FIR  filter parameter file 
theoretical  1  anti_alias   fir    coef_conv 
1000 8 17.5
36 
3.0517578125000000e-005	0.0 
1.5258789062500000e-004	0.0 
4.5776367187500000e-004	0.0 
1.0681152343750000e-003	0.0 
2.1362304687500000e-003	0.0 
3.8452148437500000e-003	0.0 
6.4086914062500000e-003	0.0 
1.0070800781250000e-002	0.0 
1.4953613281250000e-002	0.0 
2.1057128906250000e-002	0.0 
2.8259277343750000e-002	0.0 
3.6315917968750000e-002	0.0 
4.4860839843750000e-002	0.0 
5.3405761718750000e-002	0.0 
6.1340332031250000e-002	0.0 
6.7932128906250000e-002	0.0 
7.2631835937500000e-002	0.0 
7.5073242187500000e-002	0.0 
7.5073242187500000e-002	0.0 
7.2631835937500000e-002	0.0 
6.7932128906250000e-002	0.0 
6.1340332031250000e-002	0.0 
5.3405761718750000e-002	0.0 
4.4860839843750000e-002	0.0 
3.6315917968750000e-002	0.0 
2.8259277343750000e-002	0.0 
2.1057128906250000e-002	0.0 
1.4953613281250000e-002	0.0 
1.0070800781250000e-002	0.0 
6.4086914062500000e-003	0.0 
3.8452148437500000e-003	0.0 
2.1362304687500000e-003	0.0 
1.0681152343750000e-003	0.0 
4.5776367187500000e-004	0.0 
1.5258789062500000e-004	0.0 
3.0517578125000000e-005	0.0 
0 
