# SWA-D24-2D06 Guralp FIR  filter parameter file 
theoretical  1  anti_alias   fir    coef_conv 
1000 5 600
1201 
0.000000000000000	0.0 
0.000000000000000	0.0 
0.000000000000000	0.0 
0.000000000000000	0.0 
0.000000000000000	0.0 
0.000000000000000	0.0 
0.000000000000000	0.0 
0.000000000000000	0.0 
0.000000000000000	0.0 
0.000000000000000	0.0 
0.000000029802322	0.0 
0.000000029802322	0.0 
0.000000029802322	0.0 
0.000000000000000	0.0 
-0.000000029802322	0.0 
-0.000000059604645	0.0 
-0.000000059604645	0.0 
-0.000000059604645	0.0 
-0.000000029802322	0.0 
0.000000000000000	0.0 
0.000000059604645	0.0 
0.000000119209290	0.0 
0.000000119209290	0.0 
0.000000119209290	0.0 
0.000000029802322	0.0 
-0.000000059604645	0.0 
-0.000000149011612	0.0 
-0.000000208616257	0.0 
-0.000000208616257	0.0 
-0.000000119209290	0.0 
0.000000000000000	0.0 
0.000000149011612	0.0 
0.000000268220901	0.0 
0.000000298023224	0.0 
0.000000238418579	0.0 
0.000000089406967	0.0 
-0.000000089406967	0.0 
-0.000000298023224	0.0 
-0.000000417232513	0.0 
-0.000000417232513	0.0 
-0.000000268220901	0.0 
-0.000000029802322	0.0 
0.000000268220901	0.0 
0.000000476837158	0.0 
0.000000566244125	0.0 
0.000000476837158	0.0 
0.000000208616257	0.0 
-0.000000119209290	0.0 
-0.000000476837158	0.0 
-0.000000685453415	0.0 
-0.000000715255737	0.0 
-0.000000476837158	0.0 
-0.000000089406967	0.0 
0.000000357627869	0.0 
0.000000745058060	0.0 
0.000000923871994	0.0 
0.000000804662704	0.0 
0.000000417232513	0.0 
-0.000000119209290	0.0 
-0.000000685453415	0.0 
-0.000001043081284	0.0 
-0.000001102685928	0.0 
-0.000000834465027	0.0 
-0.000000238418579	0.0 
0.000000447034836	0.0 
0.000001043081284	0.0 
0.000001370906830	0.0 
0.000001251697540	0.0 
0.000000715255737	0.0 
-0.000000059604645	0.0 
-0.000000894069672	0.0 
-0.000001490116119	0.0 
-0.000001639127731	0.0 
-0.000001281499863	0.0 
-0.000000476837158	0.0 
0.000000506639481	0.0 
0.000001400709152	0.0 
0.000001907348633	0.0 
0.000001817941666	0.0 
0.000001162290573	0.0 
0.000000089406967	0.0 
-0.000001072883606	0.0 
-0.000001966953278	0.0 
-0.000002294778824	0.0 
-0.000001907348633	0.0 
-0.000000864267349	0.0 
0.000000476837158	0.0 
0.000001758337021	0.0 
0.000002562999725	0.0 
0.000002562999725	0.0 
0.000001788139343	0.0 
0.000000357627869	0.0 
-0.000001221895218	0.0 
-0.000002533197403	0.0 
-0.000003099441528	0.0 
-0.000002712011337	0.0 
-0.000001430511475	0.0 
0.000000357627869	0.0 
0.000002115964890	0.0 
0.000003308057785	0.0 
0.000003516674042	0.0 
0.000002592802048	0.0 
0.000000834465027	0.0 
-0.000001311302185	0.0 
-0.000003129243851	0.0 
-0.000004053115845	0.0 
-0.000003755092621	0.0 
-0.000002235174179	0.0 
0.000000059604645	0.0 
0.000002473592758	0.0 
0.000004202127457	0.0 
0.000004678964615	0.0 
0.000003695487976	0.0 
0.000001519918442	0.0 
-0.000001251697540	0.0 
-0.000003755092621	0.0 
-0.000005215406418	0.0 
-0.000005066394806	0.0 
-0.000003308057785	0.0 
-0.000000447034836	0.0 
0.000002712011337	0.0 
0.000005155801773	0.0 
0.000006079673767	0.0 
0.000005125999451	0.0 
0.000002503395081	0.0 
-0.000001013278961	0.0 
-0.000004410743713	0.0 
-0.000006556510925	0.0 
-0.000006705522537	0.0 
-0.000004768371582	0.0 
-0.000001221895218	0.0 
0.000002861022949	0.0 
0.000006228685379	0.0 
0.000007778406143	0.0 
0.000006943941116	0.0 
0.000003874301910	0.0 
-0.000000536441803	0.0 
-0.000005006790161	0.0 
-0.000008106231689	0.0 
-0.000008761882782	0.0 
-0.000006675720215	0.0 
-0.000002384185791	0.0 
0.000002831220627	0.0 
0.000007390975952	0.0 
0.000009834766388	0.0 
0.000009268522263	0.0 
0.000005751848221	0.0 
0.000000268220901	0.0 
-0.000005543231964	0.0 
-0.000009864568710	0.0 
-0.000011235475540	0.0 
-0.000009119510651	0.0 
-0.000004053115845	0.0 
0.000002562999725	0.0 
0.000008612871170	0.0 
0.000012218952179	0.0 
0.000012129545212	0.0 
0.000008195638657	0.0 
0.000001490116119	0.0 
-0.000005960464478	0.0 
-0.000011861324310	0.0 
-0.000014275312424	0.0 
-0.000012248754501	0.0 
-0.000006258487701	0.0 
0.000001937150955	0.0 
0.000009894371033	0.0 
0.000015050172806	0.0 
0.000015676021576	0.0 
0.000011354684830	0.0 
0.000003248453140	0.0 
-0.000006228685379	0.0 
-0.000014126300812	0.0 
-0.000017881393433	0.0 
-0.000016152858734	0.0 
-0.000009238719940	0.0 
0.000000923871994	0.0 
0.000011205673218	0.0 
0.000018358230591	0.0 
0.000019997358322	0.0 
0.000015377998352	0.0 
0.000005692243576	0.0 
-0.000006198883057	0.0 
-0.000016629695892	0.0 
-0.000022232532501	0.0 
-0.000021010637283	0.0 
-0.000013053417206	0.0 
-0.000000655651093	0.0 
0.000012457370758	0.0 
0.000022172927856	0.0 
0.000025272369385	0.0 
0.000020444393158	0.0 
0.000008940696716	0.0 
-0.000005841255188	0.0 
-0.000019401311874	0.0 
-0.000027358531952	0.0 
-0.000026941299438	0.0 
-0.000017970800400	0.0 
-0.000002920627594	0.0 
0.000013679265976	0.0 
0.000026583671570	0.0 
0.000031590461731	0.0 
0.000026732683182	0.0 
0.000013202428818	0.0 
-0.000005066394806	0.0 
-0.000022441148758	0.0 
-0.000033408403397	0.0 
-0.000034183263779	0.0 
-0.000024110078812	0.0 
-0.000005990266800	0.0 
0.000014752149582	0.0 
0.000031650066376	0.0 
0.000039130449295	0.0 
0.000034451484680	0.0 
0.000018656253815	0.0 
-0.000003695487976	0.0 
-0.000025779008865	0.0 
-0.000040501356125	0.0 
-0.000042915344238	0.0 
-0.000031769275665	0.0 
-0.000010073184967	0.0 
0.000015646219254	0.0 
0.000037401914597	0.0 
0.000048071146011	0.0 
0.000043869018555	0.0 
0.000025510787964	0.0 
-0.000001668930054	0.0 
-0.000029355287552	0.0 
-0.000048756599426	0.0 
-0.000053346157074	0.0 
-0.000041127204895	0.0 
-0.000015348196030	0.0 
0.000016301870346	0.0 
0.000043958425522	0.0 
0.000058650970459	0.0 
0.000055193901062	0.0 
0.000034034252167	0.0 
0.000001221895218	0.0 
-0.000033199787140	0.0 
-0.000058323144913	0.0 
-0.000065773725510	0.0 
-0.000052541494370	0.0 
-0.000022053718567	0.0 
0.000016570091248	0.0 
0.000051349401474	0.0 
0.000071018934250	0.0 
0.000068753957748	0.0 
0.000044465065002	0.0 
0.000005125999451	0.0 
-0.000037312507629	0.0 
-0.000069350004196	0.0 
-0.000080436468124	0.0 
-0.000066280364990	0.0 
-0.000030428171158	0.0 
0.000016421079636	0.0 
0.000059694051743	0.0 
0.000085473060608	0.0 
0.000084877014160	0.0 
0.000057160854340	0.0 
0.000010222196579	0.0 
-0.000041633844376	0.0 
-0.000082045793533	0.0 
-0.000097692012787	0.0 
-0.000082671642303	0.0 
-0.000040709972382	0.0 
0.000015705823898	0.0 
0.000069051980972	0.0 
0.000102221965790	0.0 
0.000103890895844	0.0 
0.000072419643402	0.0 
0.000016748905182	0.0 
-0.000046223402023	0.0 
-0.000096559524536	0.0 
-0.000117808580399	0.0 
-0.000102102756500	0.0 
-0.000053256750107	0.0 
0.000014275312424	0.0 
0.000079542398453	0.0 
0.000121593475342	0.0 
0.000126183032990	0.0 
0.000090628862381	0.0 
0.000024884939194	0.0 
-0.000051021575928	0.0 
-0.000113129615784	0.0 
-0.000141173601151	0.0 
-0.000124990940094	0.0 
-0.000068336725235	0.0 
0.000012069940567	0.0 
0.000091224908829	0.0 
0.000143855810165	0.0 
0.000152200460434	0.0 
0.000112146139145	0.0 
0.000034928321838	0.0 
-0.000055968761444	0.0 
-0.000131934881210	0.0 
-0.000168174505234	0.0 
-0.000151783227921	0.0 
-0.000086307525635	0.0 
0.000008851289749	0.0 
0.000104248523712	0.0 
0.000169366598129	0.0 
0.000182360410690	0.0 
0.000137448310852	0.0 
0.000047147274017	0.0 
-0.000061124563217	0.0 
-0.000153243541718	0.0 
-0.000199258327484	0.0 
-0.000182956457138	0.0 
-0.000107616186142	0.0 
0.000004529953003	0.0 
0.000118702650070	0.0 
0.000198483467102	0.0 
0.000217199325562	0.0 
0.000167012214661	0.0 
0.000061810016632	0.0 
-0.000066399574280	0.0 
-0.000177294015884	0.0 
-0.000234872102737	0.0 
-0.000219047069550	0.0 
-0.000132620334625	0.0 
-0.000001132488251	0.0 
0.000134736299515	0.0 
0.000231593847275	0.0 
0.000257253646851	0.0 
0.000201344490051	0.0 
0.000079303979874	0.0 
-0.000071763992310	0.0 
-0.000204414129257	0.0 
-0.000275552272797	0.0 
-0.000260621309280	0.0 
-0.000161826610565	0.0 
-0.000008285045624	0.0 
0.000152438879013	0.0 
0.000269144773483	0.0 
0.000303089618683	0.0 
0.000241011381149	0.0 
0.000099956989288	0.0 
-0.000077247619629	0.0 
-0.000234842300415	0.0 
-0.000321865081787	0.0 
-0.000308364629745	0.0 
-0.000195741653442	0.0 
-0.000017166137695	0.0 
0.000172048807144	0.0 
0.000311613082886	0.0 
0.000355392694473	0.0 
0.000286638736725	0.0 
0.000124156475067	0.0 
-0.000082731246948	0.0 
-0.000269025564194	0.0 
-0.000374436378479	0.0 
-0.000362932682037	0.0 
-0.000234901905060	0.0 
-0.000028014183044	0.0 
0.000193655490875	0.0 
0.000359535217285	0.0 
0.000414907932281	0.0 
0.000338971614838	0.0 
0.000152349472046	0.0 
-0.000088244676590	0.0 
-0.000307261943817	0.0 
-0.000433951616287	0.0 
-0.000425159931183	0.0 
-0.000279963016510	0.0 
-0.000041097402573	0.0 
0.000217497348785	0.0 
0.000413537025452	0.0 
0.000482469797134	0.0 
0.000398755073547	0.0 
0.000185042619705	0.0 
-0.000093758106232	0.0 
-0.000350087881088	0.0 
-0.000501215457916	0.0 
-0.000495910644531	0.0 
-0.000331610441208	0.0 
-0.000056654214859	0.0 
0.000243812799454	0.0 
0.000474274158478	0.0 
0.000558972358704	0.0 
0.000466883182526	0.0 
0.000222802162170	0.0 
-0.000099182128906	0.0 
-0.000397950410843	0.0 
-0.000577151775360	0.0 
-0.000576227903366	0.0 
-0.000390678644180	0.0 
-0.000075101852417	0.0 
0.000272870063782	0.0 
0.000542581081390	0.0 
0.000645548105240	0.0 
0.000544399023056	0.0 
0.000266224145889	0.0 
-0.000104546546936	0.0 
-0.000451475381851	0.0 
-0.000662803649902	0.0 
-0.000667273998260	0.0 
-0.000458091497421	0.0 
-0.000096738338470	0.0 
0.000304996967316	0.0 
0.000619351863861	0.0 
0.000743418931961	0.0 
0.000632494688034	0.0 
0.000316053628922	0.0 
-0.000109761953354	0.0 
-0.000511348247528	0.0 
-0.000759392976761	0.0 
-0.000770449638367	0.0 
-0.000534951686859	0.0 
-0.000122010707855	0.0 
0.000340521335602	0.0 
0.000705748796463	0.0 
0.000854104757309	0.0 
0.000732570886612	0.0 
0.000373214483261	0.0 
-0.000114858150482	0.0 
-0.000578463077545	0.0 
-0.000868439674377	0.0 
-0.000887453556061	0.0 
-0.000622540712357	0.0 
-0.000151485204697	0.0 
0.000379979610443	0.0 
0.000803083181381	0.0 
0.000979423522949	0.0 
0.000846356153488	0.0 
0.000438690185547	0.0 
-0.000119775533676	0.0 
-0.000653862953186	0.0 
-0.000991761684418	0.0 
-0.001020252704620	0.0 
-0.000722497701645	0.0 
-0.000185757875443	0.0 
0.000423938035965	0.0 
0.000912994146347	0.0 
0.001121610403061	0.0 
0.000975936651230	0.0 
0.000513821840286	0.0 
-0.000124484300613	0.0 
-0.000738799571991	0.0 
-0.001131623983383	0.0 
-0.001171469688416	0.0 
-0.000836819410324	0.0 
-0.000225573778152	0.0 
0.000473171472549	0.0 
0.001037627458572	0.0 
0.001283496618271	0.0 
0.001124024391174	0.0 
0.000600248575211	0.0 
-0.000128984451294	0.0 
-0.000835001468658	0.0 
-0.001290917396545	0.0 
-0.001344293355942	0.0 
-0.000968009233475	0.0 
-0.000272005796432	0.0 
0.000528603792191	0.0 
0.001179635524750	0.0 
0.001468718051910	0.0 
0.001294046640396	0.0 
0.000700086355209	0.0 
-0.000133216381073	0.0 
-0.000944644212723	0.0 
-0.001473456621170	0.0 
-0.001542985439301	0.0 
-0.001119434833527	0.0 
-0.000326246023178	0.0 
0.000591516494751	0.0 
0.001342624425888	0.0 
0.001682043075562	0.0 
0.001490503549576	0.0 
0.000816047191620	0.0 
-0.000137209892273	0.0 
-0.001070588827133	0.0 
-0.001684218645096	0.0 
-0.001773118972778	0.0 
-0.001295477151871	0.0 
-0.000390052795410	0.0 
0.000663638114929	0.0 
0.001531362533569	0.0 
0.001929968595505	0.0 
0.001719564199448	0.0 
0.000951945781708	0.0 
-0.000140905380249	0.0 
-0.001216828823090	0.0 
-0.001930087804794	0.0 
-0.002042472362518	0.0 
-0.001502245664597	0.0 
-0.000465750694275	0.0 
0.000747382640839	0.0 
0.001752495765686	0.0 
0.002221465110779	0.0 
0.001989722251892	0.0 
0.001113027334213	0.0 
-0.000144332647324	0.0 
-0.001388877630234	0.0 
-0.002220809459686	0.0 
-0.002361923456192	0.0 
-0.001748353242874	0.0 
-0.000556677579880	0.0 
0.000846177339554	0.0 
0.002015501260757	0.0 
0.002569466829300	0.0 
0.002313256263733	0.0 
0.001306802034378	0.0 
-0.000147461891174	0.0 
-0.001594901084900	0.0 
-0.002570390701294	0.0 
-0.002747386693954	0.0 
-0.002046376466751	0.0 
-0.000667721033096	0.0 
0.000965029001236	0.0 
0.002334505319595	0.0 
0.002993077039719	0.0 
0.002708464860916	0.0 
0.001544594764709	0.0 
-0.000150263309479	0.0 
-0.001847028732300	0.0 
-0.003000319004059	0.0 
-0.003223061561584	0.0 
-0.002415627241135	0.0 
-0.000806361436844	0.0 
0.001111716032028	0.0 
0.002731263637543	0.0 
0.003522098064423	0.0 
0.003203898668289	0.0 
0.001844167709351	0.0 
-0.000152736902237	0.0 
-0.002164632081985	0.0 
-0.003544509410858	0.0 
-0.003827691078186	0.0 
-0.002886980772018	0.0 
-0.000984668731689	0.0 
0.001298934221268	0.0 
0.003241330385208	0.0 
0.004205346107483	0.0 
0.003846675157547	0.0 
0.002234846353531	0.0 
-0.000154912471771	0.0 
-0.002580165863037	0.0 
-0.004260480403900	0.0 
-0.004627138376236	0.0 
-0.003513485193253	0.0 
-0.001223504543304	0.0 
0.001548588275909	0.0 
0.003926932811737	0.0 
0.005128920078278	0.0 
0.004720449447632	0.0 
0.002769321203232	0.0 
-0.000156730413437	0.0 
-0.003152698278427	0.0 
-0.005253702402115	0.0 
-0.005743175745010	0.0 
-0.004393935203552	0.0 
-0.001562029123306	0.0 
0.001902461051941	0.0 
0.004907488822937	0.0 
0.006459712982178	0.0 
0.005989074707031	0.0 
0.003551721572876	0.0 
-0.000158250331879	0.0 
-0.004001855850220	0.0 
-0.006740212440491	0.0 
-0.007428675889969	0.0 
-0.005736172199249	0.0 
-0.002083778381348	0.0 
0.002450764179230	0.0 
0.006444603204727	0.0 
0.008569031953812	0.0 
0.008022785186768	0.0 
0.004821300506592	0.0 
-0.000159412622452	0.0 
-0.005412012338638	0.0 
-0.009243309497833	0.0 
-0.010307729244232	0.0 
-0.008063733577728	0.0 
-0.003003716468811	0.0 
0.003430753946304	0.0 
0.009243220090866	0.0 
0.012482017278671	0.0 
0.011871159076691	0.0 
0.007275283336639	0.0 
-0.000160247087479	0.0 
-0.008263736963272	0.0 
-0.014438122510910	0.0 
-0.016450464725494	0.0 
-0.013180375099182	0.0 
-0.005093306303024	0.0 
0.005732715129852	0.0 
0.016076713800430	0.0 
0.022447168827057	0.0 
0.022137075662613	0.0 
0.014167934656143	0.0 
-0.000160753726959	0.0 
-0.017312884330750	0.0 
-0.032190740108490	0.0 
-0.039314687252045	0.0 
-0.034229904413223	0.0 
-0.014782160520554	0.0 
0.018081814050674	0.0 
0.060228377580643	0.0 
0.105028897523880	0.0 
0.144694983959198	0.0 
0.171952784061432	0.0 
0.181657254695892	0.0 
0.171952784061432	0.0 
0.144694983959198	0.0 
0.105028897523880	0.0 
0.060228377580643	0.0 
0.018081814050674	0.0 
-0.014782160520554	0.0 
-0.034229904413223	0.0 
-0.039314687252045	0.0 
-0.032190740108490	0.0 
-0.017312884330750	0.0 
-0.000160753726959	0.0 
0.014167934656143	0.0 
0.022137075662613	0.0 
0.022447168827057	0.0 
0.016076713800430	0.0 
0.005732715129852	0.0 
-0.005093306303024	0.0 
-0.013180375099182	0.0 
-0.016450464725494	0.0 
-0.014438122510910	0.0 
-0.008263736963272	0.0 
-0.000160247087479	0.0 
0.007275283336639	0.0 
0.011871159076691	0.0 
0.012482017278671	0.0 
0.009243220090866	0.0 
0.003430753946304	0.0 
-0.003003716468811	0.0 
-0.008063733577728	0.0 
-0.010307729244232	0.0 
-0.009243309497833	0.0 
-0.005412012338638	0.0 
-0.000159412622452	0.0 
0.004821300506592	0.0 
0.008022785186768	0.0 
0.008569031953812	0.0 
0.006444603204727	0.0 
0.002450764179230	0.0 
-0.002083778381348	0.0 
-0.005736172199249	0.0 
-0.007428675889969	0.0 
-0.006740212440491	0.0 
-0.004001855850220	0.0 
-0.000158250331879	0.0 
0.003551721572876	0.0 
0.005989074707031	0.0 
0.006459712982178	0.0 
0.004907488822937	0.0 
0.001902461051941	0.0 
-0.001562029123306	0.0 
-0.004393935203552	0.0 
-0.005743175745010	0.0 
-0.005253702402115	0.0 
-0.003152698278427	0.0 
-0.000156730413437	0.0 
0.002769321203232	0.0 
0.004720449447632	0.0 
0.005128920078278	0.0 
0.003926932811737	0.0 
0.001548588275909	0.0 
-0.001223504543304	0.0 
-0.003513485193253	0.0 
-0.004627138376236	0.0 
-0.004260480403900	0.0 
-0.002580165863037	0.0 
-0.000154912471771	0.0 
0.002234846353531	0.0 
0.003846675157547	0.0 
0.004205346107483	0.0 
0.003241330385208	0.0 
0.001298934221268	0.0 
-0.000984668731689	0.0 
-0.002886980772018	0.0 
-0.003827691078186	0.0 
-0.003544509410858	0.0 
-0.002164632081985	0.0 
-0.000152736902237	0.0 
0.001844167709351	0.0 
0.003203898668289	0.0 
0.003522098064423	0.0 
0.002731263637543	0.0 
0.001111716032028	0.0 
-0.000806361436844	0.0 
-0.002415627241135	0.0 
-0.003223061561584	0.0 
-0.003000319004059	0.0 
-0.001847028732300	0.0 
-0.000150263309479	0.0 
0.001544594764709	0.0 
0.002708464860916	0.0 
0.002993077039719	0.0 
0.002334505319595	0.0 
0.000965029001236	0.0 
-0.000667721033096	0.0 
-0.002046376466751	0.0 
-0.002747386693954	0.0 
-0.002570390701294	0.0 
-0.001594901084900	0.0 
-0.000147461891174	0.0 
0.001306802034378	0.0 
0.002313256263733	0.0 
0.002569466829300	0.0 
0.002015501260757	0.0 
0.000846177339554	0.0 
-0.000556677579880	0.0 
-0.001748353242874	0.0 
-0.002361923456192	0.0 
-0.002220809459686	0.0 
-0.001388877630234	0.0 
-0.000144332647324	0.0 
0.001113027334213	0.0 
0.001989722251892	0.0 
0.002221465110779	0.0 
0.001752495765686	0.0 
0.000747382640839	0.0 
-0.000465750694275	0.0 
-0.001502245664597	0.0 
-0.002042472362518	0.0 
-0.001930087804794	0.0 
-0.001216828823090	0.0 
-0.000140905380249	0.0 
0.000951945781708	0.0 
0.001719564199448	0.0 
0.001929968595505	0.0 
0.001531362533569	0.0 
0.000663638114929	0.0 
-0.000390052795410	0.0 
-0.001295477151871	0.0 
-0.001773118972778	0.0 
-0.001684218645096	0.0 
-0.001070588827133	0.0 
-0.000137209892273	0.0 
0.000816047191620	0.0 
0.001490503549576	0.0 
0.001682043075562	0.0 
0.001342624425888	0.0 
0.000591516494751	0.0 
-0.000326246023178	0.0 
-0.001119434833527	0.0 
-0.001542985439301	0.0 
-0.001473456621170	0.0 
-0.000944644212723	0.0 
-0.000133216381073	0.0 
0.000700086355209	0.0 
0.001294046640396	0.0 
0.001468718051910	0.0 
0.001179635524750	0.0 
0.000528603792191	0.0 
-0.000272005796432	0.0 
-0.000968009233475	0.0 
-0.001344293355942	0.0 
-0.001290917396545	0.0 
-0.000835001468658	0.0 
-0.000128984451294	0.0 
0.000600248575211	0.0 
0.001124024391174	0.0 
0.001283496618271	0.0 
0.001037627458572	0.0 
0.000473171472549	0.0 
-0.000225573778152	0.0 
-0.000836819410324	0.0 
-0.001171469688416	0.0 
-0.001131623983383	0.0 
-0.000738799571991	0.0 
-0.000124484300613	0.0 
0.000513821840286	0.0 
0.000975936651230	0.0 
0.001121610403061	0.0 
0.000912994146347	0.0 
0.000423938035965	0.0 
-0.000185757875443	0.0 
-0.000722497701645	0.0 
-0.001020252704620	0.0 
-0.000991761684418	0.0 
-0.000653862953186	0.0 
-0.000119775533676	0.0 
0.000438690185547	0.0 
0.000846356153488	0.0 
0.000979423522949	0.0 
0.000803083181381	0.0 
0.000379979610443	0.0 
-0.000151485204697	0.0 
-0.000622540712357	0.0 
-0.000887453556061	0.0 
-0.000868439674377	0.0 
-0.000578463077545	0.0 
-0.000114858150482	0.0 
0.000373214483261	0.0 
0.000732570886612	0.0 
0.000854104757309	0.0 
0.000705748796463	0.0 
0.000340521335602	0.0 
-0.000122010707855	0.0 
-0.000534951686859	0.0 
-0.000770449638367	0.0 
-0.000759392976761	0.0 
-0.000511348247528	0.0 
-0.000109761953354	0.0 
0.000316053628922	0.0 
0.000632494688034	0.0 
0.000743418931961	0.0 
0.000619351863861	0.0 
0.000304996967316	0.0 
-0.000096738338470	0.0 
-0.000458091497421	0.0 
-0.000667273998260	0.0 
-0.000662803649902	0.0 
-0.000451475381851	0.0 
-0.000104546546936	0.0 
0.000266224145889	0.0 
0.000544399023056	0.0 
0.000645548105240	0.0 
0.000542581081390	0.0 
0.000272870063782	0.0 
-0.000075101852417	0.0 
-0.000390678644180	0.0 
-0.000576227903366	0.0 
-0.000577151775360	0.0 
-0.000397950410843	0.0 
-0.000099182128906	0.0 
0.000222802162170	0.0 
0.000466883182526	0.0 
0.000558972358704	0.0 
0.000474274158478	0.0 
0.000243812799454	0.0 
-0.000056654214859	0.0 
-0.000331610441208	0.0 
-0.000495910644531	0.0 
-0.000501215457916	0.0 
-0.000350087881088	0.0 
-0.000093758106232	0.0 
0.000185042619705	0.0 
0.000398755073547	0.0 
0.000482469797134	0.0 
0.000413537025452	0.0 
0.000217497348785	0.0 
-0.000041097402573	0.0 
-0.000279963016510	0.0 
-0.000425159931183	0.0 
-0.000433951616287	0.0 
-0.000307261943817	0.0 
-0.000088244676590	0.0 
0.000152349472046	0.0 
0.000338971614838	0.0 
0.000414907932281	0.0 
0.000359535217285	0.0 
0.000193655490875	0.0 
-0.000028014183044	0.0 
-0.000234901905060	0.0 
-0.000362932682037	0.0 
-0.000374436378479	0.0 
-0.000269025564194	0.0 
-0.000082731246948	0.0 
0.000124156475067	0.0 
0.000286638736725	0.0 
0.000355392694473	0.0 
0.000311613082886	0.0 
0.000172048807144	0.0 
-0.000017166137695	0.0 
-0.000195741653442	0.0 
-0.000308364629745	0.0 
-0.000321865081787	0.0 
-0.000234842300415	0.0 
-0.000077247619629	0.0 
0.000099956989288	0.0 
0.000241011381149	0.0 
0.000303089618683	0.0 
0.000269144773483	0.0 
0.000152438879013	0.0 
-0.000008285045624	0.0 
-0.000161826610565	0.0 
-0.000260621309280	0.0 
-0.000275552272797	0.0 
-0.000204414129257	0.0 
-0.000071763992310	0.0 
0.000079303979874	0.0 
0.000201344490051	0.0 
0.000257253646851	0.0 
0.000231593847275	0.0 
0.000134736299515	0.0 
-0.000001132488251	0.0 
-0.000132620334625	0.0 
-0.000219047069550	0.0 
-0.000234872102737	0.0 
-0.000177294015884	0.0 
-0.000066399574280	0.0 
0.000061810016632	0.0 
0.000167012214661	0.0 
0.000217199325562	0.0 
0.000198483467102	0.0 
0.000118702650070	0.0 
0.000004529953003	0.0 
-0.000107616186142	0.0 
-0.000182956457138	0.0 
-0.000199258327484	0.0 
-0.000153243541718	0.0 
-0.000061124563217	0.0 
0.000047147274017	0.0 
0.000137448310852	0.0 
0.000182360410690	0.0 
0.000169366598129	0.0 
0.000104248523712	0.0 
0.000008851289749	0.0 
-0.000086307525635	0.0 
-0.000151783227921	0.0 
-0.000168174505234	0.0 
-0.000131934881210	0.0 
-0.000055968761444	0.0 
0.000034928321838	0.0 
0.000112146139145	0.0 
0.000152200460434	0.0 
0.000143855810165	0.0 
0.000091224908829	0.0 
0.000012069940567	0.0 
-0.000068336725235	0.0 
-0.000124990940094	0.0 
-0.000141173601151	0.0 
-0.000113129615784	0.0 
-0.000051021575928	0.0 
0.000024884939194	0.0 
0.000090628862381	0.0 
0.000126183032990	0.0 
0.000121593475342	0.0 
0.000079542398453	0.0 
0.000014275312424	0.0 
-0.000053256750107	0.0 
-0.000102102756500	0.0 
-0.000117808580399	0.0 
-0.000096559524536	0.0 
-0.000046223402023	0.0 
0.000016748905182	0.0 
0.000072419643402	0.0 
0.000103890895844	0.0 
0.000102221965790	0.0 
0.000069051980972	0.0 
0.000015705823898	0.0 
-0.000040709972382	0.0 
-0.000082671642303	0.0 
-0.000097692012787	0.0 
-0.000082045793533	0.0 
-0.000041633844376	0.0 
0.000010222196579	0.0 
0.000057160854340	0.0 
0.000084877014160	0.0 
0.000085473060608	0.0 
0.000059694051743	0.0 
0.000016421079636	0.0 
-0.000030428171158	0.0 
-0.000066280364990	0.0 
-0.000080436468124	0.0 
-0.000069350004196	0.0 
-0.000037312507629	0.0 
0.000005125999451	0.0 
0.000044465065002	0.0 
0.000068753957748	0.0 
0.000071018934250	0.0 
0.000051349401474	0.0 
0.000016570091248	0.0 
-0.000022053718567	0.0 
-0.000052541494370	0.0 
-0.000065773725510	0.0 
-0.000058323144913	0.0 
-0.000033199787140	0.0 
0.000001221895218	0.0 
0.000034034252167	0.0 
0.000055193901062	0.0 
0.000058650970459	0.0 
0.000043958425522	0.0 
0.000016301870346	0.0 
-0.000015348196030	0.0 
-0.000041127204895	0.0 
-0.000053346157074	0.0 
-0.000048756599426	0.0 
-0.000029355287552	0.0 
-0.000001668930054	0.0 
0.000025510787964	0.0 
0.000043869018555	0.0 
0.000048071146011	0.0 
0.000037401914597	0.0 
0.000015646219254	0.0 
-0.000010073184967	0.0 
-0.000031769275665	0.0 
-0.000042915344238	0.0 
-0.000040501356125	0.0 
-0.000025779008865	0.0 
-0.000003695487976	0.0 
0.000018656253815	0.0 
0.000034451484680	0.0 
0.000039130449295	0.0 
0.000031650066376	0.0 
0.000014752149582	0.0 
-0.000005990266800	0.0 
-0.000024110078812	0.0 
-0.000034183263779	0.0 
-0.000033408403397	0.0 
-0.000022441148758	0.0 
-0.000005066394806	0.0 
0.000013202428818	0.0 
0.000026732683182	0.0 
0.000031590461731	0.0 
0.000026583671570	0.0 
0.000013679265976	0.0 
-0.000002920627594	0.0 
-0.000017970800400	0.0 
-0.000026941299438	0.0 
-0.000027358531952	0.0 
-0.000019401311874	0.0 
-0.000005841255188	0.0 
0.000008940696716	0.0 
0.000020444393158	0.0 
0.000025272369385	0.0 
0.000022172927856	0.0 
0.000012457370758	0.0 
-0.000000655651093	0.0 
-0.000013053417206	0.0 
-0.000021010637283	0.0 
-0.000022232532501	0.0 
-0.000016629695892	0.0 
-0.000006198883057	0.0 
0.000005692243576	0.0 
0.000015377998352	0.0 
0.000019997358322	0.0 
0.000018358230591	0.0 
0.000011205673218	0.0 
0.000000923871994	0.0 
-0.000009238719940	0.0 
-0.000016152858734	0.0 
-0.000017881393433	0.0 
-0.000014126300812	0.0 
-0.000006228685379	0.0 
0.000003248453140	0.0 
0.000011354684830	0.0 
0.000015676021576	0.0 
0.000015050172806	0.0 
0.000009894371033	0.0 
0.000001937150955	0.0 
-0.000006258487701	0.0 
-0.000012248754501	0.0 
-0.000014275312424	0.0 
-0.000011861324310	0.0 
-0.000005960464478	0.0 
0.000001490116119	0.0 
0.000008195638657	0.0 
0.000012129545212	0.0 
0.000012218952179	0.0 
0.000008612871170	0.0 
0.000002562999725	0.0 
-0.000004053115845	0.0 
-0.000009119510651	0.0 
-0.000011235475540	0.0 
-0.000009864568710	0.0 
-0.000005543231964	0.0 
0.000000268220901	0.0 
0.000005751848221	0.0 
0.000009268522263	0.0 
0.000009834766388	0.0 
0.000007390975952	0.0 
0.000002831220627	0.0 
-0.000002384185791	0.0 
-0.000006675720215	0.0 
-0.000008761882782	0.0 
-0.000008106231689	0.0 
-0.000005006790161	0.0 
-0.000000536441803	0.0 
0.000003874301910	0.0 
0.000006943941116	0.0 
0.000007778406143	0.0 
0.000006228685379	0.0 
0.000002861022949	0.0 
-0.000001221895218	0.0 
-0.000004768371582	0.0 
-0.000006705522537	0.0 
-0.000006556510925	0.0 
-0.000004410743713	0.0 
-0.000001013278961	0.0 
0.000002503395081	0.0 
0.000005125999451	0.0 
0.000006079673767	0.0 
0.000005155801773	0.0 
0.000002712011337	0.0 
-0.000000447034836	0.0 
-0.000003308057785	0.0 
-0.000005066394806	0.0 
-0.000005215406418	0.0 
-0.000003755092621	0.0 
-0.000001251697540	0.0 
0.000001519918442	0.0 
0.000003695487976	0.0 
0.000004678964615	0.0 
0.000004202127457	0.0 
0.000002473592758	0.0 
0.000000059604645	0.0 
-0.000002235174179	0.0 
-0.000003755092621	0.0 
-0.000004053115845	0.0 
-0.000003129243851	0.0 
-0.000001311302185	0.0 
0.000000834465027	0.0 
0.000002592802048	0.0 
0.000003516674042	0.0 
0.000003308057785	0.0 
0.000002115964890	0.0 
0.000000357627869	0.0 
-0.000001430511475	0.0 
-0.000002712011337	0.0 
-0.000003099441528	0.0 
-0.000002533197403	0.0 
-0.000001221895218	0.0 
0.000000357627869	0.0 
0.000001788139343	0.0 
0.000002562999725	0.0 
0.000002562999725	0.0 
0.000001758337021	0.0 
0.000000476837158	0.0 
-0.000000864267349	0.0 
-0.000001907348633	0.0 
-0.000002294778824	0.0 
-0.000001966953278	0.0 
-0.000001072883606	0.0 
0.000000089406967	0.0 
0.000001162290573	0.0 
0.000001817941666	0.0 
0.000001907348633	0.0 
0.000001400709152	0.0 
0.000000506639481	0.0 
-0.000000476837158	0.0 
-0.000001281499863	0.0 
-0.000001639127731	0.0 
-0.000001490116119	0.0 
-0.000000894069672	0.0 
-0.000000059604645	0.0 
0.000000715255737	0.0 
0.000001251697540	0.0 
0.000001370906830	0.0 
0.000001043081284	0.0 
0.000000447034836	0.0 
-0.000000238418579	0.0 
-0.000000834465027	0.0 
-0.000001102685928	0.0 
-0.000001043081284	0.0 
-0.000000685453415	0.0 
-0.000000119209290	0.0 
0.000000417232513	0.0 
0.000000804662704	0.0 
0.000000923871994	0.0 
0.000000745058060	0.0 
0.000000357627869	0.0 
-0.000000089406967	0.0 
-0.000000476837158	0.0 
-0.000000715255737	0.0 
-0.000000685453415	0.0 
-0.000000476837158	0.0 
-0.000000119209290	0.0 
0.000000208616257	0.0 
0.000000476837158	0.0 
0.000000566244125	0.0 
0.000000476837158	0.0 
0.000000268220901	0.0 
-0.000000029802322	0.0 
-0.000000268220901	0.0 
-0.000000417232513	0.0 
-0.000000417232513	0.0 
-0.000000298023224	0.0 
-0.000000089406967	0.0 
0.000000089406967	0.0 
0.000000238418579	0.0 
0.000000298023224	0.0 
0.000000268220901	0.0 
0.000000149011612	0.0 
0.000000000000000	0.0 
-0.000000119209290	0.0 
-0.000000208616257	0.0 
-0.000000208616257	0.0 
-0.000000149011612	0.0 
-0.000000059604645	0.0 
0.000000029802322	0.0 
0.000000119209290	0.0 
0.000000119209290	0.0 
0.000000119209290	0.0 
0.000000059604645	0.0 
0.000000000000000	0.0 
-0.000000029802322	0.0 
-0.000000059604645	0.0 
-0.000000059604645	0.0 
-0.000000059604645	0.0 
-0.000000029802322	0.0 
0.000000000000000	0.0 
0.000000029802322	0.0 
0.000000029802322	0.0 
0.000000029802322	0.0 
0.000000000000000	0.0 
0.000000000000000	0.0 
0.000000000000000	0.0 
0.000000000000000	0.0 
0.000000000000000	0.0 
0.000000000000000	0.0 
0.000000000000000	0.0 
0.000000000000000	0.0 
0.000000000000000	0.0 
0.000000000000000	0.0 
0 
