# SWA-D24-2D05 Guralp FIR  filter parameter file 
theoretical  1  anti_alias   fir    coef_conv 
1000 4 500
1001 
0.000000000000000	0.0 
0.000000000000000	0.0 
0.000000000000000	0.0 
0.000000000000000	0.0 
0.000000000000000	0.0 
-0.000000029802322	0.0 
-0.000000029802322	0.0 
-0.000000029802322	0.0 
0.000000000000000	0.0 
0.000000029802322	0.0 
0.000000089406967	0.0 
0.000000089406967	0.0 
0.000000059604645	0.0 
-0.000000029802322	0.0 
-0.000000149011612	0.0 
-0.000000178813934	0.0 
-0.000000149011612	0.0 
0.000000000000000	0.0 
0.000000178813934	0.0 
0.000000298023224	0.0 
0.000000298023224	0.0 
0.000000119209290	0.0 
-0.000000149011612	0.0 
-0.000000387430191	0.0 
-0.000000476837158	0.0 
-0.000000327825546	0.0 
0.000000000000000	0.0 
0.000000417232513	0.0 
0.000000655651093	0.0 
0.000000596046448	0.0 
0.000000238418579	0.0 
-0.000000298023224	0.0 
-0.000000774860382	0.0 
-0.000000894069672	0.0 
-0.000000596046448	0.0 
0.000000059604645	0.0 
0.000000774860382	0.0 
0.000001162290573	0.0 
0.000001043081284	0.0 
0.000000357627869	0.0 
-0.000000596046448	0.0 
-0.000001341104507	0.0 
-0.000001490116119	0.0 
-0.000000923871994	0.0 
0.000000178813934	0.0 
0.000001311302185	0.0 
0.000001877546310	0.0 
0.000001579523087	0.0 
0.000000447034836	0.0 
-0.000001013278961	0.0 
-0.000002115964890	0.0 
-0.000002235174179	0.0 
-0.000001281499863	0.0 
0.000000417232513	0.0 
0.000002056360245	0.0 
0.000002801418304	0.0 
0.000002235174179	0.0 
0.000000506639481	0.0 
-0.000001609325409	0.0 
-0.000003099441528	0.0 
-0.000003188848495	0.0 
-0.000001698732376	0.0 
0.000000774860382	0.0 
0.000003039836884	0.0 
0.000003963708878	0.0 
0.000003010034561	0.0 
0.000000506639481	0.0 
-0.000002443790436	0.0 
-0.000004410743713	0.0 
-0.000004321336746	0.0 
-0.000002115964890	0.0 
0.000001311302185	0.0 
0.000004321336746	0.0 
0.000005424022675	0.0 
0.000003904104233	0.0 
0.000000387430191	0.0 
-0.000003576278687	0.0 
-0.000006049871445	0.0 
-0.000005692243576	0.0 
-0.000002503395081	0.0 
0.000002115964890	0.0 
0.000005990266800	0.0 
0.000007182359695	0.0 
0.000004887580872	0.0 
0.000000089406967	0.0 
-0.000005096197128	0.0 
-0.000008076429367	0.0 
-0.000007271766663	0.0 
-0.000002861022949	0.0 
0.000003248453140	0.0 
0.000008106231689	0.0 
0.000009298324585	0.0 
0.000005960464478	0.0 
-0.000000476837158	0.0 
-0.000007063150406	0.0 
-0.000010579824448	0.0 
-0.000009089708328	0.0 
-0.000003069639206	0.0 
0.000004798173904	0.0 
0.000010788440704	0.0 
0.000011801719666	0.0 
0.000007092952728	0.0 
-0.000001370906830	0.0 
-0.000009626150131	0.0 
-0.000013619661331	0.0 
-0.000011146068573	0.0 
-0.000003069639206	0.0 
0.000006943941116	0.0 
0.000014096498489	0.0 
0.000014722347260	0.0 
0.000008165836334	0.0 
-0.000002771615982	0.0 
-0.000012904405594	0.0 
-0.000017255544662	0.0 
-0.000013381242752	0.0 
-0.000002741813660	0.0 
0.000009804964066	0.0 
0.000018209218979	0.0 
0.000018119812012	0.0 
0.000009119510651	0.0 
-0.000004798173904	0.0 
-0.000017076730728	0.0 
-0.000021606683731	0.0 
-0.000015765428543	0.0 
-0.000001907348633	0.0 
0.000013589859009	0.0 
0.000023216009140	0.0 
0.000021904706955	0.0 
0.000009804964066	0.0 
-0.000007718801498	0.0 
-0.000022321939468	0.0 
-0.000026702880859	0.0 
-0.000018179416656	0.0 
-0.000000357627869	0.0 
0.000018507242203	0.0 
0.000029236078262	0.0 
0.000026106834412	0.0 
0.000010043382645	0.0 
-0.000011712312698	0.0 
-0.000028789043427	0.0 
-0.000032544136047	0.0 
-0.000020503997803	0.0 
0.000002145767212	0.0 
0.000024825334549	0.0 
0.000036358833313	0.0 
0.000030606985092	0.0 
0.000009596347809	0.0 
-0.000017136335373	0.0 
-0.000036686658859	0.0 
-0.000039130449295	0.0 
-0.000022500753403	0.0 
0.000005930662155	0.0 
0.000032752752304	0.0 
0.000044703483582	0.0 
0.000035285949707	0.0 
0.000008106231689	0.0 
-0.000024259090424	0.0 
-0.000046193599701	0.0 
-0.000046402215958	0.0 
-0.000023871660233	0.0 
0.000011384487152	0.0 
0.000042617321014	0.0 
0.000054299831390	0.0 
0.000039845705032	0.0 
0.000005215406418	0.0 
-0.000033497810364	0.0 
-0.000057458877563	0.0 
-0.000054240226746	0.0 
-0.000024259090424	0.0 
0.000018924474716	0.0 
0.000054687261581	0.0 
0.000065118074417	0.0 
0.000044018030167	0.0 
0.000000417232513	0.0 
-0.000045239925385	0.0 
-0.000070631504059	0.0 
-0.000062376260757	0.0 
-0.000023186206818	0.0 
0.000029057264328	0.0 
0.000069200992584	0.0 
0.000077039003372	0.0 
0.000047355890274	0.0 
-0.000006824731827	0.0 
-0.000059872865677	0.0 
-0.000085711479187	0.0 
-0.000070512294769	0.0 
-0.000020056962967	0.0 
0.000042319297791	0.0 
0.000086426734924	0.0 
0.000089854001999	0.0 
0.000049293041229	0.0 
-0.000017106533051	0.0 
-0.000077784061432	0.0 
-0.000102669000626	0.0 
-0.000078111886978	0.0 
-0.000014185905457	0.0 
0.000059247016907	0.0 
0.000106453895569	0.0 
0.000103235244751	0.0 
0.000049144029617	0.0 
-0.000031203031540	0.0 
-0.000099360942841	0.0 
-0.000121325254440	0.0 
-0.000084549188614	0.0 
-0.000004768371582	0.0 
0.000080406665802	0.0 
0.000129342079163	0.0 
0.000116586685181	0.0 
0.000046044588089	0.0 
-0.000049829483032	0.0 
-0.000124841928482	0.0 
-0.000141352415085	0.0 
-0.000089019536972	0.0 
0.000009059906006	0.0 
0.000106364488602	0.0 
0.000155001878738	0.0 
0.000129282474518	0.0 
0.000039041042328	0.0 
-0.000073730945587	0.0 
-0.000154435634613	0.0 
-0.000162214040756	0.0 
-0.000090509653091	0.0 
0.000028312206268	0.0 
0.000137567520142	0.0 
0.000183165073395	0.0 
0.000140368938446	0.0 
0.000027030706406	0.0 
-0.000103712081909	0.0 
-0.000188171863556	0.0 
-0.000183135271072	0.0 
-0.000087887048721	0.0 
0.000054001808167	0.0 
0.000174373388290	0.0 
0.000213265419006	0.0 
0.000148683786392	0.0 
0.000008732080460	0.0 
-0.000140458345413	0.0 
-0.000225812196732	0.0 
-0.000203132629395	0.0 
-0.000079751014709	0.0 
0.000087141990662	0.0 
0.000216960906982	0.0 
0.000244587659836	0.0 
0.000152885913849	0.0 
-0.000017166137695	0.0 
-0.000184625387192	0.0 
-0.000266999006271	0.0 
-0.000220894813538	0.0 
-0.000064581632614	0.0 
0.000128805637360	0.0 
0.000265389680862	0.0 
0.000276058912277	0.0 
0.000151306390762	0.0 
-0.000052034854889	0.0 
-0.000236600637436	0.0 
-0.000310957431793	0.0 
-0.000234842300415	0.0 
-0.000040709972382	0.0 
0.000179886817932	0.0 
0.000319302082062	0.0 
0.000306248664856	0.0 
0.000142157077789	0.0 
-0.000097244977951	0.0 
-0.000296652317047	0.0 
-0.000356614589691	0.0 
-0.000243127346039	0.0 
-0.000006377696991	0.0 
0.000241160392761	0.0 
0.000378072261810	0.0 
0.000333428382874	0.0 
0.000123322010040	0.0 
-0.000154167413712	0.0 
-0.000364691019058	0.0 
-0.000402510166168	0.0 
-0.000243544578552	0.0 
0.000040262937546	0.0 
0.000313222408295	0.0 
0.000440716743469	0.0 
0.000355422496796	0.0 
0.000092625617981	0.0 
-0.000223994255066	0.0 
-0.000440299510956	0.0 
-0.000446736812592	0.0 
-0.000233620405197	0.0 
0.000101029872894	0.0 
0.000396311283112	0.0 
0.000505775213242	0.0 
0.000369757413864	0.0 
0.000047683715820	0.0 
-0.000307708978653	0.0 
-0.000522613525391	0.0 
-0.000486940145493	0.0 
-0.000210642814636	0.0 
0.000177681446075	0.0 
0.000490337610245	0.0 
0.000571250915527	0.0 
0.000373542308807	0.0 
-0.000013858079910	0.0 
-0.000406086444855	0.0 
-0.000610291957855	0.0 
-0.000520348548889	0.0 
-0.000171720981598	0.0 
0.000271767377853	0.0 
0.000594735145569	0.0 
0.000634670257568	0.0 
0.000363528728485	0.0 
-0.000094473361969	0.0 
-0.000519484281540	0.0 
-0.000701427459717	0.0 
-0.000543594360352	0.0 
-0.000113695859909	0.0 
0.000384718179703	0.0 
0.000708401203156	0.0 
0.000692993402481	0.0 
0.000336170196533	0.0 
-0.000196427106857	0.0 
-0.000647813081741	0.0 
-0.000793516635895	0.0 
-0.000553011894226	0.0 
-0.000033468008041	0.0 
0.000517487525940	0.0 
0.000829666852951	0.0 
0.000742584466934	0.0 
0.000287592411041	0.0 
-0.000321894884109	0.0 
-0.000790446996689	0.0 
-0.000883400440216	0.0 
-0.000544309616089	0.0 
0.000072240829468	0.0 
0.000670760869980	0.0 
0.000956207513809	0.0 
0.000779211521149	0.0 
0.000213772058487	0.0 
-0.000472843647003	0.0 
-0.000946164131165	0.0 
-0.000967204570770	0.0 
-0.000512897968292	0.0 
0.000206589698792	0.0 
0.000844657421112	0.0 
0.001084923744202	0.0 
0.000798046588898	0.0 
0.000110387802124	0.0 
-0.000650852918625	0.0 
-0.001113086938858	0.0 
-0.001040428876877	0.0 
-0.000453680753708	0.0 
0.000372707843781	0.0 
0.001038730144501	0.0 
0.001212060451508	0.0 
0.000793665647507	0.0 
-0.000027000904083	0.0 
-0.000857204198837	0.0 
-0.001288592815399	0.0 
-0.001097679138184	0.0 
-0.000361174345016	0.0 
0.000573575496674	0.0 
0.001251965761185	0.0 
0.001332908868790	0.0 
0.000759959220886	0.0 
-0.000202983617783	0.0 
-0.001092731952667	0.0 
-0.001469284296036	0.0 
-0.001132935285568	0.0 
-0.000229507684708	0.0 
0.000812023878098	0.0 
0.001482695341110	0.0 
0.001442015171051	0.0 
0.000690221786499	0.0 
-0.000422328710556	0.0 
-0.001357913017273	0.0 
-0.001650899648666	0.0 
-0.001139163970947	0.0 
-0.000052183866501	0.0 
0.001090854406357	0.0 
0.001728624105453	0.0 
0.001532942056656	0.0 
0.000576823949814	0.0 
-0.000690162181854	0.0 
-0.001652806997299	0.0 
-0.001828432083130	0.0 
-0.001108407974243	0.0 
0.000177890062332	0.0 
0.001412838697433	0.0 
0.001986742019653	0.0 
0.001598179340363	0.0 
0.000411242246628	0.0 
-0.001012057065964	0.0 
-0.001977264881134	0.0 
-0.001995801925659	0.0 
-0.001031458377838	0.0 
0.000468790531158	0.0 
0.001781135797501	0.0 
0.002253562211990	0.0 
0.001628994941711	0.0 
0.000183463096619	0.0 
-0.001394480466843	0.0 
-0.002331048250198	0.0 
-0.002145916223526	0.0 
-0.000897467136383	0.0 
0.000830173492432	0.0 
0.002199500799179	0.0 
0.002524912357330	0.0 
0.001614958047867	0.0 
-0.000118553638458	0.0 
-0.001845568418503	0.0 
-0.002714306116104	0.0 
-0.002270489931107	0.0 
-0.000693231821060	0.0 
0.001274138689041	0.0 
0.002673149108887	0.0 
0.002796322107315	0.0 
0.001543432474136	0.0 
-0.000510066747665	0.0 
-0.002376049757004	0.0 
-0.003127932548523	0.0 
-0.002359509468079	0.0 
-0.000401794910431	0.0 
0.001816928386688	0.0 
0.003209918737411	0.0 
0.003062844276428	0.0 
0.001398205757141	0.0 
-0.001011729240417	0.0 
-0.003001570701599	0.0 
-0.003574669361115	0.0 
-0.002400547266006	0.0 
-0.000000327825546	0.0 
0.002481848001480	0.0 
0.003822386264801	0.0 
0.003319442272186	0.0 
0.001157432794571	0.0 
-0.001653224229813	0.0 
-0.003746092319489	0.0 
-0.004060655832291	0.0 
-0.002377241849899	0.0 
0.000544369220734	0.0 
0.003304570913315	0.0 
0.004531741142273	0.0 
0.003560990095139	0.0 
0.000789254903793	0.0 
-0.002480566501617	0.0 
-0.004648894071579	0.0 
-0.004598647356033	0.0 
-0.002266347408295	0.0 
0.001284509897232	0.0 
0.004344075918198	0.0 
0.005375534296036	0.0 
0.003782421350479	0.0 
0.000243097543716	0.0 
-0.003570824861526	0.0 
-0.005778998136520	0.0 
-0.005214035511017	0.0 
-0.002031087875366	0.0 
0.002309441566467	0.0 
0.005705356597900	0.0 
0.006424158811569	0.0 
0.003978997468948	0.0 
-0.000570118427277	0.0 
-0.005065679550171	0.0 
-0.007267504930496	0.0 
-0.005959421396255	0.0 
-0.001605719327927	0.0 
0.003789931535721	0.0 
0.007595390081406	0.0 
0.007821500301361	0.0 
0.004146337509155	0.0 
-0.001828253269196	0.0 
-0.007257997989655	0.0 
-0.009393453598022	0.0 
-0.006952673196793	0.0 
-0.000852644443512	0.0 
0.006101280450821	0.0 
0.010482281446457	0.0 
0.009903460741043	0.0 
0.004280716180801	0.0 
-0.003953188657761	0.0 
-0.010865598917007	0.0 
-0.012862026691437	0.0 
-0.008504599332809	0.0 
0.000586062669754	0.0 
0.010263532400131	0.0 
0.015684574842453	0.0 
0.013652890920639	0.0 
0.004379004240036	0.0 
-0.008258908987045	0.0 
-0.018228799104691	0.0 
-0.020084083080292	0.0 
-0.011738091707230	0.0 
0.004053920507431	0.0 
0.020363122224808	0.0 
0.028852283954620	0.0 
0.023611277341843	0.0 
0.004438906908035	0.0 
-0.021974951028824	0.0 
-0.043745428323746	0.0 
-0.047969728708267	0.0 
-0.025892317295074	0.0 
0.022978186607361	0.0 
0.089559972286224	0.0 
0.157435506582260	0.0 
0.207996577024460	0.0 
0.226681262254715	0.0 
0.207996577024460	0.0 
0.157435506582260	0.0 
0.089559972286224	0.0 
0.022978186607361	0.0 
-0.025892317295074	0.0 
-0.047969728708267	0.0 
-0.043745428323746	0.0 
-0.021974951028824	0.0 
0.004438906908035	0.0 
0.023611277341843	0.0 
0.028852283954620	0.0 
0.020363122224808	0.0 
0.004053920507431	0.0 
-0.011738091707230	0.0 
-0.020084083080292	0.0 
-0.018228799104691	0.0 
-0.008258908987045	0.0 
0.004379004240036	0.0 
0.013652890920639	0.0 
0.015684574842453	0.0 
0.010263532400131	0.0 
0.000586062669754	0.0 
-0.008504599332809	0.0 
-0.012862026691437	0.0 
-0.010865598917007	0.0 
-0.003953188657761	0.0 
0.004280716180801	0.0 
0.009903460741043	0.0 
0.010482281446457	0.0 
0.006101280450821	0.0 
-0.000852644443512	0.0 
-0.006952673196793	0.0 
-0.009393453598022	0.0 
-0.007257997989655	0.0 
-0.001828253269196	0.0 
0.004146337509155	0.0 
0.007821500301361	0.0 
0.007595390081406	0.0 
0.003789931535721	0.0 
-0.001605719327927	0.0 
-0.005959421396255	0.0 
-0.007267504930496	0.0 
-0.005065679550171	0.0 
-0.000570118427277	0.0 
0.003978997468948	0.0 
0.006424158811569	0.0 
0.005705356597900	0.0 
0.002309441566467	0.0 
-0.002031087875366	0.0 
-0.005214035511017	0.0 
-0.005778998136520	0.0 
-0.003570824861526	0.0 
0.000243097543716	0.0 
0.003782421350479	0.0 
0.005375534296036	0.0 
0.004344075918198	0.0 
0.001284509897232	0.0 
-0.002266347408295	0.0 
-0.004598647356033	0.0 
-0.004648894071579	0.0 
-0.002480566501617	0.0 
0.000789254903793	0.0 
0.003560990095139	0.0 
0.004531741142273	0.0 
0.003304570913315	0.0 
0.000544369220734	0.0 
-0.002377241849899	0.0 
-0.004060655832291	0.0 
-0.003746092319489	0.0 
-0.001653224229813	0.0 
0.001157432794571	0.0 
0.003319442272186	0.0 
0.003822386264801	0.0 
0.002481848001480	0.0 
-0.000000327825546	0.0 
-0.002400547266006	0.0 
-0.003574669361115	0.0 
-0.003001570701599	0.0 
-0.001011729240417	0.0 
0.001398205757141	0.0 
0.003062844276428	0.0 
0.003209918737411	0.0 
0.001816928386688	0.0 
-0.000401794910431	0.0 
-0.002359509468079	0.0 
-0.003127932548523	0.0 
-0.002376049757004	0.0 
-0.000510066747665	0.0 
0.001543432474136	0.0 
0.002796322107315	0.0 
0.002673149108887	0.0 
0.001274138689041	0.0 
-0.000693231821060	0.0 
-0.002270489931107	0.0 
-0.002714306116104	0.0 
-0.001845568418503	0.0 
-0.000118553638458	0.0 
0.001614958047867	0.0 
0.002524912357330	0.0 
0.002199500799179	0.0 
0.000830173492432	0.0 
-0.000897467136383	0.0 
-0.002145916223526	0.0 
-0.002331048250198	0.0 
-0.001394480466843	0.0 
0.000183463096619	0.0 
0.001628994941711	0.0 
0.002253562211990	0.0 
0.001781135797501	0.0 
0.000468790531158	0.0 
-0.001031458377838	0.0 
-0.001995801925659	0.0 
-0.001977264881134	0.0 
-0.001012057065964	0.0 
0.000411242246628	0.0 
0.001598179340363	0.0 
0.001986742019653	0.0 
0.001412838697433	0.0 
0.000177890062332	0.0 
-0.001108407974243	0.0 
-0.001828432083130	0.0 
-0.001652806997299	0.0 
-0.000690162181854	0.0 
0.000576823949814	0.0 
0.001532942056656	0.0 
0.001728624105453	0.0 
0.001090854406357	0.0 
-0.000052183866501	0.0 
-0.001139163970947	0.0 
-0.001650899648666	0.0 
-0.001357913017273	0.0 
-0.000422328710556	0.0 
0.000690221786499	0.0 
0.001442015171051	0.0 
0.001482695341110	0.0 
0.000812023878098	0.0 
-0.000229507684708	0.0 
-0.001132935285568	0.0 
-0.001469284296036	0.0 
-0.001092731952667	0.0 
-0.000202983617783	0.0 
0.000759959220886	0.0 
0.001332908868790	0.0 
0.001251965761185	0.0 
0.000573575496674	0.0 
-0.000361174345016	0.0 
-0.001097679138184	0.0 
-0.001288592815399	0.0 
-0.000857204198837	0.0 
-0.000027000904083	0.0 
0.000793665647507	0.0 
0.001212060451508	0.0 
0.001038730144501	0.0 
0.000372707843781	0.0 
-0.000453680753708	0.0 
-0.001040428876877	0.0 
-0.001113086938858	0.0 
-0.000650852918625	0.0 
0.000110387802124	0.0 
0.000798046588898	0.0 
0.001084923744202	0.0 
0.000844657421112	0.0 
0.000206589698792	0.0 
-0.000512897968292	0.0 
-0.000967204570770	0.0 
-0.000946164131165	0.0 
-0.000472843647003	0.0 
0.000213772058487	0.0 
0.000779211521149	0.0 
0.000956207513809	0.0 
0.000670760869980	0.0 
0.000072240829468	0.0 
-0.000544309616089	0.0 
-0.000883400440216	0.0 
-0.000790446996689	0.0 
-0.000321894884109	0.0 
0.000287592411041	0.0 
0.000742584466934	0.0 
0.000829666852951	0.0 
0.000517487525940	0.0 
-0.000033468008041	0.0 
-0.000553011894226	0.0 
-0.000793516635895	0.0 
-0.000647813081741	0.0 
-0.000196427106857	0.0 
0.000336170196533	0.0 
0.000692993402481	0.0 
0.000708401203156	0.0 
0.000384718179703	0.0 
-0.000113695859909	0.0 
-0.000543594360352	0.0 
-0.000701427459717	0.0 
-0.000519484281540	0.0 
-0.000094473361969	0.0 
0.000363528728485	0.0 
0.000634670257568	0.0 
0.000594735145569	0.0 
0.000271767377853	0.0 
-0.000171720981598	0.0 
-0.000520348548889	0.0 
-0.000610291957855	0.0 
-0.000406086444855	0.0 
-0.000013858079910	0.0 
0.000373542308807	0.0 
0.000571250915527	0.0 
0.000490337610245	0.0 
0.000177681446075	0.0 
-0.000210642814636	0.0 
-0.000486940145493	0.0 
-0.000522613525391	0.0 
-0.000307708978653	0.0 
0.000047683715820	0.0 
0.000369757413864	0.0 
0.000505775213242	0.0 
0.000396311283112	0.0 
0.000101029872894	0.0 
-0.000233620405197	0.0 
-0.000446736812592	0.0 
-0.000440299510956	0.0 
-0.000223994255066	0.0 
0.000092625617981	0.0 
0.000355422496796	0.0 
0.000440716743469	0.0 
0.000313222408295	0.0 
0.000040262937546	0.0 
-0.000243544578552	0.0 
-0.000402510166168	0.0 
-0.000364691019058	0.0 
-0.000154167413712	0.0 
0.000123322010040	0.0 
0.000333428382874	0.0 
0.000378072261810	0.0 
0.000241160392761	0.0 
-0.000006377696991	0.0 
-0.000243127346039	0.0 
-0.000356614589691	0.0 
-0.000296652317047	0.0 
-0.000097244977951	0.0 
0.000142157077789	0.0 
0.000306248664856	0.0 
0.000319302082062	0.0 
0.000179886817932	0.0 
-0.000040709972382	0.0 
-0.000234842300415	0.0 
-0.000310957431793	0.0 
-0.000236600637436	0.0 
-0.000052034854889	0.0 
0.000151306390762	0.0 
0.000276058912277	0.0 
0.000265389680862	0.0 
0.000128805637360	0.0 
-0.000064581632614	0.0 
-0.000220894813538	0.0 
-0.000266999006271	0.0 
-0.000184625387192	0.0 
-0.000017166137695	0.0 
0.000152885913849	0.0 
0.000244587659836	0.0 
0.000216960906982	0.0 
0.000087141990662	0.0 
-0.000079751014709	0.0 
-0.000203132629395	0.0 
-0.000225812196732	0.0 
-0.000140458345413	0.0 
0.000008732080460	0.0 
0.000148683786392	0.0 
0.000213265419006	0.0 
0.000174373388290	0.0 
0.000054001808167	0.0 
-0.000087887048721	0.0 
-0.000183135271072	0.0 
-0.000188171863556	0.0 
-0.000103712081909	0.0 
0.000027030706406	0.0 
0.000140368938446	0.0 
0.000183165073395	0.0 
0.000137567520142	0.0 
0.000028312206268	0.0 
-0.000090509653091	0.0 
-0.000162214040756	0.0 
-0.000154435634613	0.0 
-0.000073730945587	0.0 
0.000039041042328	0.0 
0.000129282474518	0.0 
0.000155001878738	0.0 
0.000106364488602	0.0 
0.000009059906006	0.0 
-0.000089019536972	0.0 
-0.000141352415085	0.0 
-0.000124841928482	0.0 
-0.000049829483032	0.0 
0.000046044588089	0.0 
0.000116586685181	0.0 
0.000129342079163	0.0 
0.000080406665802	0.0 
-0.000004768371582	0.0 
-0.000084549188614	0.0 
-0.000121325254440	0.0 
-0.000099360942841	0.0 
-0.000031203031540	0.0 
0.000049144029617	0.0 
0.000103235244751	0.0 
0.000106453895569	0.0 
0.000059247016907	0.0 
-0.000014185905457	0.0 
-0.000078111886978	0.0 
-0.000102669000626	0.0 
-0.000077784061432	0.0 
-0.000017106533051	0.0 
0.000049293041229	0.0 
0.000089854001999	0.0 
0.000086426734924	0.0 
0.000042319297791	0.0 
-0.000020056962967	0.0 
-0.000070512294769	0.0 
-0.000085711479187	0.0 
-0.000059872865677	0.0 
-0.000006824731827	0.0 
0.000047355890274	0.0 
0.000077039003372	0.0 
0.000069200992584	0.0 
0.000029057264328	0.0 
-0.000023186206818	0.0 
-0.000062376260757	0.0 
-0.000070631504059	0.0 
-0.000045239925385	0.0 
0.000000417232513	0.0 
0.000044018030167	0.0 
0.000065118074417	0.0 
0.000054687261581	0.0 
0.000018924474716	0.0 
-0.000024259090424	0.0 
-0.000054240226746	0.0 
-0.000057458877563	0.0 
-0.000033497810364	0.0 
0.000005215406418	0.0 
0.000039845705032	0.0 
0.000054299831390	0.0 
0.000042617321014	0.0 
0.000011384487152	0.0 
-0.000023871660233	0.0 
-0.000046402215958	0.0 
-0.000046193599701	0.0 
-0.000024259090424	0.0 
0.000008106231689	0.0 
0.000035285949707	0.0 
0.000044703483582	0.0 
0.000032752752304	0.0 
0.000005930662155	0.0 
-0.000022500753403	0.0 
-0.000039130449295	0.0 
-0.000036686658859	0.0 
-0.000017136335373	0.0 
0.000009596347809	0.0 
0.000030606985092	0.0 
0.000036358833313	0.0 
0.000024825334549	0.0 
0.000002145767212	0.0 
-0.000020503997803	0.0 
-0.000032544136047	0.0 
-0.000028789043427	0.0 
-0.000011712312698	0.0 
0.000010043382645	0.0 
0.000026106834412	0.0 
0.000029236078262	0.0 
0.000018507242203	0.0 
-0.000000357627869	0.0 
-0.000018179416656	0.0 
-0.000026702880859	0.0 
-0.000022321939468	0.0 
-0.000007718801498	0.0 
0.000009804964066	0.0 
0.000021904706955	0.0 
0.000023216009140	0.0 
0.000013589859009	0.0 
-0.000001907348633	0.0 
-0.000015765428543	0.0 
-0.000021606683731	0.0 
-0.000017076730728	0.0 
-0.000004798173904	0.0 
0.000009119510651	0.0 
0.000018119812012	0.0 
0.000018209218979	0.0 
0.000009804964066	0.0 
-0.000002741813660	0.0 
-0.000013381242752	0.0 
-0.000017255544662	0.0 
-0.000012904405594	0.0 
-0.000002771615982	0.0 
0.000008165836334	0.0 
0.000014722347260	0.0 
0.000014096498489	0.0 
0.000006943941116	0.0 
-0.000003069639206	0.0 
-0.000011146068573	0.0 
-0.000013619661331	0.0 
-0.000009626150131	0.0 
-0.000001370906830	0.0 
0.000007092952728	0.0 
0.000011801719666	0.0 
0.000010788440704	0.0 
0.000004798173904	0.0 
-0.000003069639206	0.0 
-0.000009089708328	0.0 
-0.000010579824448	0.0 
-0.000007063150406	0.0 
-0.000000476837158	0.0 
0.000005960464478	0.0 
0.000009298324585	0.0 
0.000008106231689	0.0 
0.000003248453140	0.0 
-0.000002861022949	0.0 
-0.000007271766663	0.0 
-0.000008076429367	0.0 
-0.000005096197128	0.0 
0.000000089406967	0.0 
0.000004887580872	0.0 
0.000007182359695	0.0 
0.000005990266800	0.0 
0.000002115964890	0.0 
-0.000002503395081	0.0 
-0.000005692243576	0.0 
-0.000006049871445	0.0 
-0.000003576278687	0.0 
0.000000387430191	0.0 
0.000003904104233	0.0 
0.000005424022675	0.0 
0.000004321336746	0.0 
0.000001311302185	0.0 
-0.000002115964890	0.0 
-0.000004321336746	0.0 
-0.000004410743713	0.0 
-0.000002443790436	0.0 
0.000000506639481	0.0 
0.000003010034561	0.0 
0.000003963708878	0.0 
0.000003039836884	0.0 
0.000000774860382	0.0 
-0.000001698732376	0.0 
-0.000003188848495	0.0 
-0.000003099441528	0.0 
-0.000001609325409	0.0 
0.000000506639481	0.0 
0.000002235174179	0.0 
0.000002801418304	0.0 
0.000002056360245	0.0 
0.000000417232513	0.0 
-0.000001281499863	0.0 
-0.000002235174179	0.0 
-0.000002115964890	0.0 
-0.000001013278961	0.0 
0.000000447034836	0.0 
0.000001579523087	0.0 
0.000001877546310	0.0 
0.000001311302185	0.0 
0.000000178813934	0.0 
-0.000000923871994	0.0 
-0.000001490116119	0.0 
-0.000001341104507	0.0 
-0.000000596046448	0.0 
0.000000357627869	0.0 
0.000001043081284	0.0 
0.000001162290573	0.0 
0.000000774860382	0.0 
0.000000059604645	0.0 
-0.000000596046448	0.0 
-0.000000894069672	0.0 
-0.000000774860382	0.0 
-0.000000298023224	0.0 
0.000000238418579	0.0 
0.000000596046448	0.0 
0.000000655651093	0.0 
0.000000417232513	0.0 
0.000000000000000	0.0 
-0.000000327825546	0.0 
-0.000000476837158	0.0 
-0.000000387430191	0.0 
-0.000000149011612	0.0 
0.000000119209290	0.0 
0.000000298023224	0.0 
0.000000298023224	0.0 
0.000000178813934	0.0 
0.000000000000000	0.0 
-0.000000149011612	0.0 
-0.000000178813934	0.0 
-0.000000149011612	0.0 
-0.000000029802322	0.0 
0.000000059604645	0.0 
0.000000089406967	0.0 
0.000000089406967	0.0 
0.000000029802322	0.0 
0.000000000000000	0.0 
-0.000000029802322	0.0 
-0.000000029802322	0.0 
-0.000000029802322	0.0 
0.000000000000000	0.0 
0.000000000000000	0.0 
0.000000000000000	0.0 
0.000000000000000	0.0 
0.000000000000000	0.0 
0 
