# SWA-D24-2D01 Guralp FIR  filter parameter file 
theoretical  1  anti_alias   fir    coef_conv 
1000 8 16
33 
0.000000	0.0 
0.000000	0.0 
0.000244	0.0 
0.000977	0.0 
0.002441	0.0 
0.004883	0.0 
0.008545	0.0 
0.013672	0.0 
0.020508	0.0 
0.029297	0.0 
0.039307	0.0 
0.049805	0.0 
0.060059	0.0 
0.069336	0.0 
0.076904	0.0 
0.082031	0.0 
0.083984	0.0 
0.082031	0.0 
0.076904	0.0 
0.069336	0.0 
0.060059	0.0 
0.049805	0.0 
0.039307	0.0 
0.029297	0.0 
0.020508	0.0 
0.013672	0.0 
0.008545	0.0 
0.004883	0.0 
0.002441	0.0 
0.000977	0.0 
0.000244	0.0 
0.000000	0.0 
0.000000	0.0 
0 
