# SWA-D24-3D05 Guralp FIR  filter parameter file 
theoretical  1  anti_alias   fir    coef_conv 
1000 2 62.5
126 
-3.4175231332622230e-006	0.0 
-1.7857761724511055e-005	0.0 
-4.1876691914621610e-005	0.0 
-4.7460250836571155e-005	0.0 
1.6365603736748674e-006	0.0 
8.5967553746568034e-005	0.0 
1.1027528870850357e-004	0.0 
1.4007031433511366e-005	0.0 
-9.8001085905942068e-005	0.0 
-4.5390483305158824e-005	0.0 
1.4368037398292585e-004	0.0 
1.8213954276428526e-004	0.0 
-7.0179559553469321e-005	0.0 
-2.7956301912657736e-004	0.0 
-4.8471067537958574e-005	0.0 
3.7332830171241978e-004	0.0 
2.8567605346353938e-004	0.0 
-3.4343700782853468e-004	0.0 
-5.6273609790096694e-004	0.0 
1.6996160821899873e-004	0.0 
8.4234725115618181e-004	0.0 
2.1121255646133289e-004	0.0 
-9.9449923177930694e-004	0.0 
-7.6822069305443775e-004	0.0 
9.1117905510780116e-004	0.0 
1.4347821064264838e-003	0.0 
-4.7147379000427432e-004	0.0 
-2.0492142584841214e-003	0.0 
-3.7279882629740732e-004	0.0 
2.4064176271029799e-003	0.0 
1.5894370617387588e-003	0.0 
-2.2667323857969665e-003	0.0 
-3.0156512932677684e-003	0.0 
1.4296798887909092e-003	0.0 
4.3678833690809458e-003	0.0 
2.1352299463593270e-004	0.0 
-5.2557173717995617e-003	0.0 
-2.6075220165504387e-003	0.0 
5.2470532286448121e-003	0.0 
5.4947033204847300e-003	0.0 
-3.9466616093742175e-003	0.0 
-8.3970950090684702e-003	0.0 
1.0998648393667858e-003	0.0 
1.0647798730029150e-002	0.0 
3.3146605003638941e-003	0.0 
-1.1457125968940010e-002	0.0 
-9.0078689673496574e-003	0.0 
1.0012765170914664e-002	0.0 
1.5343379246874169e-002	0.0 
-5.5837995925927348e-003	0.0 
-2.1336511469400170e-002	0.0 
-2.4046847984720301e-003	0.0 
2.5671567362750346e-002	0.0 
1.4390901109395397e-002	0.0 
-2.6660194230835876e-002	0.0 
-3.0924974296375307e-002	0.0 
2.1900547188774350e-002	0.0 
5.3611214866899508e-002	0.0 
-6.6029916323630776e-003	0.0 
-8.9256847561139968e-002	0.0 
-3.6881813385908638e-002	0.0 
1.8653491072081821e-001	0.0 
4.0377828842740027e-001	0.0 
4.0377828842740027e-001	0.0 
1.8653491072081821e-001	0.0 
-3.6881813385908638e-002	0.0 
-8.9256847561139968e-002	0.0 
-6.6029916323630776e-003	0.0 
5.3611214866899508e-002	0.0 
2.1900547188774350e-002	0.0 
-3.0924974296375307e-002	0.0 
-2.6660194230835876e-002	0.0 
1.4390901109395397e-002	0.0 
2.5671567362750346e-002	0.0 
-2.4046847984720301e-003	0.0 
-2.1336511469400170e-002	0.0 
-5.5837995925927348e-003	0.0 
1.5343379246874169e-002	0.0 
1.0012765170914664e-002	0.0 
-9.0078689673496574e-003	0.0 
-1.1457125968940010e-002	0.0 
3.3146605003638941e-003	0.0 
1.0647798730029150e-002	0.0 
1.0998648393667858e-003	0.0 
-8.3970950090684702e-003	0.0 
-3.9466616093742175e-003	0.0 
5.4947033204847300e-003	0.0 
5.2470532286448121e-003	0.0 
-2.6075220165504387e-003	0.0 
-5.2557173717995617e-003	0.0 
2.1352299463593270e-004	0.0 
4.3678833690809458e-003	0.0 
1.4296798887909092e-003	0.0 
-3.0156512932677684e-003	0.0 
-2.2667323857969665e-003	0.0 
1.5894370617387588e-003	0.0 
2.4064176271029799e-003	0.0 
-3.7279882629740732e-004	0.0 
-2.0492142584841214e-003	0.0 
-4.7147379000427432e-004	0.0 
1.4347821064264838e-003	0.0 
9.1117905510780116e-004	0.0 
-7.6822069305443775e-004	0.0 
-9.9449923177930694e-004	0.0 
2.1121255646133289e-004	0.0 
8.4234725115618181e-004	0.0 
1.6996160821899873e-004	0.0 
-5.6273609790096694e-004	0.0 
-3.4343700782853468e-004	0.0 
2.8567605346353938e-004	0.0 
3.7332830171241978e-004	0.0 
-4.8471067537958574e-005	0.0 
-2.7956301912657736e-004	0.0 
-7.0179559553469321e-005	0.0 
1.8213954276428526e-004	0.0 
1.4368037398292585e-004	0.0 
-4.5390483305158824e-005	0.0 
-9.8001085905942068e-005	0.0 
1.4007031433511366e-005	0.0 
1.1027528870850357e-004	0.0 
8.5967553746568034e-005	0.0 
1.6365603736748674e-006	0.0 
-4.7460250836571155e-005	0.0 
-4.1876691914621610e-005	0.0 
-1.7857761724511055e-005	0.0 
-3.4175231332622230e-006	0.0 
0 
