theoretical   1 seismometer  paz    seed
1.1477457656e+08 1.0000000000e+00
       9
-1.2381142312e-02 1.2367382136e-02 0.0000000000e+00 0.0000000000e+00
-1.2381142312e-02 -1.2367382136e-02 0.0000000000e+00 0.0000000000e+00
-1.4212439501e-01 0.0000000000e+00 0.0000000000e+00 0.0000000000e+00
-1.6416832234e-01 0.0000000000e+00 0.0000000000e+00 0.0000000000e+00
-4.0056877130e+01 4.8407544562e+01 0.0000000000e+00 0.0000000000e+00
-4.0056877130e+01 -4.8407544562e+01 0.0000000000e+00 0.0000000000e+00
-5.6548667765e+02 0.0000000000e+00 0.0000000000e+00 0.0000000000e+00
-3.3924551102e+01 0.0000000000e+00 0.0000000000e+00 0.0000000000e+00
-1.1885147663e+02 0.0000000000e+00 0.0000000000e+00 0.0000000000e+00
       5
0.0000000000e+00 0.0000000000e+00 0.0000000000e+00 0.0000000000e+00
0.0000000000e+00 0.0000000000e+00 0.0000000000e+00 0.0000000000e+00
-7.9482294136e+01 0.0000000000e+00 0.0000000000e+00 0.0000000000e+00
-1.5250421714e-01 0.0000000000e+00 0.0000000000e+00 0.0000000000e+00
-1.5250421714e-01 0.0000000000e+00 0.0000000000e+00 0.0000000000e+00
theoretical   2 FIR_filter   fir    seed
1.0000000000e+02     5
      99
-3.3774113638e-07 0.0000000000e+00
-8.6290934843e-07 0.0000000000e+00
-1.5494206256e-06 0.0000000000e+00
-2.0403708239e-06 0.0000000000e+00
-1.6036106475e-06 0.0000000000e+00
8.7670135400e-07 0.0000000000e+00
6.7303927176e-06 0.0000000000e+00
1.7090006901e-05 0.0000000000e+00
3.2229213014e-05 0.0000000000e+00
5.0734120486e-05 0.0000000000e+00
6.8704627742e-05 0.0000000000e+00
7.9287832015e-05 0.0000000000e+00
7.2908329439e-05 0.0000000000e+00
3.8525615556e-05 0.0000000000e+00
-3.3899013688e-05 0.0000000000e+00
-1.4982406050e-04 0.0000000000e+00
-3.0591512352e-04 0.0000000000e+00
-4.8608419627e-04 0.0000000000e+00
-6.5898826609e-04 0.0000000000e+00
-7.7832731428e-04 0.0000000000e+00
-7.8710231782e-04 0.0000000000e+00
-6.2642725294e-04 0.0000000000e+00
-2.4859710038e-04 0.0000000000e+00
3.6708814823e-04 0.0000000000e+00
1.1983604839e-03 0.0000000000e+00
2.1675108752e-03 0.0000000000e+00
3.1364712665e-03 0.0000000000e+00
3.9128915800e-03 0.0000000000e+00
4.2697117240e-03 0.0000000000e+00
3.9782916064e-03 0.0000000000e+00
2.8523911518e-03 0.0000000000e+00
7.9767332209e-04 0.0000000000e+00
-2.1413608647e-03 0.0000000000e+00
-5.7462923203e-03 0.0000000000e+00
-9.6106138806e-03 0.0000000000e+00
-1.3153805311e-02 0.0000000000e+00
-1.5667006326e-02 0.0000000000e+00
-1.6388706618e-02 0.0000000000e+00
-1.4603205897e-02 0.0000000000e+00
-9.7505739371e-03 0.0000000000e+00
-1.5304606180e-03 0.0000000000e+00
1.0014904044e-02 0.0000000000e+00
2.4456209875e-02 0.0000000000e+00
4.0980416547e-02 0.0000000000e+00
5.8447723600e-02 0.0000000000e+00
7.5497430485e-02 0.0000000000e+00
9.0692036620e-02 0.0000000000e+00
1.0268004146e-01 0.0000000000e+00
1.1035704456e-01 0.0000000000e+00
1.1300004563e-01 0.0000000000e+00
1.1035704456e-01 0.0000000000e+00
1.0268004146e-01 0.0000000000e+00
9.0692036620e-02 0.0000000000e+00
7.5497430485e-02 0.0000000000e+00
5.8447723600e-02 0.0000000000e+00
4.0980416547e-02 0.0000000000e+00
2.4456209875e-02 0.0000000000e+00
1.0014904044e-02 0.0000000000e+00
-1.5304606180e-03 0.0000000000e+00
-9.7505739371e-03 0.0000000000e+00
-1.4603205897e-02 0.0000000000e+00
-1.6388706618e-02 0.0000000000e+00
-1.5667006326e-02 0.0000000000e+00
-1.3153805311e-02 0.0000000000e+00
-9.6106138806e-03 0.0000000000e+00
-5.7462923203e-03 0.0000000000e+00
-2.1413608647e-03 0.0000000000e+00
7.9767332209e-04 0.0000000000e+00
2.8523911518e-03 0.0000000000e+00
3.9782916064e-03 0.0000000000e+00
4.2697117240e-03 0.0000000000e+00
3.9128915800e-03 0.0000000000e+00
3.1364712665e-03 0.0000000000e+00
2.1675108752e-03 0.0000000000e+00
1.1983604839e-03 0.0000000000e+00
3.6708814823e-04 0.0000000000e+00
-2.4859710038e-04 0.0000000000e+00
-6.2642725294e-04 0.0000000000e+00
-7.8710231782e-04 0.0000000000e+00
-7.7832731428e-04 0.0000000000e+00
-6.5898826609e-04 0.0000000000e+00
-4.8608419627e-04 0.0000000000e+00
-3.0591512352e-04 0.0000000000e+00
-1.4982406050e-04 0.0000000000e+00
-3.3899013688e-05 0.0000000000e+00
3.8525615556e-05 0.0000000000e+00
7.2908329439e-05 0.0000000000e+00
7.9287832015e-05 0.0000000000e+00
6.8704627742e-05 0.0000000000e+00
5.0734120486e-05 0.0000000000e+00
3.2229213014e-05 0.0000000000e+00
1.7090006901e-05 0.0000000000e+00
6.7303927176e-06 0.0000000000e+00
8.7670135400e-07 0.0000000000e+00
-1.6036106475e-06 0.0000000000e+00
-2.0403708239e-06 0.0000000000e+00
-1.5494206256e-06 0.0000000000e+00
-8.6290934843e-07 0.0000000000e+00
-3.3774113638e-07 0.0000000000e+00
       0
