   ELLIPTICITY CORRECTION TABLES  GJRAS(1976) 44 , P7-17.
  P  PHASE       TAU0                 TAU1                 TAU2
   DELTA   0KM  300KM  650KM    0KM  300KM  650KM    0KM  300KM  650KM
     0.   0.00  -0.12  -0.26   0.00   0.00   0.00   0.00   0.00   0.00
     5.  -0.18  -0.17  -0.27  -0.02  -0.11  -0.20   0.00   0.00   0.00
    10.  -0.34  -0.29  -0.31  -0.05  -0.14  -0.28  -0.01  -0.01  -0.02
    15.  -0.48  -0.38  -0.37  -0.10  -0.19  -0.34  -0.03  -0.03  -0.04
    20.  -0.57  -0.46  -0.41  -0.16  -0.24  -0.37  -0.06  -0.07  -0.08
    25.  -0.63  -0.51  -0.45  -0.23  -0.31  -0.42  -0.10  -0.12  -0.13
    30.  -0.65  -0.54  -0.45  -0.28  -0.36  -0.46  -0.15  -0.16  -0.17
    35.  -0.66  -0.54  -0.45  -0.33  -0.41  -0.50  -0.20  -0.21  -0.23
    40.  -0.66  -0.54  -0.43  -0.37  -0.44  -0.52  -0.26  -0.27  -0.29
    45.  -0.64  -0.52  -0.41  -0.39  -0.46  -0.53  -0.32  -0.34  -0.36
    50.  -0.61  -0.49  -0.37  -0.40  -0.46  -0.53  -0.40  -0.41  -0.42
    55.  -0.58  -0.45  -0.33  -0.39  -0.44  -0.51  -0.47  -0.48  -0.48
    60.  -0.54  -0.41  -0.29  -0.35  -0.40  -0.45  -0.54  -0.55  -0.56
    65.  -0.51  -0.37  -0.25  -0.29  -0.34  -0.38  -0.60  -0.61  -0.63
    70.  -0.47  -0.34  -0.22  -0.22  -0.25  -0.30  -0.67  -0.66  -0.68
    75.  -0.45  -0.32  -0.19  -0.12  -0.15  -0.19  -0.72  -0.73  -0.74
    80.  -0.44  -0.31  -0.18  -0.01  -0.04  -0.07  -0.76  -0.77  -0.78
    85.  -0.45  -0.31  -0.19   0.12   0.09   0.06  -0.80  -0.80  -0.81
    90.  -0.47  -0.33  -0.21   0.25   0.22   0.20  -0.81  -0.82  -0.83
    95.  -0.51  -0.37  -0.24   0.39   0.37   0.35  -0.82  -0.82  -0.82
   100.  -0.56  -0.43  -0.30   0.53   0.51   0.49  -0.79  -0.79  -0.79
   105.  -0.64  -0.50  -0.37   0.66   0.64   0.62  -0.75  -0.75  -0.75
  PKP PHASE      TAU0                 TAU1                 TAU2
   DELTA   0KM  300KM  650KM    0KM  300KM  650KM    0KM  300KM  650KM
   110.  -0.84  -0.72  -0.59   0.86   0.85   0.85  -0.98  -0.98  -0.98
   115.  -1.01  -0.88  -0.76   0.99   0.98   0.98  -0.89  -0.89  -0.89
   120.  -1.18  -1.05  -0.93   1.09   1.08   1.08  -0.80  -0.80  -0.80
   125.  -1.35  -1.21  -1.09   1.16   1.15   1.15  -0.71  -0.71  -0.71
   130.  -1.52  -1.38  -1.26   1.20   1.19   1.19  -0.62  -0.62  -0.62
   135.  -1.69  -1.56  -1.44   1.20   1.20   1.19  -0.53  -0.53  -0.53
   140.  -1.87  -1.73  -1.61   1.17   1.17   1.16  -0.44  -0.44  -0.44
   145.  -2.03  -1.90  -1.78   1.11   1.11   1.10  -0.35  -0.35  -0.35
   150.  -2.19  -2.06  -1.94   1.02   1.02   1.01  -0.27  -0.27  -0.27
   155.  -2.34  -2.20  -2.08   0.90   0.90   0.89  -0.19  -0.19  -0.19
   160.  -2.46  -2.33  -2.21   0.75   0.75   0.75  -0.13  -0.13  -0.13
   165.  -2.57  -2.43  -2.31   0.59   0.58   0.58  -0.07  -0.07  -0.07
   170.  -2.64  -2.51  -2.39   0.40   0.40   0.40  -0.03  -0.03  -0.03
   175.  -2.69  -2.56  -2.44   0.20   0.20   0.20  -0.01  -0.01  -0.01
   180.  -2.70  -2.57  -2.45   0.00   0.00   0.00   0.00   0.00   0.00
  PKP2 PHASE     TAU0                 TAU1                 TAU2
   DELTA   0KM  300KM  650KM    0KM  300KM  650KM    0KM  300KM  650KM
   145.  -1.87  -1.72  -1.57   0.99   0.96   0.93  -0.42  -0.43  -0.45
   150.  -1.93  -1.79  -1.65   0.85   0.83   0.81  -0.40  -0.40  -0.42
   155.  -2.01  -1.87  -1.74   0.73   0.70   0.68  -0.37  -0.38  -0.39
   160.  -2.08  -1.94  -1.81   0.59   0.57   0.55  -0.35  -0.36  -0.37
   165.  -2.13  -2.00  -1.87   0.45   0.43   0.41  -0.34  -0.34  -0.35
   170.  -2.17  -2.03  -1.91   0.30   0.28   0.26  -0.34  -0.34  -0.35
   175.  -2.20  -2.05  -1.93   0.15   0.13   0.12  -0.34  -0.34  -0.35
   180.  -2.22  -2.06  -1.94   0.00  -0.02  -0.02  -0.34  -0.34  -0.35
  PKP (BC) PHASE TAU0                 TAU1                 TAU2         NOTE that 140, 160 and 165 
   DELTA   0KM  300KM  650KM    0KM  300KM  650KM    0KM  300KM  650KM       are linear extrapolations
   140.  -1.73  -1.62  -1.52   1.09   1.09   1.11  -0.49  -0.47  -0.48
   145.  -1.94  -1.82  -1.71   1.04   1.04   1.05  -0.39  -0.38  -0.38
   150.  -2.15  -2.02  -1.90   0.99   0.99   0.99  -0.29  -0.29  -0.28
   155.  -2.33  -2.19  -2.07   0.88   0.88   0.88  -0.20  -0.21  -0.20
   160.  -2.51  -2.36  -2.24   0.77   0.77   0.77  -0.11  -0.13  -0.11
   165.  -2.69  -2.53  -2.41   0.66   0.66   0.66  -0.02  -0.05  -0.02
  PCP PHASE      TAU0                 TAU1                 TAU2
   DELTA   0KM  300KM  650KM    0KM  300KM  650KM    0KM  300KM  650KM
     0.  -1.52  -1.35  -1.26   0.00   0.00   0.00   0.00   0.00   0.00
     5.  -1.49  -1.34  -1.24  -0.11  -0.12  -0.14  -0.01  -0.01  -0.01
    10.  -1.46  -1.33  -1.20  -0.22  -0.23  -0.23  -0.03  -0.03  -0.03
    15.  -1.41  -1.27  -1.15  -0.32  -0.33  -0.34  -0.06  -0.07  -0.07
    20.  -1.34  -1.21  -1.09  -0.40  -0.42  -0.43  -0.10  -0.10  -0.11
    25.  -1.26  -1.13  -1.01  -0.47  -0.48  -0.50  -0.16  -0.16  -0.16
    30.  -1.17  -1.04  -0.91  -0.52  -0.54  -0.56  -0.22  -0.22  -0.22
    35.  -1.07  -0.94  -0.81  -0.55  -0.57  -0.59  -0.28  -0.28  -0.28
    40.  -0.97  -0.84  -0.71  -0.56  -0.58  -0.60  -0.35  -0.36  -0.36
    45.  -0.88  -0.74  -0.61  -0.55  -0.57  -0.59  -0.42  -0.43  -0.43
    50.  -0.78  -0.65  -0.52  -0.51  -0.54  -0.56  -0.49  -0.50  -0.50
    55.  -0.69  -0.56  -0.43  -0.46  -0.48  -0.51  -0.56  -0.56  -0.57
    60.  -0.62  -0.48  -0.35  -0.39  -0.41  -0.44  -0.62  -0.62  -0.63
    65.  -0.55  -0.42  -0.29  -0.30  -0.32  -0.35  -0.67  -0.68  -0.68
    70.  -0.50  -0.37  -0.24  -0.20  -0.23  -0.26  -0.72  -0.73  -0.73
    75.  -0.47  -0.33  -0.20  -0.09  -0.12  -0.15  -0.76  -0.76  -0.77
    80.  -0.45  -0.32  -0.19   0.03   0.00  -0.03  -0.79   0.80  -0.80
    85.  -0.45  -0.33  -0.19   0.15   0.12   0.09  -0.81  -0.82  -0.82
    90.  -0.47  -0.34  -0.21   0.27   0.24   0.21  -0.82  -0.83  -0.83  
  S  PHASE       TAU0                 TAU1                 TAU2
   DELTA   0KM  300KM  650KM    0KM  300KM  650KM    0KM  300KM  650KM
     0.   0.00  -0.22  -0.47   0.00   0.00   0.00   0.00   0.00   0.00
     5.  -0.33  -0.31  -0.49  -0.02  -0.20  -0.36   0.00   0.00   0.00
    10.  -0.57  -0.52  -0.56  -0.10  -0.25  -0.50  -0.02  -0.02  -0.03
    15.  -0.82  -0.68  -0.66  -0.19  -0.34  -0.61  -0.05  -0.05  -0.07
    20.  -1.00  -0.84  -0.72  -0.30  -0.43  -0.67  -0.12  -0.13  -0.14
    25.  -1.15  -0.94  -0.78  -0.42  -0.57  -0.76  -0.20  -0.22  -0.24
    30.  -1.19  -0.98  -0.83  -0.52  -0.66  -0.83  -0.28  -0.30  -0.31
    35.  -1.21  -0.99  -0.81  -0.60  -0.74  -0.90  -0.37  -0.39  -0.41
    40.  -1.20  -0.98  -0.78  -0.67  -0.80  -0.95  -0.47  -0.49  -0.52
    45.  -1.17  -0.94  -0.74  -0.72  -0.84  -0.98  -0.59  -0.61  -0.64
    50.  -1.12  -0.89  -0.68  -0.73  -0.84  -0.97  -0.71  -0.73  -0.76
    55.  -1.06  -0.83  -0.60  -0.71  -0.81  -0.93  -0.84  -0.86  -0.89
    60.  -0.99  -0.76  -0.53  -0.65  -0.75  -0.85  -0.96  -0.99  -1.01
    65.  -0.92  -0.69  -0.46  -0.55  -0.64  -0.73  -1.08  -1.11  -1.13
    70.  -0.86  -0.63  -0.40  -0.42  -0.50  -0.58  -1.20  -1.22  -1.24
    75.  -0.83  -0.59  -0.35  -0.25  -0.32  -0.39  -1.30  -1.32  -1.34
    80.  -0.81  -0.57  -0.33  -0.05  -0.11  -0.18  -1.38  -1.40  -1.42
    85.  -0.82  -0.58  -0.34   0.17   0.12   0.06  -1.44  -1.46  -1.48
    90.  -0.86  -0.62  -0.38   0.41   0.36   0.31  -1.48  -1.50  -1.52
    95.  -0.93  -0.69  -0.46   0.66   0.62   0.58  -1.50  -1.51  -1.53
   100.  -1.04  -0.80  -0.56   0.91   0.87   0.84  -1.48  -1.48  -1.49
   105.  -1.17  -0.92  -0.68   1.15   1.12   1.08  -1.41  -1.41  -1.41

