ZLand Linear Phase Non-scaled Impulse Responses for CS5376A ADC with Standard ROM Coefficients
  250 Samples per Second   500 Samples per Second   1000 Samples per Second  2000 Samples per Second
 (34.5398 sam. grp. delay)(34.5171 sam. grp. delay)(34.5186 sam. grp. delay)(34.5215 sam. grp. delay) 
 -3.9618000000000000e+004 -3.9618000000000000e+004 -3.9618000000000000e+004 -3.9618000000000000e+004
  2.6088334483091200e+015  1.0403147124044200e+014  1.2813019596762000e+013  1.5552048757220000e+012
 -2.4888004154259984e+016 -8.4488018728329300e+014 -1.0510660379068500e+014 -1.3006658143837000e+013
 -5.5103672037936000e+017 -2.0347229255781504e+016 -2.5166355632030070e+015 -3.0811227795747100e+014
 -2.4128289816569303e+019 -7.8507181136376730e+017 -9.7882473054924048e+016 -1.2172550709648340e+016
 -3.0012753370358596e+019 -8.8191082019997632e+017 -1.1070644258783394e+017 -1.3952952198839900e+016
  9.5725119541231698e+019  3.0354375794151470e+018  3.7910198843498470e+017  4.7301905594469320e+016
 -3.7476703767893991e+019 -1.3280242835088535e+018 -1.6475551858973421e+017 -2.0279897404841016e+016
  2.7195102856842871e+019  1.0989217952028017e+018  1.3534540797351094e+017  1.6414507985494492e+016
  8.9016570317594362e+019  2.4690823464378854e+018  3.1121774293903949e+017  3.9539590897093184e+016
 -2.0958908850604353e+020 -6.2923414754596024e+018 -7.8874463897894835e+017 -9.9125935184773520e+016
  3.7258909490792012e+020  1.1605329940128649e+019  1.4511649063797307e+018  1.8149322905508624e+017
 -4.7737324147633147e+020 -1.5306196511126061e+019 -1.9103706533467049e+018 -2.3803773320948909e+017
  4.8558803249772718e+020  1.6160122233420753e+019  2.0122671900592525e+018  2.4956697967880701e+017
 -3.0327996077987647e+020 -1.1129721262261957e+019 -1.3779667808502894e+018 -1.6892098164955488e+017
 -1.0168859140025526e+020 -9.8322028213001741e+017 -1.4076086340503246e+017 -2.2039759004841016e+016
  7.3786616574063660e+020  2.0693156087871103e+019  2.6062177462903506e+018  3.3060296255068218e+017
 -1.5238875696561814e+021 -4.5720455712518709e+019 -5.7312817075630653e+018 -7.2034260100720525e+017
  2.3101232028546194e+021  7.1587692028246663e+019  8.9545865395164006e+018  1.1206779718609490e+018
 -2.8672694913979688e+021 -9.1186168924839903e+019 -1.1386965896325747e+019 -1.4203352014098854e+018
  2.9342922364129342e+021  9.6196012882012619e+019  1.1989613626945077e+019  1.4897769593121720e+018
 -2.2616473227858160e+021 -7.8395599650940813e+019 -9.7381235912953487e+018 -1.2017937666101612e+018
  6.8613953907508262e+020  3.2004498739297964e+019  3.9153637319001871e+018  4.6810981023908826e+017
  1.8062726763170717e+021  4.4286749730240553e+019  5.6353083256285798e+018  7.2909672120729088e+017
 -5.0212663311600441e+021 -1.4534127788722027e+020 -1.8264106572714566e+019 -2.3067005285410908e+018
  8.5315163010974100e+021  2.5863416094533976e+020  3.2398473246370419e+019  4.0664314827075190e+018
 -1.1682607878571519e+022 -3.6424671215053839e+020 -4.5543907355045683e+019 -5.6953630675483013e+018
  1.3637707523860839e+022  4.3608510768264806e+020  5.4437745449622716e+019  6.7854952155539907e+018
 -1.3440714042458151e+022 -4.4372088562048008e+020 -5.5280327628648874e+019 -6.8629217946565888e+018
  1.0065514356697591e+022  3.5385033345038057e+020  4.3918084730284909e+019  5.4108799007792241e+018
 -2.3696881629000101e+021 -1.2877260516357095e+020 -1.5653875439600419e+019 -1.8461902868697283e+018
 -1.1253517846253106e+022 -2.8480065238654566e+020 -3.6149455924309189e+019 -4.6546822791126733e+018
  3.4170783600048505e+022  9.9767550281256088e+020  1.2529940605390383e+020  1.5806579786091428e+019
 -7.9041036261076914e+022 -2.4249360417916568e+021 -3.0352934510485248e+020 -3.8037365754905281e+019
  2.5556863664914843e+023  8.2787399745508695e+021  1.0325151222001692e+021  1.2847823019610379e+020
  2.8706649515454878e+023  8.7021284089911921e+021  1.0899710171851194e+021  1.3679247641111529e+020
 -7.2045440685878448e+022 -2.3311935009963605e+021 -2.9080632585037614e+020 -3.6195517665704591e+019
  2.5393123404745709e+022  8.7966862981922043e+020  1.0928540403608868e+020  1.3489297239588577e+019
 -3.4068851655516844e+021 -1.7923911974093452e+020 -2.1824751969655964e+019 -2.5820295344703790e+018
 -8.5185002654898103e+021 -2.1151820337536054e+020 -2.6882310608997114e+019 -3.4707775754588933e+018
  1.4293549744170658e+022  4.1076060770082711e+020  5.1640635908983849e+019  6.5281850972556052e+018
 -1.5829530833090844e+022 -4.7588450285598251e+020 -5.9644776694217900e+019 -7.4943493903157668e+018
  1.4464774676538727e+022  4.4723147835521217e+020  5.5950193375900180e+019  7.0042820610870374e+018
 -1.1339922276538586e+022 -3.5964866765386180e+020 -4.4919881878949421e+019 -5.6050413312943176e+018
  7.4510363461148874e+021  2.4410361487674166e+020  3.0426646987914265e+019  3.7811129550722642e+018
 -3.6099229069095590e+021 -1.2635421183811392e+020 -1.5687561708545282e+019 -1.9338985273653417e+018
  3.9697451540462089e+020  2.5323602791265153e+019  3.0620302191817344e+018  3.5677657214754803e+017
  1.8628849227403022e+021  4.7840958507387748e+019  6.0643393945748787e+018  7.7903253203207744e+017
 -3.0846909686888818e+021 -8.9474091898760282e+019 -1.1241440454051453e+019 -1.4192945408476810e+018
  3.3801698834228361e+021  1.0219981917092307e+020  1.2804299106261045e+019  1.6076407336208630e+018
 -2.9856767299978595e+021 -9.2783228004220191e+019 -1.1603662920496974e+019 -1.4516787584037944e+018
  2.1932822629287235e+021  7.0018452305537343e+019  8.7416253222024438e+018  1.0898577214462200e+018
 -1.2768918347925632e+021 -4.2398829342389027e+019 -5.2805297132612915e+018 -6.5511979302936512e+017
  4.5475567891335283e+020  1.6884556676536277e+019  2.0893899983494531e+018  2.5582245549794595e+017
  1.4903250158711646e+020  2.3903872328005396e+018  3.1703412608405011e+017  4.4197347070305192e+016
 -4.8426301023448531e+020 -1.3565503037351006e+019 -1.7084966451648151e+018 -2.1674305874439418e+017
  5.8743313545269569e+020  1.7531316264781781e+019  2.1983320911814054e+018  2.7648614632381104e+017
 -5.1159805157500400e+020 -1.5767530927371467e+019 -1.9729684848757281e+018 -2.4709275301538339e+017
  3.6074213815763960e+020  1.1446604183405545e+019  1.4296220166838426e+018  1.7837450510885994e+017
 -1.7589063164684091e+020 -5.8393571816302346e+018 -7.2727253197603200e+017 -9.0230556922915552e+016
  5.1765730783545516e+019  1.9680897981304026e+018  2.4323218126615347e+017  2.9702331606212232e+016
  5.5384592873554567e+019  1.4781888228058335e+018  1.8681177741584163e+017  2.3861138517149800e+016
 -5.4260978636398027e+019 -1.5538916018561738e+018 -1.9540533335009446e+017 -2.4714472780091696e+016
  9.9545764295216202e+019  3.0869388197385789e+018  3.8609011652050221e+017  4.8312763625102720e+016
 -2.3109124673435828e+019 -7.8922331251911322e+017 -9.8127651788009712e+016 -1.2132437784708078e+016
 -2.7636212100241797e+019 -8.3223031969670976e+017 -1.0428208188122970e+017 -1.3098601790889564e+016
 -9.6745952681890022e+017 -2.5910074107305320e+016 -3.2717427350764270e+015 -4.1746974419769100e+014
 -3.0623212606696460e+016 -9.2337550694395300e+014 -1.1575062246328100e+014 -1.4543328580193000e+013
  5.4851071409442330e+015  1.4274378148628200e+014  1.8066180480810000e+013  2.3152445434500000e+012
 -4.7136018648600000e+011 -2.0134263780000000e+009 -2.9812545000000000e+008 -5.4078570000000000e+007
