# Zland_500 - ZLand Linear Phase Non-scaled Impulse Responses for CS5376A ADC with Standard ROM Coefficients
# Zland File Date:  9/26/2014 (269)  13:00:00 
#  
# type                      2
# input sample rate         500
# decimation factor         1
# normalization factor      1.0
# gain factor               1
theoretical  1  anti_alias   fir    coef_conv  
 500.0   1    34.5171 
70 
-2.9079961936239431e-18    0.000000 
 7.6360018775380894e-09    0.000000 
-6.2014952008887375e-08    0.000000 
-1.4935045995912553e-06    0.000000 
-5.7624964389098130e-05    0.000000 
-6.4733033173236935e-05    0.000000 
 2.2280379945788082e-04    0.000000 
-9.7478155421371862e-05    0.000000 
 8.0661830419004942e-05    0.000000 
 1.8123282510943119e-04    0.000000 
-4.6186342217220932e-04    0.000000 
 8.5184146831349626e-04    0.000000 
-1.1234883435108957e-03    0.000000 
 1.1861672457793226e-03    0.000000 
-8.1693137126440606e-04    0.000000 
-7.2169237163106421e-05    0.000000 
 1.5188959346154600e-03    0.000000 
-3.3559218330747758e-03    0.000000 
 5.2545998265552119e-03    0.000000 
-6.6931453416271477e-03    0.000000 
 7.0608723131579711e-03    0.000000 
-5.7543062593215814e-03    0.000000 
 2.3491584762663628e-03    0.000000 
 3.2506865476176414e-03    0.000000 
-1.0668178173367569e-02    0.000000 
 1.8983975858704889e-02    0.000000 
-2.6736030402185917e-02    0.000000 
 3.2009032087365032e-02    0.000000 
-3.2569504932500409e-02    0.000000 
 2.5972927022723757e-02    0.000000 
-9.4520229607426738e-03    0.000000 
-2.0904619442720242e-02    0.000000 
 7.3230263129152928e-02    0.000000 
-1.7799244735503178e-01    0.000000 
 6.0766682654339710e-01    0.000000 
 6.3874391160011024e-01    0.000000 
-1.7111166206013151e-01    0.000000 
 6.4568454418816756e-02    0.000000 
-1.3156309706576398e-02    0.000000 
-1.5525622956679376e-02    0.000000 
 3.0150191420179287e-02    0.000000 
-3.4930342846933707e-02    0.000000 
 3.2827185540051644e-02    0.000000 
-2.6398529874788041e-02    0.000000 
 1.7917420942788875e-02    0.000000 
-9.2745107545456271e-03    0.000000 
 1.8587748126064850e-03    0.000000 
 3.5115686112071427e-03    0.000000 
-6.5674773756765554e-03    0.000000 
 7.5015569977813007e-03    0.000000 
-6.8103708886974295e-03    0.000000 
 5.1394162448367463e-03    0.000000 
-3.1121115235947911e-03    0.000000 
 1.2393413737794747e-03    0.000000 
 1.7545653425895399e-04    0.000000 
-9.9571990502324097e-04    0.000000 
 1.2868140988238413e-03    0.000000 
-1.1573506971488724e-03    0.000000 
 8.4019085757138748e-04    0.000000 
-4.2861397489503151e-04    0.000000 
 1.4445952954902634e-04    0.000000 
 1.0850036524248627e-04    0.000000 
-1.1405701609122028e-04    0.000000 
 2.2658403598742427e-04    0.000000 
-5.7929688240821370e-05    0.000000 
-6.1086440554709200e-05    0.000000 
-1.9018223252198031e-06    0.000000 
-6.7776577805002629e-08    0.000000 
 1.0477519643232772e-08    0.000000 
-1.4778727455616241e-13    0.000000 
0
