# Zland_2000 - ZLand Linear Phase Non-scaled Impulse Responses for CS5376A ADC with Standard ROM Coefficients
# Zland File Date:  9/26/2014 (269)  13:00:00 
#  
# type                      2
# input sample rate         2000
# decimation factor         1
# normalization factor      1.0
# gain factor               1
theoretical  1  anti_alias   fir    coef_conv  
 2000.0   1    34.5215 
70 
-1.8612766225206006e-16    0.000000 
 7.3064427240431484e-09    0.000000 
-6.1106034479885387e-08    0.000000 
-1.4475293555298352e-06    0.000000 
-5.7187349367244688e-05    0.000000 
-6.5551778845090902e-05    0.000000 
 2.2222709648054458e-04    0.000000 
-9.5276134450872785e-05    0.000000 
 7.7116310726383505e-05    0.000000 
 1.8575929173806827e-04    0.000000 
-4.6569939382329047e-04    0.000000 
 8.5266571857743612e-04    0.000000 
-1.1183150792584624e-03    0.000000 
 1.1724801479863628e-03    0.000000 
-7.9360057094640776e-04    0.000000 
-1.0354406633777192e-04    0.000000 
 1.5531918964400988e-03    0.000000 
-3.3842113268221403e-03    0.000000 
 5.2650101226679380e-03    0.000000 
-6.6728171702945841e-03    0.000000 
 6.9990585772567258e-03    0.000000 
-5.6460968319513140e-03    0.000000 
 2.1992070436936983e-03    0.000000 
 3.4253386913512805e-03    0.000000 
-1.0837012895475404e-02    0.000000 
 1.9104331000669616e-02    0.000000 
-2.6757146081061309e-02    0.000000 
 3.1878650151284833e-02    0.000000 
-3.2242404711447910e-02    0.000000 
 2.5420627660626371e-02    0.000000 
-8.6735090657661332e-03    0.000000 
-2.1867967366786128e-02    0.000000 
 7.4260228779490761e-02    0.000000 
-1.7870175087553852e-01    0.000000 
 6.0359817852195541e-01    0.000000 
 6.4265898955199552e-01    0.000000 
-1.7004864170631373e-01    0.000000 
 6.3373500949764974e-02    0.000000 
-1.2130524537249396e-02    0.000000 
-1.6305914390353799e-02    0.000000 
 3.0669792288881899e-02    0.000000 
-3.5208888185158896e-02    0.000000 
 3.2906523443489606e-02    0.000000 
-2.6332809324549088e-02    0.000000 
 1.7763888006425844e-02    0.000000 
-9.0855674675958571e-03    0.000000 
 1.6761570326651158e-03    0.000000 
 3.6599400273974875e-03    0.000000 
-6.6679280866043166e-03    0.000000 
 7.5527894262718467e-03    0.000000 
-6.8200710193011089e-03    0.000000 
 5.1202147983275730e-03    0.000000 
-3.0777907913475985e-03    0.000000 
 1.2018687362667056e-03    0.000000 
 2.0764170043765059e-04    0.000000 
-1.0182714633109953e-03    0.000000 
 1.2989479544735210e-03    0.000000 
-1.1608560875909682e-03    0.000000 
 8.3801377255995359e-04    0.000000 
-4.2390839072552135e-04    0.000000 
 1.3954327692714823e-04    0.000000 
 1.1210101294537026e-04    0.000000 
-1.1611002681484777e-04    0.000000 
 2.2697616614863778e-04    0.000000 
-5.6998896518912532e-05    0.000000 
-6.1537991067416872e-05    0.000000 
-1.9612970757857978e-06    0.000000 
-6.8325401332598680e-08    0.000000 
 1.0877153173158326e-08    0.000000 
-2.5406425897406198e-13    0.000000 
0
