# Zland_250 - ZLand Linear Phase Non-scaled Impulse Responses for CS5376A ADC with Standard ROM Coefficients
# Zland File Date:  9/26/2014 (269)  13:00:00 
#  
# type                      2
# input sample rate         250
# decimation factor         1
# normalization factor      1.0
# gain factor               1
theoretical  1  anti_alias   fir    coef_conv  
 250.0   1    34.5398 
70 
-9.0908188819525932e-20    0.000000 
 5.9862770386587008e-09    0.000000 
-5.7108470417401493e-08    0.000000 
-1.2644189566040478e-06    0.000000 
-5.5365215975993914e-05    0.000000 
-6.8867813882235915e-05    0.000000 
 2.1965261350966687e-04    0.000000 
-8.5994731245018574e-05    0.000000 
 6.2402381379077709e-05    0.000000 
 2.0425905352361236e-04    0.000000 
-4.8092696331010493e-04    0.000000 
 8.5494976505592077e-04    0.000000 
-1.0953893879933234e-03    0.000000 
 1.1142391980111432e-03    0.000000 
-6.9591175576140714e-04    0.000000 
-2.3333650532096585e-04    0.000000 
 1.6931212256724067e-03    0.000000 
-3.4967403433296129e-03    0.000000 
 5.3008510354252041e-03    0.000000 
-6.5792891190992126e-03    0.000000 
 6.7330807380356411e-03    0.000000 
-5.1896173926747500e-03    0.000000 
 1.5744283602095032e-03    0.000000 
 4.1447063839210154e-03    0.000000 
-1.1521889740679123e-02    0.000000 
 1.9576573648771436e-02    0.000000 
-2.6807126127761646e-02    0.000000 
 3.1293333602014500e-02    0.000000 
-3.0841308749584510e-02    0.000000 
 2.3096513698427825e-02    0.000000 
-5.4375298843028323e-03    0.000000 
-2.5822528276315870e-02    0.000000 
 7.8408906245251389e-02    0.000000 
-1.8136901027091160e-01    0.000000 
 5.8643247707732848e-01    0.000000 
 6.5870804041772035e-01    0.000000 
-1.6531678846629799e-01    0.000000 
 5.8267526306127165e-02    0.000000 
-7.8175011337375533e-03    0.000000 
-1.9546706814940921e-02    0.000000 
 3.2798241179371815e-02    0.000000 
-3.6322731533624364e-02    0.000000 
 3.3191137046965510e-02    0.000000 
-2.6020793465453027e-02    0.000000 
 1.7097284543736754e-02    0.000000 
-8.2833952558247787e-03    0.000000 
 9.1090499780259178e-04    0.000000 
 4.2746098820112917e-03    0.000000 
-7.0781884252474935e-03    0.000000 
 7.7561997577938850e-03    0.000000 
-6.8509885386619750e-03    0.000000 
 5.0327456735029912e-03    0.000000 
-2.9299794037920450e-03    0.000000 
 1.0434907144582458e-03    0.000000 
 3.4197270923640470e-04    0.000000 
-1.1111987776442173e-03    0.000000 
 1.3479348376137061e-03    0.000000 
-1.1739222644323798e-03    0.000000 
 8.2776552099536095e-04    0.000000 
-4.0360186666002062e-04    0.000000 
 1.1878259448864913e-04    0.000000 
 1.2708650175782899e-04    0.000000 
-1.2450823593846064e-04    0.000000 
 2.2841953497737232e-04    0.000000 
-5.3026620961852430e-05    0.000000 
-6.3414558732526838e-05    0.000000 
-2.2199503594149576e-06    0.000000 
-7.0268584832905462e-08    0.000000 
 1.2586227362923124e-08    0.000000 
-1.0815917218202899e-12    0.000000 
0
