# Zland_1000 - ZLand Linear Phase Non-scaled Impulse Responses for CS5376A ADC with Standard ROM Coefficients
# Zland File Date:  9/26/2014 (269)  13:00:00 
#  
# type                      2
# input sample rate         1000
# decimation factor         1
# normalization factor      1.0
# gain factor               1
theoretical  1  anti_alias   fir    coef_conv  
 1000.0   1    34.5186 
70 
-2.3264367240307092e-17    0.000000 
 7.5240242656449752e-09    0.000000 
-6.1720395526476587e-08    0.000000 
-1.4778114481390232e-06    0.000000 
-5.7478262394346425e-05    0.000000 
-6.5008716649789030e-05    0.000000 
 2.2261517190373404e-04    0.000000 
-9.6747258552648245e-05    0.000000 
 7.9477138557851131e-05    0.000000 
 1.8275238183233135e-04    0.000000 
-4.6316434297616463e-04    0.000000 
 8.5214885426482690e-04    0.000000 
-1.1218023233016087e-03    0.000000 
 1.1816377125336785e-03    0.000000 
-8.0916566294726873e-04    0.000000 
-8.2657186615108747e-05    0.000000 
 1.5304156382933063e-03    0.000000 
-3.3655066485537245e-03    0.000000 
 5.2582863784244585e-03    0.000000 
-6.6866211410211212e-03    0.000000 
 7.0405061963410703e-03    0.000000 
-5.7183927371243660e-03    0.000000 
 2.2991685531401186e-03    0.000000 
 3.3091494371190705e-03    0.000000 
-1.0724995775247064e-02    0.000000 
 1.9024937645232613e-02    0.000000 
-2.6744161398008632e-02    0.000000 
 3.1966775250501768e-02    0.000000 
-3.2461553917850015e-02    0.000000 
 2.5789450544102966e-02    0.000000 
-9.1922234075644347e-03    0.000000 
-2.1227578831854808e-02    0.000000 
 7.3577954400282100e-02    0.000000 
-1.7823762311901650e-01    0.000000 
 6.0631054026036868e-01    0.000000 
 6.4004962454151371e-01    0.000000 
-1.7076644859375939e-01    0.000000 
 6.4174258506257395e-02    0.000000 
-1.2815867654871317e-02    0.000000 
-1.5785752594167101e-02    0.000000 
 3.0324264685486140e-02    0.000000 
-3.5024433060235116e-02    0.000000 
 3.2854910542257025e-02    0.000000 
-2.6377722964892096e-02    0.000000 
 1.7867047539452296e-02    0.000000 
-9.2120045608707346e-03    0.000000 
 1.7980765187531396e-03    0.000000 
 3.5610838191037293e-03    0.000000 
-6.6011661121989371e-03    0.000000 
 7.5189034444644561e-03    0.000000 
-6.8138693400771342e-03    0.000000 
 5.1332319090535983e-03    0.000000 
-3.1008173676779290e-03    0.000000 
 1.2269255446975189e-03    0.000000 
 1.8616786150055942e-04    0.000000 
-1.0032584527726511e-03    0.000000 
 1.2908982049925910e-03    0.000000 
-1.1585608406709377e-03    0.000000 
 8.3949850095818427e-04    0.000000 
-4.2706687030335681e-04    0.000000 
 1.4283009716888124e-04    0.000000 
 1.0969907099340315e-04    0.000000 
-1.1474535402522148e-04    0.000000 
 2.2671872024296831e-04    0.000000 
-5.7622235540038230e-05    0.000000 
-6.1236222158329596e-05    0.000000 
-1.9212232950836676e-06    0.000000 
-6.7970745350091087e-08    0.000000 
 1.0608770188682709e-08    0.000000 
-1.7506436348331086e-13    0.000000 
0
