#
# Filter used during the CASCADIA deployment 1
#
#   Got the information by email from:
#       Mark N.Lockwood <MARK.N.LOCKWOOD@saic.com>
#
#   Summary
#
#       Navy filter for OBS data.
#       Pass band ends at 4 Hz
#       Transition band: 4-4.5 Hz
#       Pass band designed for 10^-6 dB ripple
#       Stop band attenuates 140 dB down
#       Filter created and applied in double-precision,
#          and casted back to 32-bit integers prior to
#          writing back to miniseed files. Any noise in
#          the stopband should primarily be quantization-related.
#       Linear phase filter
#       Lag is corrected, so effective phase shift should be zero
#
#  NOTE:
#   Setting input sample rate to 50 hertz with
#   a decimation factor of 1.
#
#  Juan Reyes
#  reyes@ucsd.edu
#  9/2013
#
theoretical  1  anti_alias   fir    OBS-SIO-UCSD/SAIC
50 1 436.5
874
8.01284017640703e-08    0.0
1.60639490153307e-09    0.0
-1.16966814917661e-08   0.0
-2.96268015995154e-08   0.0
-4.61153679656721e-08   0.0
-5.40590469331823e-08   0.0
-4.82738875799612e-08   0.0
-2.69172135348407e-08   0.0
6.46821781931645e-09    0.0
4.38088421657379e-08    0.0
7.35915988964603e-08    0.0
8.48774396545136e-08    0.0
7.03352228535204e-08    0.0
3.00926436105295e-08    0.0
-2.79268565045537e-08   0.0
-8.82643078172996e-08   0.0
-1.31829425409105e-07   0.0
-1.42032129861426e-07   0.0
-1.09830072578270e-07   0.0
-3.81910524744928e-08   0.0
5.67469754282120e-08    0.0
1.49152559359196e-07    0.0
2.09625893857008e-07    0.0
2.14498673855522e-07    0.0
1.53590491422781e-07    0.0
3.60641413789843e-08    0.0
-1.10217013028805e-07   0.0
-2.44089192645774e-07   0.0
-3.22663247171805e-07   0.0
-3.13675010999022e-07   0.0
-2.07746336957045e-07   0.0
-2.38746274500188e-08   0.0
1.92208007684303e-07    0.0
3.78853231885425e-07    0.0
4.75074175483660e-07    0.0
4.39820791755649e-07    0.0
2.66662539012587e-07    0.0
-9.27425184593717e-09   0.0
-3.17361182510109e-07   0.0
-5.68053014751061e-07   0.0
-6.78496783122509e-07   0.0
-5.98022642638235e-07   0.0
-3.28029928826433e-07   0.0
7.28289391504891e-08    0.0
4.99019734170381e-07    0.0
8.25334821472084e-07    0.0
9.41923265175405e-07    0.0
7.89837335637338e-07    0.0
3.84159534995837e-07    0.0
-1.81768262674696e-07   0.0
-7.56290642891579e-07   0.0
-1.16818615217485e-06   0.0
-1.27662098290615e-06   0.0
-1.01625090415591e-06   0.0
-4.25524803503661e-07   0.0
3.54419587841668e-07    0.0
1.11071714025228e-06    0.0
1.61566073689360e-06    0.0
1.69277302727971e-06    0.0
1.27548924553287e-06    0.0
4.37588264975558e-07    0.0
-6.14078542448569e-07   0.0
-1.58862316789573e-06   0.0
-2.18903911183350e-06   0.0
-2.20066185590093e-06   0.0
-1.56261872674091e-06   0.0
-4.01363943182967e-07   0.0
9.89503824682037e-07    0.0
2.22006911684050e-06    0.0
2.91142026820880e-06    0.0
2.80862786560729e-06    0.0
1.86849397103203e-06    0.0
2.91354759047114e-07    0.0
-1.51541913042616e-06   0.0
-3.03986293932521e-06   0.0
-3.80694041542746e-06   0.0
-3.52303676672215e-06   0.0
-2.17835360230450e-06   0.0
-7.54347967952121e-08   0.0
2.23336592809101e-06    0.0
4.08669136169604e-06    0.0
4.90048925090483e-06    0.0
4.34640884764301e-06    0.0
2.47097595417670e-06    0.0
-2.86914531986258e-07   0.0
-3.19171618285046e-06   0.0
-5.40357265718003e-06   0.0
-6.21629457090626e-06   0.0
-5.27668473405503e-06   0.0
-2.71675282434808e-06   0.0
8.45002851796995e-07    0.0
4.44656751603175e-06    0.0
7.03676441416132e-06    0.0
7.77729465724027e-06    0.0
6.30507694793372e-06    0.0
2.87676102860854e-06    0.0
-1.65851761306864e-06   0.0
-6.06136820009317e-06   0.0
-9.03563666276444e-06   0.0
-9.60313892460868e-06   0.0
-7.41491640354701e-06   0.0
-2.90062787969303e-06   0.0
2.79783320619175e-06    0.0
8.10739937915521e-06    0.0
1.14510489367253e-05    0.0
1.17090164877339e-05    0.0
8.57911941112942e-06    0.0
2.72551999956578e-06    0.0
-4.34534105069199e-06   0.0
-1.06629050317217e-05   0.0
-1.43346346258735e-05   0.0
-1.41031605214305e-05   0.0
-9.75873937366186e-06   0.0
-2.27406541667623e-06   0.0
6.39542701847532e-06    0.0
1.38130413851088e-05    0.0
1.77365498502062e-05    0.0
1.67851306094415e-05    0.0
1.09001578981730e-05    0.0
1.45335734839117e-06    0.0
-9.05541647821244e-06   0.0
-1.76483580271827e-05   0.0
-2.17040069355091e-05   0.0
-1.97427109207118e-05   0.0
-1.19333427429907e-05   0.0
-1.53010681419030e-07   0.0
1.24450361512303e-05    0.0
2.22639828274131e-05    0.0
2.62783237366890e-05    0.0
2.29497239161344e-05    0.0
1.27689891576583e-05    0.0
-1.75543349714902e-06   0.0
-1.66966193638465e-05   0.0
-2.77572615629332e-05   0.0
-3.14926827487763e-05   0.0
-2.63624840999583e-05   0.0
-1.32967462777846e-05   0.0
4.42003149937192e-06    0.0
2.19538475172707e-05    0.0
3.42260866318027e-05    0.0
3.73684558954597e-05    0.0
2.99172181013855e-05    0.0
1.33824556067380e-05    0.0
-8.00852236422923e-06   0.0
-2.83711005727447e-05   0.0
-4.17656314184525e-05   0.0
-4.39122627757430e-05   0.0
-3.35262522480039e-05   0.0
-1.28666055795883e-05   0.0
1.27091190855362e-05    0.0
3.61112100876544e-05    0.0
5.04656614363927e-05    0.0
5.11115794866832e-05    0.0
3.70751802507131e-05    0.0
1.15619070083386e-05    0.0
-1.87297915725426e-05   0.0
-4.53437549944480e-05   0.0
-6.04063143895822e-05   0.0
-5.89311806267635e-05   0.0
-4.04190449601039e-05   0.0
-9.25231656705856e-06   0.0
2.62980412121619e-05    0.0
5.62416680638562e-05    0.0
7.16544326597080e-05    0.0
6.73082751981137e-05    0.0
4.33796250171155e-05    0.0
5.69134109792474e-06    0.0
-3.56590939313481e-05   0.0
-6.89783287965180e-05   0.0
-8.42584152010608e-05   0.0
-7.61485170156632e-05   0.0
-4.57418351943937e-05   0.0
-6.01838537992418e-07   0.0
4.70744975866647e-05    0.0
8.37230045137897e-05    0.0
9.82436841587998e-05    0.0
8.53208898946879e-05    0.0
4.72514394216436e-05    0.0
-6.32463310952760e-06   0.0
-6.08189962354244e-05   0.0
-0.000100636671859106   0.0
-0.000113606735295807   0.0
-9.46535677366138e-05   0.0
-4.76120618122451e-05   0.0
1.54268798976804e-05    0.0
7.71777450414429e-05    0.0
0.000119866265067772    0.0
0.000130309906913515    0.0
0.000103928863119628    0.0
4.64836408671375e-05    0.0
-2.70734459088059e-05   0.0
-9.64417951613549e-05   0.0
-0.000141539360343709   0.0
-0.000148274938601367   0.0
-0.000112879345076201   0.0
-4.34804482080413e-05   0.0
4.16602493795848e-05    0.0
0.000118903804466164    0.0
0.000165757334669920    0.0
0.000167377306086648    0.0
0.000121183183090762    0.0
3.81706043638952e-05    0.0
-5.96084964484048e-05   0.0
-0.000144852146518694   0.0
-0.000192589092460002   0.0
-0.000187439594105322   0.0
-0.000128460855134484   0.0
-3.00753538965617e-05   0.0
8.13608078677487e-05    0.0
0.000174565235661025    0.0
0.000222063426949867    0.0
0.000208225803015467    0.0
0.000134271308281868    0.0
1.86699425907512e-05    0.0
-0.000107377542003334   0.0
-0.000208304333124102   0.0
-0.000254162043790564   0.0
-0.000229434858766116   0.0
-0.000138109528573643   0.0
-3.38428959238317e-06   0.0
0.000138131478080801    0.0
0.000246306741249595    0.0
0.000288811502077663    0.0
0.000250695277858426    0.0
0.000139403812941826    0.0
-1.63946450789624e-05   0.0
-0.000174102628722595   0.0
-0.000288777569884949   0.0
-0.000325875885587001   0.0
-0.000271559175686046   0.0
-0.000137514454490918   0.0
4.13207369449545e-05    0.0
0.000215771623557336    0.0
0.000335882099150907    0.0
0.000365148682769469    0.0
0.000291497565956203    0.0
0.000131732207601700    0.0
-7.20850055572117e-05   0.0
-0.000263613391261358   0.0
-0.000387736999429265   0.0
-0.000406345574663692   0.0
-0.000309895159681501   0.0
-0.000121278129781299   0.0
0.000109412237166824    0.0
0.000318089625718809    0.0
0.000444402279523803    0.0
0.000449096550887410    0.0
0.000326046375348501    0.0
0.000105303046456045    0.0
-0.000154056402564578   0.0
-0.000379641883403136   0.0
-0.000505872465277386   0.0
-0.000492939113779662   0.0
-0.000339150930206795   0.0
-8.28882248100019e-05   0.0
0.000206796592030828    0.0
0.000448683766718273    0.0
0.000572068647559774    0.0
0.000537310868724940    0.0
0.000348310411013616    0.0
5.30453434175734e-05    0.0
-0.000268432243573591   0.0
-0.000525594135973983   0.0
-0.000642830078673410   0.0
-0.000581543178156217   0.0
-0.000352524205121586   0.0
-1.47171375660705e-05   0.0
0.000339779439910358    0.0
0.000610709958236112    0.0
0.000717906863836954    0.0
0.000624854168148866    0.0
0.000350685962500330    0.0
-3.32232512239062e-05   0.0
-0.000421667203654810   0.0
-0.000704320615907165   0.0
-0.000796952356486774   0.0
-0.000666342436012188   0.0
-0.000341578734814183   0.0
9.19732414351810e-05    0.0
0.000514935752311115    0.0
0.000806662556094274    0.0
0.000879516789233208    0.0
0.000704979772416282    0.0
0.000323869743664516    0.0
-0.000162804144705878   0.0
-0.000620435834394214   0.0
-0.000917915992154602   0.0
-0.000965040631550979   0.0
-0.000739603798681471   0.0
-0.000296102551514781   0.0
0.000247066433597655    0.0
0.000739031378608239    0.0
0.00103820278194902     0.0
0.00105284905544588     0.0
0.000768908653160107    0.0
0.000256687089942705    0.0
-0.000346199327001734   0.0
-0.000871604972694443   0.0
-0.00116758719809908    0.0
-0.00114214589765547    0.0
-0.000791434076320718   0.0
-0.000203884777238647   0.0
0.000461744993260386    0.0
0.00101906878696041     0.0
0.00130607895517347     0.0
0.00123200814855315     0.0
0.000805550478636403    0.0
0.000135788215529997    0.0
-0.000595370573272544   0.0
-0.00118238124192855    0.0
-0.00145364037968176    0.0
-0.00132137917683935    0.0
-0.000809439472307740   0.0
-5.02916657945790e-05   0.0
0.000748899579822099    0.0
0.00136257281164094     0.0
0.00161019743903099     0.0
0.00140906111430885     0.0
0.000801066272529238    0.0
-5.49500723531525e-05   0.0
-0.000924357626709236   0.0
-0.00156078276980862    0.0
-0.00177565698033922    0.0
-0.00149370413606135    0.0
-0.000778141719193748   0.0
0.000182580440445268    0.0
0.00112403662066298     0.0
0.00177831206481350     0.0
0.00194993062829592     0.0
0.00157379197614953     0.0
0.000738067823111509    0.0
-0.000335623742605914   0.0
-0.00135058621773654    0.0
-0.00201669730397643    0.0
-0.00213296879807882    0.0
-0.00164762022592463    0.0
-0.000677860724553045   0.0
0.000517603088770326    0.0
0.00160714266264803     0.0
0.00227781553267072     0.0
0.00232480711672855     0.0
0.00171326457522609     0.0
0.000594039150953022    0.0
-0.000732708570392206   0.0
-0.00189751298048896    0.0
-0.00256403215664978    0.0
-0.00252563140495890    0.0
-0.00176853235353470    0.0
-0.000482462715550471   0.0
0.000986040960912728    0.0
0.00222643979060176     0.0
0.00287841355023437     0.0
0.00273586838152191     0.0
0.00181088935272417     0.0
0.000338093044843226    0.0
-0.00128396854594896    0.0
-0.00259998919641888    0.0
-0.00322503634552098    0.0
-0.00295631580970355    0.0
-0.00183734653258158    0.0
-0.000154636008059632   0.0
0.00163466096702784     0.0
0.00302612944897809     0.0
0.00360944882544258     0.0
0.00318833304605377     0.0
0.00184428361841066     0.0
-7.60067015876800e-05   0.0
-0.00204890524991249    0.0
-0.00351561709164662    0.0
-0.00403937652748650    0.0
-0.00343412976560548    0.0
-0.00182716722318050    0.0
0.000364600002436143    0.0
0.00254139117524087     0.0
0.00408339527974784     0.0
0.00452583872972712     0.0
0.00369721926571245     0.0
0.00178008982978709     0.0
-0.000725977663119997   0.0
-0.00313280655231168    0.0
-0.00475088419820313    0.0
-0.00508498408837417    0.0
-0.00398316280362907    0.0
-0.00169498755479306    0.0
0.00118141491839480     0.0
0.00385340269696539     0.0
0.00554990314720692     0.0
0.00574125514734373     0.0
0.00430085536145481     0.0
0.00156025372195229     0.0
-0.00176284764549735    0.0
-0.00474938446981276    0.0
-0.00652976301135858    0.0
-0.00653316210704284    0.0
-0.00466488778428912    0.0
-0.00135813611772592    0.0
0.00252085094420711     0.0
0.00589512703230550     0.0
0.00777098477062066     0.0
0.00752458748063975     0.0
0.00510022258728149     0.0
0.00105948058860281     0.0
-0.00354095251377819    0.0
-0.00741852092251038    0.0
-0.00941420508049560    0.0
-0.00882899359732877    0.0
-0.00565236992987458    0.0
-0.000612043421178493   0.0
0.00498056028614969     0.0
0.00955949354133366     0.0
0.0117283354086597      0.0
0.0106677839571892      0.0
0.00641249225322025     0.0
-8.91184454006380e-05   0.0
-0.00716498120957903    0.0
-0.0128265117817259     0.0
-0.0152983940001869     0.0
-0.0135363783527384     0.0
-0.00759133158998304    0.0
0.00129218968933298     0.0
0.0108929388963294      0.0
0.0185165583484687      0.0
0.0216796444224129      0.0
0.0188131111630122      0.0
0.00980600586453559     0.0
-0.00376259991396068    0.0
-0.0187895776603252     0.0
-0.0312055085406955     0.0
-0.0368221392147472     0.0
-0.0322907617308765     0.0
-0.0159551440633015     0.0
0.0116050857594916      0.0
0.0474834708786965      0.0
0.0868536938667347      0.0
0.123808459029030       0.0
0.152464429889507       0.0
0.168102940546799       0.0
0.168102940546799       0.0
0.152464429889507       0.0
0.123808459029030       0.0
0.0868536938667347      0.0
0.0474834708786965      0.0
0.0116050857594916      0.0
-0.0159551440633015     0.0
-0.0322907617308765     0.0
-0.0368221392147472     0.0
-0.0312055085406955     0.0
-0.0187895776603252     0.0
-0.00376259991396068    0.0
0.00980600586453559     0.0
0.0188131111630122      0.0
0.0216796444224129      0.0
0.0185165583484687      0.0
0.0108929388963294      0.0
0.00129218968933298     0.0
-0.00759133158998304    0.0
-0.0135363783527384     0.0
-0.0152983940001869     0.0
-0.0128265117817259     0.0
-0.00716498120957903    0.0
-8.91184454006380e-05   0.0
0.00641249225322025     0.0
0.0106677839571892      0.0
0.0117283354086597      0.0
0.00955949354133366     0.0
0.00498056028614969     0.0
-0.000612043421178493   0.0
-0.00565236992987458    0.0
-0.00882899359732877    0.0
-0.00941420508049560    0.0
-0.00741852092251038    0.0
-0.00354095251377819    0.0
0.00105948058860281     0.0
0.00510022258728149     0.0
0.00752458748063975     0.0
0.00777098477062066     0.0
0.00589512703230550     0.0
0.00252085094420711     0.0
-0.00135813611772592    0.0
-0.00466488778428912    0.0
-0.00653316210704284    0.0
-0.00652976301135858    0.0
-0.00474938446981276    0.0
-0.00176284764549735    0.0
0.00156025372195229     0.0
0.00430085536145481     0.0
0.00574125514734373     0.0
0.00554990314720692     0.0
0.00385340269696539     0.0
0.00118141491839480     0.0
-0.00169498755479306    0.0
-0.00398316280362907    0.0
-0.00508498408837417    0.0
-0.00475088419820313    0.0
-0.00313280655231168    0.0
-0.000725977663119997   0.0
0.00178008982978709     0.0
0.00369721926571245     0.0
0.00452583872972712     0.0
0.00408339527974784     0.0
0.00254139117524087     0.0
0.000364600002436143    0.0
-0.00182716722318050    0.0
-0.00343412976560548    0.0
-0.00403937652748650    0.0
-0.00351561709164662    0.0
-0.00204890524991249    0.0
-7.60067015876800e-05   0.0
0.00184428361841066     0.0
0.00318833304605377     0.0
0.00360944882544258     0.0
0.00302612944897809     0.0
0.00163466096702784     0.0
-0.000154636008059632   0.0
-0.00183734653258158    0.0
-0.00295631580970355    0.0
-0.00322503634552098    0.0
-0.00259998919641888    0.0
-0.00128396854594896    0.0
0.000338093044843226    0.0
0.00181088935272417     0.0
0.00273586838152191     0.0
0.00287841355023437     0.0
0.00222643979060176     0.0
0.000986040960912728    0.0
-0.000482462715550471   0.0
-0.00176853235353470    0.0
-0.00252563140495890    0.0
-0.00256403215664978    0.0
-0.00189751298048896    0.0
-0.000732708570392206   0.0
0.000594039150953022    0.0
0.00171326457522609     0.0
0.00232480711672855     0.0
0.00227781553267072     0.0
0.00160714266264803     0.0
0.000517603088770326    0.0
-0.000677860724553045   0.0
-0.00164762022592463    0.0
-0.00213296879807882    0.0
-0.00201669730397643    0.0
-0.00135058621773654    0.0
-0.000335623742605914   0.0
0.000738067823111509    0.0
0.00157379197614953     0.0
0.00194993062829592     0.0
0.00177831206481350     0.0
0.00112403662066298     0.0
0.000182580440445268    0.0
-0.000778141719193748   0.0
-0.00149370413606135    0.0
-0.00177565698033922    0.0
-0.00156078276980862    0.0
-0.000924357626709236   0.0
-5.49500723531525e-05   0.0
0.000801066272529238    0.0
0.00140906111430885     0.0
0.00161019743903099     0.0
0.00136257281164094     0.0
0.000748899579822099    0.0
-5.02916657945790e-05   0.0
-0.000809439472307740   0.0
-0.00132137917683935    0.0
-0.00145364037968176    0.0
-0.00118238124192855    0.0
-0.000595370573272544   0.0
0.000135788215529997    0.0
0.000805550478636403    0.0
0.00123200814855315     0.0
0.00130607895517347     0.0
0.00101906878696041     0.0
0.000461744993260386    0.0
-0.000203884777238647   0.0
-0.000791434076320718   0.0
-0.00114214589765547    0.0
-0.00116758719809908    0.0
-0.000871604972694443   0.0
-0.000346199327001734   0.0
0.000256687089942705    0.0
0.000768908653160107    0.0
0.00105284905544588     0.0
0.00103820278194902     0.0
0.000739031378608239    0.0
0.000247066433597655    0.0
-0.000296102551514781   0.0
-0.000739603798681471   0.0
-0.000965040631550979   0.0
-0.000917915992154602   0.0
-0.000620435834394214   0.0
-0.000162804144705878   0.0
0.000323869743664516    0.0
0.000704979772416282    0.0
0.000879516789233208    0.0
0.000806662556094274    0.0
0.000514935752311115    0.0
9.19732414351810e-05    0.0
-0.000341578734814183   0.0
-0.000666342436012188   0.0
-0.000796952356486774   0.0
-0.000704320615907165   0.0
-0.000421667203654810   0.0
-3.32232512239062e-05   0.0
0.000350685962500330    0.0
0.000624854168148866    0.0
0.000717906863836954    0.0
0.000610709958236112    0.0
0.000339779439910358    0.0
-1.47171375660705e-05   0.0
-0.000352524205121586   0.0
-0.000581543178156217   0.0
-0.000642830078673410   0.0
-0.000525594135973983   0.0
-0.000268432243573591   0.0
5.30453434175734e-05    0.0
0.000348310411013616    0.0
0.000537310868724940    0.0
0.000572068647559774    0.0
0.000448683766718273    0.0
0.000206796592030828    0.0
-8.28882248100019e-05   0.0
-0.000339150930206795   0.0
-0.000492939113779662   0.0
-0.000505872465277386   0.0
-0.000379641883403136   0.0
-0.000154056402564578   0.0
0.000105303046456045    0.0
0.000326046375348501    0.0
0.000449096550887410    0.0
0.000444402279523803    0.0
0.000318089625718809    0.0
0.000109412237166824    0.0
-0.000121278129781299   0.0
-0.000309895159681501   0.0
-0.000406345574663692   0.0
-0.000387736999429265   0.0
-0.000263613391261358   0.0
-7.20850055572117e-05   0.0
0.000131732207601700    0.0
0.000291497565956203    0.0
0.000365148682769469    0.0
0.000335882099150907    0.0
0.000215771623557336    0.0
4.13207369449545e-05    0.0
-0.000137514454490918   0.0
-0.000271559175686046   0.0
-0.000325875885587001   0.0
-0.000288777569884949   0.0
-0.000174102628722595   0.0
-1.63946450789624e-05   0.0
0.000139403812941826    0.0
0.000250695277858426    0.0
0.000288811502077663    0.0
0.000246306741249595    0.0
0.000138131478080801    0.0
-3.38428959238317e-06   0.0
-0.000138109528573643   0.0
-0.000229434858766116   0.0
-0.000254162043790564   0.0
-0.000208304333124102   0.0
-0.000107377542003334   0.0
1.86699425907512e-05    0.0
0.000134271308281868    0.0
0.000208225803015467    0.0
0.000222063426949867    0.0
0.000174565235661025    0.0
8.13608078677487e-05    0.0
-3.00753538965617e-05   0.0
-0.000128460855134484   0.0
-0.000187439594105322   0.0
-0.000192589092460002   0.0
-0.000144852146518694   0.0
-5.96084964484048e-05   0.0
3.81706043638952e-05    0.0
0.000121183183090762    0.0
0.000167377306086648    0.0
0.000165757334669920    0.0
0.000118903804466164    0.0
4.16602493795848e-05    0.0
-4.34804482080413e-05   0.0
-0.000112879345076201   0.0
-0.000148274938601367   0.0
-0.000141539360343709   0.0
-9.64417951613549e-05   0.0
-2.70734459088059e-05   0.0
4.64836408671375e-05    0.0
0.000103928863119628    0.0
0.000130309906913515    0.0
0.000119866265067772    0.0
7.71777450414429e-05    0.0
1.54268798976804e-05    0.0
-4.76120618122451e-05   0.0
-9.46535677366138e-05   0.0
-0.000113606735295807   0.0
-0.000100636671859106   0.0
-6.08189962354244e-05   0.0
-6.32463310952760e-06   0.0
4.72514394216436e-05    0.0
8.53208898946879e-05    0.0
9.82436841587998e-05    0.0
8.37230045137897e-05    0.0
4.70744975866647e-05    0.0
-6.01838537992418e-07   0.0
-4.57418351943937e-05   0.0
-7.61485170156632e-05   0.0
-8.42584152010608e-05   0.0
-6.89783287965180e-05   0.0
-3.56590939313481e-05   0.0
5.69134109792474e-06    0.0
4.33796250171155e-05    0.0
6.73082751981137e-05    0.0
7.16544326597080e-05    0.0
5.62416680638562e-05    0.0
2.62980412121619e-05    0.0
-9.25231656705856e-06   0.0
-4.04190449601039e-05   0.0
-5.89311806267635e-05   0.0
-6.04063143895822e-05   0.0
-4.53437549944480e-05   0.0
-1.87297915725426e-05   0.0
1.15619070083386e-05    0.0
3.70751802507131e-05    0.0
5.11115794866832e-05    0.0
5.04656614363927e-05    0.0
3.61112100876544e-05    0.0
1.27091190855362e-05    0.0
-1.28666055795883e-05   0.0
-3.35262522480039e-05   0.0
-4.39122627757430e-05   0.0
-4.17656314184525e-05   0.0
-2.83711005727447e-05   0.0
-8.00852236422923e-06   0.0
1.33824556067380e-05    0.0
2.99172181013855e-05    0.0
3.73684558954597e-05    0.0
3.42260866318027e-05    0.0
2.19538475172707e-05    0.0
4.42003149937192e-06    0.0
-1.32967462777846e-05   0.0
-2.63624840999583e-05   0.0
-3.14926827487763e-05   0.0
-2.77572615629332e-05   0.0
-1.66966193638465e-05   0.0
-1.75543349714902e-06   0.0
1.27689891576583e-05    0.0
2.29497239161344e-05    0.0
2.62783237366890e-05    0.0
2.22639828274131e-05    0.0
1.24450361512303e-05    0.0
-1.53010681419030e-07   0.0
-1.19333427429907e-05   0.0
-1.97427109207118e-05   0.0
-2.17040069355091e-05   0.0
-1.76483580271827e-05   0.0
-9.05541647821244e-06   0.0
1.45335734839117e-06    0.0
1.09001578981730e-05    0.0
1.67851306094415e-05    0.0
1.77365498502062e-05    0.0
1.38130413851088e-05    0.0
6.39542701847532e-06    0.0
-2.27406541667623e-06   0.0
-9.75873937366186e-06   0.0
-1.41031605214305e-05   0.0
-1.43346346258735e-05   0.0
-1.06629050317217e-05   0.0
-4.34534105069199e-06   0.0
2.72551999956578e-06    0.0
8.57911941112942e-06    0.0
1.17090164877339e-05    0.0
1.14510489367253e-05    0.0
8.10739937915521e-06    0.0
2.79783320619175e-06    0.0
-2.90062787969303e-06   0.0
-7.41491640354701e-06   0.0
-9.60313892460868e-06   0.0
-9.03563666276444e-06   0.0
-6.06136820009317e-06   0.0
-1.65851761306864e-06   0.0
2.87676102860854e-06    0.0
6.30507694793372e-06    0.0
7.77729465724027e-06    0.0
7.03676441416132e-06    0.0
4.44656751603175e-06    0.0
8.45002851796995e-07    0.0
-2.71675282434808e-06   0.0
-5.27668473405503e-06   0.0
-6.21629457090626e-06   0.0
-5.40357265718003e-06   0.0
-3.19171618285046e-06   0.0
-2.86914531986258e-07   0.0
2.47097595417670e-06    0.0
4.34640884764301e-06    0.0
4.90048925090483e-06    0.0
4.08669136169604e-06    0.0
2.23336592809101e-06    0.0
-7.54347967952121e-08   0.0
-2.17835360230450e-06   0.0
-3.52303676672215e-06   0.0
-3.80694041542746e-06   0.0
-3.03986293932521e-06   0.0
-1.51541913042616e-06   0.0
2.91354759047114e-07    0.0
1.86849397103203e-06    0.0
2.80862786560729e-06    0.0
2.91142026820880e-06    0.0
2.22006911684050e-06    0.0
9.89503824682037e-07    0.0
-4.01363943182967e-07   0.0
-1.56261872674091e-06   0.0
-2.20066185590093e-06   0.0
-2.18903911183350e-06   0.0
-1.58862316789573e-06   0.0
-6.14078542448569e-07   0.0
4.37588264975558e-07    0.0
1.27548924553287e-06    0.0
1.69277302727971e-06    0.0
1.61566073689360e-06    0.0
1.11071714025228e-06    0.0
3.54419587841668e-07    0.0
-4.25524803503661e-07   0.0
-1.01625090415591e-06   0.0
-1.27662098290615e-06   0.0
-1.16818615217485e-06   0.0
-7.56290642891579e-07   0.0
-1.81768262674696e-07   0.0
3.84159534995837e-07    0.0
7.89837335637338e-07    0.0
9.41923265175405e-07    0.0
8.25334821472084e-07    0.0
4.99019734170381e-07    0.0
7.28289391504891e-08    0.0
-3.28029928826433e-07   0.0
-5.98022642638235e-07   0.0
-6.78496783122509e-07   0.0
-5.68053014751061e-07   0.0
-3.17361182510109e-07   0.0
-9.27425184593717e-09   0.0
2.66662539012587e-07    0.0
4.39820791755649e-07    0.0
4.75074175483660e-07    0.0
3.78853231885425e-07    0.0
1.92208007684303e-07    0.0
-2.38746274500188e-08   0.0
-2.07746336957045e-07   0.0
-3.13675010999022e-07   0.0
-3.22663247171805e-07   0.0
-2.44089192645774e-07   0.0
-1.10217013028805e-07   0.0
3.60641413789843e-08    0.0
1.53590491422781e-07    0.0
2.14498673855522e-07    0.0
2.09625893857008e-07    0.0
1.49152559359196e-07    0.0
5.67469754282120e-08    0.0
-3.81910524744928e-08   0.0
-1.09830072578270e-07   0.0
-1.42032129861426e-07   0.0
-1.31829425409105e-07   0.0
-8.82643078172996e-08   0.0
-2.79268565045537e-08   0.0
3.00926436105295e-08    0.0
7.03352228535204e-08    0.0
8.48774396545136e-08    0.0
7.35915988964603e-08    0.0
4.38088421657379e-08    0.0
6.46821781931645e-09    0.0
-2.69172135348407e-08   0.0
-4.82738875799612e-08   0.0
-5.40590469331823e-08   0.0
-4.61153679656721e-08   0.0
-2.96268015995154e-08   0.0
-1.16966814917661e-08   0.0
1.60639490153307e-09    0.0
8.01284017640703e-08    0.0
0
