# LCheapo 2000 4x4 Long Period Datalogger FIR2 filter 
# Single stage, fixed decimated by 2. Linear phase. 
#
# Divide Coeffiients provided by Cirrus Logic by 2.07e+07
# to get the normalize coefficients with peak mag = 1.00
#
# type          2 
# npoles        0 
# input sample rate:  1000 
# decimal factor    2 
# normalization factor  1.0 
# gain factor       1 
theoretical  1  anti_alias   fir    OBS-SIO-UCSD/CIRRUS_LOGIC
1000 2 62.5
126 
    -3.429951690821256e-06  0.0
    -1.792270531400966e-05  0.0
    -4.202898550724638e-05  0.0
    -4.763285024154589e-05  0.0
     1.642512077294686e-06  0.0
     8.628019323671498e-05  0.0
     1.106763285024155e-04  0.0
     1.405797101449275e-05  0.0
    -9.835748792270531e-05  0.0
    -4.555555555555555e-05  0.0
     1.442028985507246e-04  0.0
     1.828019323671498e-04  0.0
    -7.043478260869565e-05  0.0
    -2.805797101449275e-04  0.0
    -4.864734299516908e-05  0.0
     3.746859903381643e-04  0.0
     2.867149758454106e-04  0.0
    -3.446859903381642e-04  0.0
    -5.647826086956522e-04  0.0
     1.705797101449275e-04  0.0
     8.454106280193237e-04  0.0
     2.119806763285024e-04  0.0
    -9.981159420289856e-04  0.0
    -7.710144927536232e-04  0.0
     9.144927536231884e-04  0.0
     1.440000000000000e-03  0.0
    -4.731884057971015e-04  0.0
    -2.056666666666667e-03  0.0
    -3.741545893719807e-04  0.0
     2.415169082125604e-03  0.0
     1.595217391304348e-03  0.0
    -2.274975845410628e-03  0.0
    -3.026618357487923e-03  0.0
     1.434879227053140e-03  0.0
     4.383768115942029e-03  0.0
     2.142995169082126e-04  0.0
    -5.274830917874396e-03  0.0
    -2.617004830917874e-03  0.0
     5.266135265700483e-03  0.0
     5.514685990338164e-03  0.0
    -3.961014492753623e-03  0.0
    -8.427632850241546e-03  0.0
     1.103864734299517e-03  0.0
     1.068652173913043e-02  0.0
     3.326714975845411e-03  0.0
    -1.149879227053140e-02  0.0
    -9.040628019323671e-03  0.0
     1.004917874396135e-02  0.0
     1.539917874396135e-02  0.0
    -5.604106280193237e-03  0.0
    -2.141410628019324e-02  0.0
    -2.413429951690821e-03  0.0
     2.576492753623189e-02  0.0
     1.444323671497585e-02  0.0
    -2.675714975845411e-02  0.0
    -3.103743961352657e-02  0.0
     2.198019323671498e-02  0.0
     5.380618357487923e-02  0.0
    -6.627004830917874e-03  0.0
    -8.958144927536232e-02  0.0
    -3.701594202898550e-02  0.0
     1.872132850241546e-01  0.0
     4.052467149758454e-01  0.0
     4.052467149758454e-01  0.0
     1.872132850241546e-01  0.0
    -3.701594202898550e-02  0.0
    -8.958144927536232e-02  0.0
    -6.627004830917874e-03  0.0
     5.380618357487923e-02  0.0
     2.198019323671498e-02  0.0
    -3.103743961352657e-02  0.0
    -2.675714975845411e-02  0.0
     1.444323671497585e-02  0.0
     2.576492753623189e-02  0.0
    -2.413429951690821e-03  0.0
    -2.141410628019324e-02  0.0
    -5.604106280193237e-03  0.0
     1.539917874396135e-02  0.0
     1.004917874396135e-02  0.0
    -9.040628019323671e-03  0.0
    -1.149879227053140e-02  0.0
     3.326714975845411e-03  0.0
     1.068652173913043e-02  0.0
     1.103864734299517e-03  0.0
    -8.427632850241546e-03  0.0
    -3.961014492753623e-03  0.0
     5.514685990338164e-03  0.0
     5.266135265700483e-03  0.0
    -2.617004830917874e-03  0.0
    -5.274830917874396e-03  0.0
     2.142995169082126e-04  0.0
     4.383768115942029e-03  0.0
     1.434879227053140e-03  0.0
    -3.026618357487923e-03  0.0
    -2.274975845410628e-03  0.0
     1.595217391304348e-03  0.0
     2.415169082125604e-03  0.0
    -3.741545893719807e-04  0.0
    -2.056666666666667e-03  0.0
    -4.731884057971015e-04  0.0
     1.440000000000000e-03  0.0
     9.144927536231884e-04  0.0
    -7.710144927536232e-04  0.0
    -9.981159420289856e-04  0.0
     2.119806763285024e-04  0.0
     8.454106280193237e-04  0.0
     1.705797101449275e-04  0.0
    -5.647826086956522e-04  0.0
    -3.446859903381642e-04  0.0
     2.867149758454106e-04  0.0
     3.746859903381643e-04  0.0
    -4.864734299516908e-05  0.0
    -2.805797101449275e-04  0.0
    -7.043478260869565e-05  0.0
     1.828019323671498e-04  0.0
     1.442028985507246e-04  0.0
    -4.555555555555555e-05  0.0
    -9.835748792270531e-05  0.0
     1.405797101449275e-05  0.0
     1.106763285024155e-04  0.0
     8.628019323671498e-05  0.0
     1.642512077294686e-06  0.0
    -4.763285024154589e-05  0.0
    -4.202898550724638e-05  0.0
    -1.792270531400966e-05  0.0
    -3.429951690821256e-06  0.0
0
