# Earth Data PR6-24 FIR minimum phase filter parameter file 
# version:      $Revision: 1.0 $Date: 2008/02/25 10:52:00
# input sample rate     24000  
# decimation factor     8 
theoretical  1  anti_alias   fir    coef_conv 
24000 8 36
73 
 7.863951298741712E-07 0.0
 2.152228966239586E-06 0.0
 4.090128615214169E-06 0.0
 6.420529492475819E-06 0.0
 7.612998571706149E-06 0.0
 4.521342511474034E-06 0.0
-8.388393613081865E-06 0.0
-4.0074489061685E-05   0.0
-1.087015894045966E-04 0.0
-2.315703874774173E-04 0.0
-4.326730863959264E-04 0.0
-7.418614334365383E-04 0.0
-1.18635087859998E-03  0.0
-1.788871417278773E-03 0.0
-2.561559259079316E-03 0.0
-3.497559854749428E-03 0.0
-4.547837954288527E-03 0.0
-5.644726431691926E-03 0.0
-6.67437006693041E-03  0.0
-7.469323848669273E-03 0.0
-7.832058779539261E-03 0.0
-7.534723239423474E-03 0.0
-6.334797150367673E-03 0.0
-3.999433873834113E-03 0.0
-3.6068762548751E-04   0.0
 4.714083260239838E-03 0.0
 .0112571969700161     0.0
 1.916109378839915E-02 0.0
 .0282114710689262     0.0
 3.806552254026776E-02 0.0
 4.826462834246981E-02 0.0
 .0582653696595785     0.0
 6.751643907160214E-02 0.0
 7.543175579238447E-02 0.0
 8.148586885561487E-02 0.0
 8.529721786720043E-02 0.0
 .0865986472792965     0.0
 8.529721786720043E-02 0.0
 8.148586885561487E-02 0.0
 7.543175579238447E-02 0.0
 6.751643907160214E-02 0.0
 .0582653696595785     0.0
 4.826462834246981E-02 0.0
 3.806552254026776E-02 0.0
 .0282114710689262     0.0
 1.916109378839915E-02 0.0
 .0112571969700161     0.0
 4.714083260239838E-03 0.0
-3.6068762548751E-04   0.0
-3.999433873834113E-03 0.0
-6.334797150367673E-03 0.0
-7.534723239423474E-03 0.0
-7.832058779539261E-03 0.0
-7.469323848669273E-03 0.0
-6.67437006693041E-03  0.0
-5.644726431691926E-03 0.0
-4.547837954288527E-03 0.0
-3.497559854749428E-03 0.0
-2.561559259079316E-03 0.0
-1.788871417278773E-03 0.0
-1.18635087859998E-03  0.0
-7.418614334365383E-04 0.0
-4.326730863959264E-04 0.0
-2.315703874774173E-04 0.0
-1.087015894045966E-04 0.0
-4.0074489061685E-05   0.0
-8.388393613081865E-06 0.0
 4.521342511474034E-06 0.0
 7.612998571706149E-06 0.0
 6.420529492475819E-06 0.0
 4.090128615214169E-06 0.0
 2.152228966239586E-06 0.0
 7.863951298741712E-07 0.0
0
