# Earth Data PR6-24 FIR minimum phase filter parameter file 
# version:      $Revision: 1.0 $Date: 2008/02/25 10:52:00
# input sample rate     192000  
# decimation factor     8 
theoretical  1  anti_alias   fir    coef_conv 
192000 8 23
47 
 0                     0.0
 0 		       0.0
 3.814697265625E-06    0.0
 2.288818359375E-05    0.0
 8.0108642578125E-05   0.0
 .000213623046875      0.0
 4.8065185546875E-04   0.0
 .0009613037109375     0.0
 1.76239013671875E-03  0.0
 .003021240234375      0.0
 4.886627197265625E-03 0.0
 7.49969482421875E-03  0.0
 1.097488403320312E-02 0.0
 .015380859375 	       0.0
 .020721435546875      0.0
 .02691650390625       0.0
 .033782958984375      0.0
 .041015625 	       0.0
 4.822540283203125E-02 0.0
 .0549774169921875     0.0
 6.082916259765625E-02 0.0
 .06536865234375       0.0
 .0682525634765625     0.0
 .069244384765625      0.0
 .0682525634765625     0.0
 .06536865234375       0.0
 6.082916259765625E-02 0.0
 .0549774169921875     0.0
 4.822540283203125E-02 0.0
 .041015625 	       0.0
 .033782958984375      0.0
 .02691650390625       0.0
 .020721435546875      0.0
 .015380859375 	       0.0
 1.097488403320312E-02 0.0
 7.49969482421875E-03  0.0
 4.886627197265625E-03 0.0
 .003021240234375      0.0
 1.76239013671875E-03  0.0
 .0009613037109375     0.0
 4.8065185546875E-04   0.0
 .000213623046875      0.0
 8.0108642578125E-05   0.0
 2.288818359375E-05    0.0
 3.814697265625E-06    0.0
 0 		       0.0
 0                     0.0
0
