# Earth Data PR6-24 FIR minimum phase filter parameter file 
# version:      $Revision: 1.0 $Date: 2008/02/25 10:52:00
# input sample rate     3000  
# decimation factor     3 
theoretical  1  anti_alias   fir    coef_conv 
3000 3 89
179
0.000000182811580  0.0
0.000000826444577  0.0
0.000001951574768  0.0
0.000001796342330  0.0
-0.000005707215226 0.0
-0.000033216838611 0.0
-0.000099131414444 0.0
-0.000220461790089 0.0
-0.000398979605811 0.0
-0.000605916990219 0.0
-0.000776246052261 0.0
-0.000824063147583 0.0
-0.000681668745818 0.0
-0.000348185209567 0.0
0.000081545949805  0.0
0.000437149706712  0.0
0.000548802948376  0.0
0.000348264638163  0.0
-0.000065899384578 0.0
-0.000454985819112 0.0
-0.000566457398655 0.0
-0.000297750552004 0.0
0.000209058235478  0.0
0.000625439569732  0.0
0.000638915197308  0.0
0.000181970239510  0.0
-0.000476849520600 0.0
-0.000875385394328 0.0
-0.000671994813198 0.0
0.000074762560054  0.0
0.000881881392379  0.0
0.001139716593141  0.0
0.000560628312282  0.0
-0.000543219838842 0.0
-0.001400840864610 0.0
-0.001306405402934 0.0
-0.000181906962807 0.0
0.001257969214248  0.0
0.001937202034622  0.0
0.001206057120168  0.0
-0.000578983962065 0.0
-0.002176973227164 0.0
-0.002303655600485 0.0
-0.000639668961534 0.0
0.001769076244157  0.0
0.003132601995874  0.0
0.002223450425411  0.0
-0.000566872300211 0.0
-0.003300947286956 0.0
-0.003808552819238 0.0
-0.001376419595876 0.0
0.002477486800091  0.0
0.004895047200392  0.0
0.003762433257931  0.0
-0.000505172558856 0.0
-0.004944356124533 0.0
-0.006051727992690 0.0
-0.002499003407858 0.0
0.003513272197869  0.0
0.007529684482522  0.0
0.006084294727156  0.0
-0.000403570528748 0.0
-0.007438005588597 0.0
-0.009478729478240 0.0
-0.004217473659624 0.0
0.005139280285807  0.0
0.011670542537340  0.0
0.009749450428193  0.0
-0.000283211418604 0.0
-0.011543512844495 0.0
-0.015158867105294 0.0
-0.007064569745410 0.0
0.008025643091034  0.0
0.019034959602026  0.0
0.016369259119125  0.0
-0.000170132950604 0.0
-0.019627970664095 0.0
-0.026665167202628 0.0
-0.012985395823167 0.0
0.014662783548926  0.0
0.036691587102247  0.0
0.033284976321027  0.0
-0.000089862152920 0.0
-0.045102229092936 0.0
-0.067745366690432 0.0
-0.037792127542577 0.0
0.050701347569632  0.0
0.171099709012060  0.0
0.274747898014685  0.0
0.315561142606283  0.0
0.274747898014685  0.0
0.171099709012060  0.0
0.050701347569632  0.0
-0.037792127542577 0.0
-0.067745366690432 0.0
-0.045102229092936 0.0
-0.000089862152920 0.0
0.033284976321027  0.0
0.036691587102247  0.0
0.014662783548926  0.0
-0.012985395823167 0.0
-0.026665167202628 0.0
-0.019627970664095 0.0
-0.000170132950604 0.0
0.000000000000000  0.0
0.000000000000000  0.0
0.000000000000000  0.0
-0.007064569745410 0.0
-0.015158867105294 0.0
-0.011543512844495 0.0
-0.000283211418604 0.0
0.000000000000000  0.0
0.000000000000000  0.0
0.000000000000000  0.0
-0.004217473659624 0.0
-0.009478729478240 0.0
-0.007438005588597 0.0
-0.000403570528748 0.0
0.000000000000000  0.0
0.000000000000000  0.0
0.000000000000000  0.0
-0.002499003407858 0.0
-0.006051727992690 0.0
-0.004944356124533 0.0
-0.000505172558856 0.0
0.000000000000000  0.0
0.000000000000000  0.0
0.000000000000000  0.0
-0.001376419595876 0.0
-0.003808552819238 0.0
-0.003300947286956 0.0
-0.000566872300211 0.0
0.002223450425411  0.0
0.003132601995874  0.0
0.001769076244157  0.0
-0.000639668961534 0.0
-0.002303655600485 0.0
-0.002176973227164 0.0
-0.000578983962065 0.0
0.001206057120168  0.0
0.001937202034622  0.0
0.001257969214248  0.0
-0.000181906962807 0.0
-0.001306405402934 0.0
-0.001400840864610 0.0
-0.000543219838842 0.0
0.000560628312282  0.0
0.001139716593141  0.0
0.000881881392379  0.0
0.000074762560054  0.0
-0.000671994813198 0.0
-0.000875385394328 0.0
-0.000476849520600 0.0
0.000181970239510  0.0
0.000638915197308  0.0
0.000625439569732  0.0
0.000209058235478  0.0
-0.000297750552004 0.0
-0.000566457398655 0.0
-0.000454985819112 0.0
-0.000065899384578 0.0
0.000348264638163  0.0
0.000548802948376  0.0
0.000437149706712  0.0
0.000081545949805  0.0
-0.000348185209567 0.0
-0.000681668745818 0.0
-0.000824063147583 0.0
-0.000776246052261 0.0
-0.000605916990219 0.0
-0.000398979605811 0.0
-0.000220461790089 0.0
-0.000099131414444 0.0
-0.000033216838611 0.0
-0.000005707215226 0.0
0.000001796342330  0.0
0.000001951574768  0.0
0.000000826444577  0.0
0.000000182811580  0.0
0
