# Earth Data PR6-24 FIR minimum phase filter parameter file 
# version:      $Revision: 1.0 $Date: 2010/12/08 14:30:00 mc
# input sample rate     3000  
# decimation factor     12 
theoretical  1  anti_alias   fir    coef_conv 
3000 10 319
639
0.000000003121510	0.0
0.000000003863808	0.0
0.000000004483640	0.0
0.000000002261888	0.0
-0.000000006250639	0.0
-0.000000026603995	0.0
-0.000000067179583	0.0
-0.000000140017767	0.0
-0.000000261704790	0.0
-0.000000454272287	0.0
-0.000000746046536	0.0
-0.000001172356397	0.0
-0.000001775992969	0.0
-0.000002607318578	0.0
-0.000003723912581	0.0
-0.000005189625546	0.0
-0.000007072948209	0.0
-0.000009444635907	0.0
-0.000012374517978	0.0
-0.000015927507352	0.0
-0.000020158911658	0.0
-0.000025109097803	0.0
-0.000030797801152	0.0
-0.000037218270252	0.0
-0.000044331643580	0.0
-0.000052061915366	0.0
-0.000060291944666	0.0
-0.000068860951049	0.0
-0.000077563936127	0.0
-0.000086153427525	0.0
-0.000094343867954	0.0
-0.000101818850575	0.0
-0.000108241259347	0.0
-0.000113266204317	0.0
-0.000116556434803	0.0
-0.000117799712535	0.0
-0.000116727433206	0.0
-0.000113133580338	0.0
-0.000106892952990	0.0
-0.000097977505252	0.0
-0.000086469568485	0.0
-0.000072570789548	0.0
-0.000056605686028	0.0
-0.000039018954598	0.0
-0.000020365909375	0.0
-0.000001295801703	0.0
0.000017471827493	0.0
0.000035177155440	0.0
0.000051055377024	0.0
0.000064375771233	0.0
0.000074482612295	0.0
0.000080835681227	0.0
0.000083047916730	0.0
0.000080917675277	0.0
0.000074453152570	0.0
0.000063886765432	0.0
0.000049677720717	0.0
0.000032501570257	0.0
0.000013226266523	0.0
-0.000007124949065	0.0
-0.000027422636017	0.0
-0.000046490145803	0.0
-0.000063169645068	0.0
-0.000076391589338	0.0
-0.000085243558356	0.0
-0.000089034064286	0.0
-0.000087346923919	0.0
-0.000080082046005	0.0
-0.000067479054922	0.0
-0.000050121019468	0.0
-0.000028916656570	0.0
-0.000005060679653	0.0
0.000020026619486	0.0
0.000044778008587	0.0
0.000067572229905	0.0
0.000086836020071	0.0
0.000101149086331	0.0
0.000109345270711	0.0
0.000110602926137	0.0
0.000104517779341	0.0
0.000091152299422	0.0
0.000071056777543	0.0
0.000045258943195	0.0
0.000015220875382	0.0
-0.000017235868761	0.0
-0.000050033751353	0.0
-0.000080966045582	0.0
-0.000107839651021	0.0
-0.000128625095164	0.0
-0.000141603835725	0.0
-0.000145502552664	0.0
-0.000139604386556	0.0
-0.000123828072323	0.0
-0.000098767605857	0.0
-0.000065687392403	0.0
-0.000026470642480	0.0
0.000016478077626	0.0
0.000060371958671	0.0
0.000102215362659	0.0
0.000139001332318	0.0
0.000167920688230	0.0
0.000186568666626	0.0
0.000193134407665	0.0
0.000186558979723	0.0
0.000166649033802	0.0
0.000134135602304	0.0
0.000090670859327	0.0
0.000038759673085	0.0
-0.000018372753029	0.0
-0.000076971223790	0.0
-0.000132988483754	0.0
-0.000182356368644	0.0
-0.000221272642729	0.0
-0.000246483906266	0.0
-0.000255544174781	0.0
-0.000247029370534	0.0
-0.000220690067905	0.0
-0.000177528323433	0.0
-0.000119789120717	0.0
-0.000050862602926	0.0
0.000024900518386	0.0
0.000102451605361	0.0
0.000176369932353	0.0
0.000241231531302	0.0
0.000291996706734	0.0
0.000324389275834	0.0
0.000335239806504	0.0
0.000322766310077	0.0
0.000286769020307	0.0
0.000228720926573	0.0
0.000151742354148	0.0
0.000060455699484	0.0
-0.000039275076579	0.0
-0.000140707008045	0.0
-0.000236661485297	0.0
-0.000320020256469	0.0
-0.000384240700100	0.0
-0.000423853969670	0.0
-0.000434909087572	0.0
-0.000415328206836	0.0
-0.000365143048152	0.0
-0.000286589726860	0.0
-0.000184048409241	0.0
-0.000063824892108	0.0
0.000066217416325	0.0
0.000197155334862	0.0
0.000319603390774	0.0
0.000424372089687	0.0
0.000503141874596	0.0
0.000549104438090	0.0
0.000557523203825	0.0
0.000526168480816	0.0
0.000455589911225	0.0
0.000349199018413	0.0
0.000213147305620	0.0
0.000055999646015	0.0
-0.000111782336138	0.0
-0.000278517636225	0.0
-0.000432101664383	0.0
-0.000560867588052	0.0
-0.000654453201111	0.0
-0.000704610245300	0.0
-0.000705894546941	0.0
-0.000656181363423	0.0
-0.000556960709845	0.0
-0.000413381593509	0.0
-0.000234031139190	0.0
-0.000030453417436	0.0
0.000183567920510	0.0
0.000392920745197	0.0
0.000582210811109	0.0
0.000736872490842	0.0
0.000844265267700	0.0
0.000894675096592	0.0
0.000882143320731	0.0
0.000805055245907	0.0
0.000666435278360	0.0
0.000473914864084	0.0
0.000239362089305	0.0
-0.000021813812636	0.0
-0.000291645382660	0.0
-0.000550816958796	0.0
-0.000780022321294	0.0
-0.000961376387091	0.0
-0.001079779601051	0.0
-0.001124133030350	0.0
-0.001088309011275	0.0
-0.000971796321125	0.0
-0.000779959506702	0.0
-0.000523877936509	0.0
-0.000219759656934	0.0
0.000112043810900	0.0
0.000448365222426	0.0
0.000764807975060	0.0
0.001037484819805	0.0
0.001244787256056	0.0
0.001369056900058	0.0
0.001398032267172	0.0
0.001325955960346	0.0
0.001154247726116	0.0
0.000891677069519	0.0
0.000554003328363	0.0
0.000163089013448	0.0
-0.000254468832488	0.0
-0.000669107339449	0.0
-0.001050352090319	0.0
-0.001369017084686	0.0
-0.001599394406344	0.0
-0.001721272383123	0.0
-0.001721627455163	0.0
-0.001595853025056	0.0
-0.001348417366652	0.0
-0.000992880505515	0.0
-0.000551244414621	0.0
-0.000052658873033	0.0
0.000468446482155	0.0
0.000974688555251	0.0
0.001428362243887	0.0
0.001794195332759	0.0
0.002042029283462	0.0
0.002149226344781	0.0
0.002102615958268	0.0
0.001899820182589	0.0
0.001549837380174	0.0
0.001072813271847	0.0
0.000498985400649	0.0
-0.000133152860999	0.0
-0.000779363663275	0.0
-0.001392692824297	0.0
-0.001926812351011	0.0
-0.002339444253011	0.0
-0.002595617821109	0.0
-0.002670515388505	0.0
-0.002551682471824	0.0
-0.002240416243750	0.0
-0.001752199372975	0.0
-0.001116111058028	0.0
-0.000373219281371	0.0
0.000425967078232	0.0
0.001224835965293	0.0
0.001964585996039	0.0
0.002588452539409	0.0
0.003045949290839	0.0
0.003296816133297	0.0
0.003314373658842	0.0
0.003088016464613	0.0
0.002624629758421	0.0
0.001948783872141	0.0
0.001101644560809	0.0
0.000138627914866	0.0
-0.000874078965735	0.0
-0.001863923325347	0.0
-0.002757034610706	0.0
-0.003483573623090	0.0
-0.003983006515284	0.0
-0.004208917772517	0.0
-0.004132994377775	0.0
-0.003747858626172	0.0
-0.003068497291430	0.0
-0.002132125956313	0.0
-0.000996433557562	0.0
0.000263733473955	0.0
0.001561073536655	0.0
0.002801638086411	0.0
0.003891374431137	0.0
0.004742963874077	0.0
0.005282476697523	0.0
0.005455358650549	0.0
0.005231290952708	0.0
0.004607526719288	0.0
0.003610398131736	0.0
0.002294805347866	0.0
0.000741632835519	0.0
-0.000946817231894	0.0
-0.002653141371345	0.0
-0.004252534795351	0.0
-0.005621395931795	0.0
-0.006646272170385	0.0
-0.007232534979990	0.0
-0.007312164290456	0.0
-0.006850056170454	0.0
-0.005848343599302	0.0
-0.004348333879965	0.0
-0.002429811617421	0.0
-0.000207624463273	0.0
0.002174350562561	0.0
0.004551581171687	0.0
0.006749145722891	0.0
0.008593296109805	0.0
0.009923610482488	0.0
0.010604958953482	0.0
0.010538484368198	0.0
0.009670830796862	0.0
0.008000934301633	0.0
0.005583820017936	0.0
0.002531019693385	0.0
-0.000992575278538	0.0
-0.004775390717831	0.0
-0.008569117188109	0.0
-0.012101453645464	0.0
-0.015090980675764	0.0
-0.017263341052014	0.0
-0.018367796699577	0.0
-0.018193177665600	0.0
-0.016582245047966	0.0
-0.013443557008329	0.0
-0.008760052076573	0.0
-0.002593740309703	0.0
0.004913889509864	0.0
0.013545892355339	0.0
0.023018205049915	0.0
0.032991928303201	0.0
0.043088941537887	0.0
0.052910033007184	0.0
0.062054567593248	0.0
0.070140611153502	0.0
0.076824390259474	0.0
0.081817992662589	0.0
0.084904305718304	0.0
0.085948342122295	0.0
0.084904305718304	0.0
0.081817992662589	0.0
0.076824390259474	0.0
0.070140611153502	0.0
0.062054567593248	0.0
0.052910033007184	0.0
0.043088941537887	0.0
0.032991928303201	0.0
0.023018205049915	0.0
0.013545892355339	0.0
0.004913889509864	0.0
-0.002593740309703	0.0
-0.008760052076573	0.0
-0.013443557008329	0.0
-0.016582245047966	0.0
-0.018193177665600	0.0
-0.018367796699577	0.0
-0.017263341052014	0.0
-0.015090980675764	0.0
-0.012101453645464	0.0
-0.008569117188109	0.0
-0.004775390717831	0.0
-0.000992575278538	0.0
0.002531019693385	0.0
0.005583820017936	0.0
0.008000934301633	0.0
0.009670830796862	0.0
0.010538484368198	0.0
0.010604958953482	0.0
0.009923610482488	0.0
0.008593296109805	0.0
0.006749145722891	0.0
0.004551581171687	0.0
0.002174350562561	0.0
-0.000207624463273	0.0
-0.002429811617421	0.0
-0.004348333879965	0.0
-0.005848343599302	0.0
-0.006850056170454	0.0
-0.007312164290456	0.0
-0.007232534979990	0.0
-0.006646272170385	0.0
-0.005621395931795	0.0
-0.004252534795351	0.0
-0.002653141371345	0.0
-0.000946817231894	0.0
0.000741632835519	0.0
0.002294805347866	0.0
0.003610398131736	0.0
0.004607526719288	0.0
0.005231290952708	0.0
0.005455358650549	0.0
0.005282476697523	0.0
0.004742963874077	0.0
0.003891374431137	0.0
0.002801638086411	0.0
0.001561073536655	0.0
0.000263733473955	0.0
-0.000996433557562	0.0
-0.002132125956313	0.0
-0.003068497291430	0.0
-0.003747858626172	0.0
-0.004132994377775	0.0
-0.004208917772517	0.0
-0.003983006515284	0.0
-0.003483573623090	0.0
-0.002757034610706	0.0
-0.001863923325347	0.0
-0.000874078965735	0.0
0.000138627914866	0.0
0.001101644560809	0.0
0.001948783872141	0.0
0.002624629758421	0.0
0.003088016464613	0.0
0.003314373658842	0.0
0.003296816133297	0.0
0.003045949290839	0.0
0.002588452539409	0.0
0.001964585996039	0.0
0.001224835965293	0.0
0.000425967078232	0.0
-0.000373219281371	0.0
-0.001116111058028	0.0
-0.001752199372975	0.0
-0.002240416243750	0.0
-0.002551682471824	0.0
-0.002670515388505	0.0
-0.002595617821109	0.0
-0.002339444253011	0.0
-0.001926812351011	0.0
-0.001392692824297	0.0
-0.000779363663275	0.0
-0.000133152860999	0.0
0.000498985400649	0.0
0.001072813271847	0.0
0.001549837380174	0.0
0.001899820182589	0.0
0.002102615958268	0.0
0.002149226344781	0.0
0.002042029283462	0.0
0.001794195332759	0.0
0.001428362243887	0.0
0.000974688555251	0.0
0.000468446482155	0.0
-0.000052658873033	0.0
-0.000551244414621	0.0
-0.000992880505515	0.0
-0.001348417366652	0.0
-0.001595853025056	0.0
-0.001721627455163	0.0
-0.001721272383123	0.0
-0.001599394406344	0.0
-0.001369017084686	0.0
-0.001050352090319	0.0
-0.000669107339449	0.0
-0.000254468832488	0.0
0.000163089013448	0.0
0.000554003328363	0.0
0.000891677069519	0.0
0.001154247726116	0.0
0.001325955960346	0.0
0.001398032267172	0.0
0.001369056900058	0.0
0.001244787256056	0.0
0.001037484819805	0.0
0.000764807975060	0.0
0.000448365222426	0.0
0.000112043810900	0.0
-0.000219759656934	0.0
-0.000523877936509	0.0
-0.000779959506702	0.0
-0.000971796321125	0.0
-0.001088309011275	0.0
-0.001124133030350	0.0
-0.001079779601051	0.0
-0.000961376387091	0.0
-0.000780022321294	0.0
-0.000550816958796	0.0
-0.000291645382660	0.0
-0.000021813812636	0.0
0.000239362089305	0.0
0.000473914864084	0.0
0.000666435278360	0.0
0.000805055245907	0.0
0.000882143320731	0.0
0.000894675096592	0.0
0.000844265267700	0.0
0.000736872490842	0.0
0.000582210811109	0.0
0.000392920745197	0.0
0.000183567920510	0.0
-0.000030453417436	0.0
-0.000234031139190	0.0
-0.000413381593509	0.0
-0.000556960709845	0.0
-0.000656181363423	0.0
-0.000705894546941	0.0
-0.000704610245300	0.0
-0.000654453201111	0.0
-0.000560867588052	0.0
-0.000432101664383	0.0
-0.000278517636225	0.0
-0.000111782336138	0.0
0.000055999646015	0.0
0.000213147305620	0.0
0.000349199018413	0.0
0.000455589911225	0.0
0.000526168480816	0.0
0.000557523203825	0.0
0.000549104438090	0.0
0.000503141874596	0.0
0.000424372089687	0.0
0.000319603390774	0.0
0.000197155334862	0.0
0.000066217416325	0.0
-0.000063824892108	0.0
-0.000184048409241	0.0
-0.000286589726860	0.0
-0.000365143048152	0.0
-0.000415328206836	0.0
-0.000434909087572	0.0
-0.000423853969670	0.0
-0.000384240700100	0.0
-0.000320020256469	0.0
-0.000236661485297	0.0
-0.000140707008045	0.0
-0.000039275076579	0.0
0.000060455699484	0.0
0.000151742354148	0.0
0.000228720926573	0.0
0.000286769020307	0.0
0.000322766310077	0.0
0.000335239806504	0.0
0.000324389275834	0.0
0.000291996706734	0.0
0.000241231531302	0.0
0.000176369932353	0.0
0.000102451605361	0.0
0.000024900518386	0.0
-0.000050862602926	0.0
-0.000119789120717	0.0
-0.000177528323433	0.0
-0.000220690067905	0.0
-0.000247029370534	0.0
-0.000255544174781	0.0
-0.000246483906266	0.0
-0.000221272642729	0.0
-0.000182356368644	0.0
-0.000132988483754	0.0
-0.000076971223790	0.0
-0.000018372753029	0.0
0.000038759673085	0.0
0.000090670859327	0.0
0.000134135602304	0.0
0.000166649033802	0.0
0.000186558979723	0.0
0.000193134407665	0.0
0.000186568666626	0.0
0.000167920688230	0.0
0.000139001332318	0.0
0.000102215362659	0.0
0.000060371958671	0.0
0.000016478077626	0.0
-0.000026470642480	0.0
-0.000065687392403	0.0
-0.000098767605857	0.0
-0.000123828072323	0.0
-0.000139604386556	0.0
-0.000145502552664	0.0
-0.000141603835725	0.0
-0.000128625095164	0.0
-0.000107839651021	0.0
-0.000080966045582	0.0
-0.000050033751353	0.0
-0.000017235868761	0.0
0.000015220875382	0.0
0.000045258943195	0.0
0.000071056777543	0.0
0.000091152299422	0.0
0.000104517779341	0.0
0.000110602926137	0.0
0.000109345270711	0.0
0.000101149086331	0.0
0.000086836020071	0.0
0.000067572229905	0.0
0.000044778008587	0.0
0.000020026619486	0.0
-0.000005060679653	0.0
-0.000028916656570	0.0
-0.000050121019468	0.0
-0.000067479054922	0.0
-0.000080082046005	0.0
-0.000087346923919	0.0
-0.000089034064286	0.0
-0.000085243558356	0.0
-0.000076391589338	0.0
-0.000063169645068	0.0
-0.000046490145803	0.0
-0.000027422636017	0.0
-0.000007124949065	0.0
0.000013226266523	0.0
0.000032501570257	0.0
0.000049677720717	0.0
0.000063886765432	0.0
0.000074453152570	0.0
0.000080917675277	0.0
0.000083047916730	0.0
0.000080835681227	0.0
0.000074482612295	0.0
0.000064375771233	0.0
0.000051055377024	0.0
0.000035177155440	0.0
0.000017471827493	0.0
-0.000001295801703	0.0
-0.000020365909375	0.0
-0.000039018954598	0.0
-0.000056605686028	0.0
-0.000072570789548	0.0
-0.000086469568485	0.0
-0.000097977505252	0.0
-0.000106892952990	0.0
-0.000113133580338	0.0
-0.000116727433206	0.0
-0.000117799712535	0.0
-0.000116556434803	0.0
-0.000113266204317	0.0
-0.000108241259347	0.0
-0.000101818850575	0.0
-0.000094343867954	0.0
-0.000086153427525	0.0
-0.000077563936127	0.0
-0.000068860951049	0.0
-0.000060291944666	0.0
-0.000052061915366	0.0
-0.000044331643580	0.0
-0.000037218270252	0.0
-0.000030797801152	0.0
-0.000025109097803	0.0
-0.000020158911658	0.0
-0.000015927507352	0.0
-0.000012374517978	0.0
-0.000009444635907	0.0
-0.000007072948209	0.0
-0.000005189625546	0.0
-0.000003723912581	0.0
-0.000002607318578	0.0
-0.000001775992969	0.0
-0.000001172356397	0.0
-0.000000746046536	0.0
-0.000000454272287	0.0
-0.000000261704790	0.0
-0.000000140017767	0.0
-0.000000067179583	0.0
-0.000000026603995	0.0
-0.000000006250639	0.0
0.000000002261888	0.0
0.000000004483640	0.0
0.000000003863808	0.0
0.000000003121510	0.0
0
