# Earth Data PR6-24 FIR minimum phase filter parameter file 
# version:      $Revision: 1.0 $Date: 2008/02/25 10:52:00
# input sample rate     3000  
# decimation factor     12 
theoretical  1  anti_alias   fir    coef_conv 
3000 12 359
719
 0.000000007328465
 0.000000013276383
 0.000000024580646
 0.000000041372078
 0.000000064980075
 0.000000096626945
 0.000000137211838
 0.000000187032624
 0.000000245437230
 0.000000310385138
 0.000000377932531
 0.000000441660772
 0.000000492033164
 0.000000515706395
 0.000000494861045
 0.000000406530128
 0.000000221977740
-0.000000093751914
-0.000000582208200
-0.000001291599545
-0.000002276649206
-0.000003598080395
-0.000005321742329
-0.000007517300809
-0.000010256487370
-0.000013610883163
-0.000017649246479
-0.000022434424622
-0.000028019896657
-0.000034446028675
-0.000041736167928
-0.000049892694859
-0.000058893204313
-0.000068687009941
-0.000079192137346
-0.000090293051325
-0.000101839282392
-0.000113645178722
-0.000125490932079
-0.000137125038723
-0.000148268278150
-0.000158619263740
-0.000167861548913
-0.000175672198821
-0.000181731673449
-0.000185734787972
-0.000187402432629
-0.000186493682875
-0.000182817853952
-0.000176246010297
-0.000166721420734
-0.000154268414115
-0.000138999130175
-0.000121117665422
-0.000100921203223
-0.000078797774473
-0.000055220429480
-0.000030737713426
-0.000005960492799
 0.000018454659145
 0.000041825150022
 0.000063464595702
 0.000082706894151
 0.000098931324634
 0.000111587727885
 0.000120220746025
 0.000124492060956
 0.000124199563244
 0.000119292443764
 0.000109881284238
 0.000096242386058
 0.000078815749954
 0.000058196370873
 0.000035118764303
 0.000010434936840
-0.000014913685881
-0.000039929563496
-0.000063596482629
-0.000084919783499
-0.000102967814191
-0.000116912895104
-0.000126069993333
-0.000129931295829
-0.000128194940857
-0.000120786326957
-0.000107870650970
-0.000089855652357
-0.000067383910061
-0.000041314488006
-0.000012694185698
 0.000017280855147
 0.000047311957080
 0.000076051442494
 0.000102160814120
 0.000124371167327
 0.000141543192554
 0.000152724001490
 0.000157198015207
 0.000154529282443
 0.000144592861045
 0.000127593284735
 0.000104068639134
 0.000074879377843
 0.000041181674292
 0.000004385834425
-0.000033898981887
-0.000071931767154
-0.000107915787200
-0.000140080641574
-0.000166766653324
-0.000186507691158
-0.000198108417543
-0.000200712030460
-0.000193854837864
-0.000177504461525
-0.000152079106988
-0.000118446126929
-0.000077899022203
-0.000032113030469
 0.000016919510606
 0.000066971796657
 0.000115679989291
 0.000160651381495
 0.000199578526483
 0.000230354052728
 0.000251180619944
 0.000260670458235
 0.000257929195732
 0.000242619212952
 0.000214998555743
 0.000175932460187
 0.000126875760660
 0.000069825804046
 0.000007246927878
-0.000058030993613
-0.000122936050051
-0.000184294698219
-0.000238982875117
-0.000284080830872
-0.000317024214381
-0.000335743810654
-0.000338786572383
-0.000325411203312
-0.000295652530556
-0.000250350209555
-0.000191138890416
-0.000120398766745
-0.000041167354145
 0.000042984695644
 0.000128109033848
 0.000210059848528
 0.000284690939519
 0.000348060516835
 0.000396633855113
 0.000427473643417
 0.000438408079489
 0.000428167467544
 0.000396481286392
 0.000344129348844
 0.000272942716535
 0.000185752375372
 0.000086286212182
-0.000020982560222
-0.000131029826692
-0.000238509774338
-0.000338008753522
-0.000424312044955
-0.000492670684091
-0.000539054997430
-0.000560381663988
-0.000554701939520
-0.000521340164610
-0.000460973759911
-0.000375648522500
-0.000268726054061
-0.000144763445383
-0.000009328752021
 0.000131240842448
 0.000270128141353
 0.000400359541653
 0.000515148140751
 0.000608239817331
 0.000674245006040
 0.000708938975011
 0.000709514376097
 0.000674771654518
 0.000605235513764
 0.000503188936116
 0.000372620108022
 0.000219081828229
 0.000049467374498
-0.000128288837204
-0.000305573376110
-0.000473502667534
-0.000623359650457
-0.000747037188019
-0.000837466118317
-0.000889005831945
-0.000897776383658
-0.000861913366429
-0.000781730026656
-0.000659775248570
-0.000500780904636
-0.000311497438478
-0.000100422155915
 0.000122569719676
 0.000346675911958
 0.000560679893256
 0.000753501827456
 0.000914761119147
 0.001035322547815
 0.001107797846470
 0.001126975889255
 0.001090157359099
 0.000997373789700
 0.000851476051199
 0.000658083456973
 0.000425391427209
 0.000163842734279
-0.000114325572336
-0.000395640771384
-0.000666033849060
-0.000911529989548
-0.001118956946217
-0.001276636062937
-0.001375020432473
-0.001407246188643
-0.001369566209124
-0.001261640452291
-0.001086663563869
-0.000851317994462
-0.000565549315505
-0.000242169313479
 0.000103698661248
 0.000455309161034
 0.000795088426226
 0.001105495726205
 0.001369910883534
 0.001573503946726
 0.001704042456152
 0.001752593466893
 0.001714081432563
 0.001587669091119
 0.001376936384902
 0.001089841856236
 0.000738461455716
 0.000338510790435
-0.000091332022827
-0.000530275104979
-0.000956395806002
-0.001347712601733
-0.001683294611014
-0.001944353902283
-0.002115264866344
-0.002184456825306
-0.002145130715476
-0.001995757980375
-0.001740329450086
-0.001388333556803
-0.000954456217971
-0.000458008501484
 0.000077897899501
 0.000627394004157
 0.001163070221788
 0.001657310702061
 0.002083681970544
 0.002418307680288
 0.002641159801067
 0.002737198508987
 0.002697298441890
 0.002518907689521
 0.002206397557873
 0.001771075296467
 0.001230847972291
 0.000609542776868
-0.000064093559629
-0.000757676757313
-0.001436693504134
-0.002066168483402
-0.002612411718687
-0.003044761435130
-0.003337235040180
-0.003470002494438
-0.003430602330622
-0.003214830723214
-0.002827247943530
-0.002281263685287
-0.001598782367119
-0.000809410722456
 0.000050748225290
 0.000940669385323
 0.001816282819923
 0.002632571534972
 0.003345793670104
 0.003915723442842
 0.004307800597526
 0.004495078754187
 0.004459869085988
 0.004194987049903
 0.003704526076689
 0.003004102559346
 0.002120540311623
 0.001090988852792
-0.000038502778130
-0.001214907747335
-0.002380563965888
-0.003475839643999
-0.004442004896402
-0.005224178222297
-0.005774208257642
-0.006053349139719
-0.006034592434669
-0.005704529843883
-0.005064638503479
-0.004131903984228
-0.002938724171508
-0.001532068881485
 0.000028096017829
 0.001671076580611
 0.003318333689909
 0.004886872432676
 0.006293002157961
 0.007456309467003
 0.008303670937469
 0.008773124348133
 0.008817417121096
 0.008407058856050
 0.007532721050225
 0.006206850855909
 0.004464396153796
 0.002362575113227
-0.000020336698587
-0.002587186396880
-0.005225033102340
-0.007809047278269
-0.010207082835922
-0.012284751763619
-0.013910804619628
-0.014962601696010
-0.015331449985195
-0.014927580860448
-0.013684552807509
-0.011562882383251
-0.008552734180343
-0.004675535895689
 0.000015573760658
 0.005436510320007
 0.011474219011875
 0.017989807857588
 0.024822737700199
 0.031795923881224
 0.038721565168977
 0.045407483643416
 0.051663735971418
 0.057309242927300
 0.062178180778000
 0.066125885470165
 0.069034038185123
 0.070814928077529
 0.071414623781533
 0.070814928077529
 0.069034038185123
 0.066125885470165
 0.062178180778000
 0.057309242927300
 0.051663735971418
 0.045407483643416
 0.038721565168977
 0.031795923881224
 0.024822737700199
 0.017989807857588
 0.011474219011875
 0.005436510320007
 0.000015573760658
-0.004675535895689
-0.008552734180343
-0.011562882383251
-0.013684552807509
-0.014927580860448
-0.015331449985195
-0.014962601696010
-0.013910804619628
-0.012284751763619
-0.010207082835922
-0.007809047278269
-0.005225033102340
-0.002587186396880
-0.000020336698587
 0.002362575113227
 0.004464396153796
 0.006206850855909
 0.007532721050225
 0.008407058856050
 0.008817417121096
 0.008773124348133
 0.008303670937469
 0.007456309467003
 0.006293002157961
 0.004886872432676
 0.003318333689909
 0.001671076580611
 0.000028096017829
-0.001532068881485
-0.002938724171508
-0.004131903984228
-0.005064638503479
-0.005704529843883
-0.006034592434669
-0.006053349139719
-0.005774208257642
-0.005224178222297
-0.004442004896402
-0.003475839643999
-0.002380563965888
-0.001214907747335
-0.000038502778130
 0.001090988852792
 0.002120540311623
 0.003004102559346
 0.003704526076689
 0.004194987049903
 0.004459869085988
 0.004495078754187
 0.004307800597526
 0.003915723442842
 0.003345793670104
 0.002632571534972
 0.001816282819923
 0.000940669385323
 0.000050748225290
-0.000809410722456
-0.001598782367119
-0.002281263685287
-0.002827247943530
-0.003214830723214
-0.003430602330622
-0.003470002494438
-0.003337235040180
-0.003044761435130
-0.002612411718687
-0.002066168483402
-0.001436693504134
-0.000757676757313
-0.000064093559629
 0.000609542776868
 0.001230847972291
 0.001771075296467
 0.002206397557873
 0.002518907689521
 0.002697298441890
 0.002737198508987
 0.002641159801067
 0.002418307680288
 0.002083681970544
 0.001657310702061
 0.001163070221788
 0.000627394004157
 0.000077897899501
-0.000458008501484
-0.000954456217971
-0.001388333556803
-0.001740329450086
-0.001995757980375
-0.002145130715476
-0.002184456825306
-0.002115264866344
-0.001944353902283
-0.001683294611014
-0.001347712601733
-0.000956395806002
-0.000530275104979
-0.000091332022827
 0.000338510790435
 0.000738461455716
 0.001089841856236
 0.001376936384902
 0.001587669091119
 0.001714081432563
 0.001752593466893
 0.001704042456152
 0.001573503946726
 0.001369910883534
 0.001105495726205
 0.000795088426226
 0.000455309161034
 0.000103698661248
-0.000242169313479
-0.000565549315505
-0.000851317994462
-0.001086663563869
-0.001261640452291
-0.001369566209124
-0.001407246188643
-0.001375020432473
-0.001276636062937
-0.001118956946217
-0.000911529989548
-0.000666033849060
-0.000395640771384
-0.000114325572336
 0.000163842734279
 0.000425391427209
 0.000658083456973
 0.000851476051199
 0.000997373789700
 0.001090157359099
 0.001126975889255
 0.001107797846470
 0.001035322547815
 0.000914761119147
 0.000753501827456
 0.000560679893256
 0.000346675911958
 0.000122569719676
-0.000100422155915
-0.000311497438478
-0.000500780904636
-0.000659775248570
-0.000781730026656
-0.000861913366429
-0.000897776383658
-0.000889005831945
-0.000837466118317
-0.000747037188019
-0.000623359650457
-0.000473502667534
-0.000305573376110
-0.000128288837204
 0.000049467374498
 0.000219081828229
 0.000372620108022
 0.000503188936116
 0.000605235513764
 0.000674771654518
 0.000709514376097
 0.000708938975011
 0.000674245006040
 0.000608239817331
 0.000515148140751
 0.000400359541653
 0.000270128141353
 0.000131240842448
-0.000009328752021
-0.000144763445383
-0.000268726054061
-0.000375648522500
-0.000460973759911
-0.000521340164610
-0.000554701939520
-0.000560381663988
-0.000539054997430
-0.000492670684091
-0.000424312044955
-0.000338008753522
-0.000238509774338
-0.000131029826692
-0.000020982560222
 0.000086286212182
 0.000185752375372
 0.000272942716535
 0.000344129348844
 0.000396481286392
 0.000428167467544
 0.000438408079489
 0.000427473643417
 0.000396633855113
 0.000348060516835
 0.000284690939519
 0.000210059848528
 0.000128109033848
 0.000042984695644
-0.000041167354145
-0.000120398766745
-0.000191138890416
-0.000250350209555
-0.000295652530556
-0.000325411203312
-0.000338786572383
-0.000335743810654
-0.000317024214381
-0.000284080830872
-0.000238982875117
-0.000184294698219
-0.000122936050051
-0.000058030993613
 0.000007246927878
 0.000069825804046
 0.000126875760660
 0.000175932460187
 0.000214998555743
 0.000242619212952
 0.000257929195732
 0.000260670458235
 0.000251180619944
 0.000230354052728
 0.000199578526483
 0.000160651381495
 0.000115679989291
 0.000066971796657
 0.000016919510606
-0.000032113030469
-0.000077899022203
-0.000118446126929
-0.000152079106988
-0.000177504461525
-0.000193854837864
-0.000200712030460
-0.000198108417543
-0.000186507691158
-0.000166766653324
-0.000140080641574
-0.000107915787200
-0.000071931767154
-0.000033898981887
 0.000004385834425
 0.000041181674292
 0.000074879377843
 0.000104068639134
 0.000127593284735
 0.000144592861045
 0.000154529282443
 0.000157198015207
 0.000152724001490
 0.000141543192554
 0.000124371167327
 0.000102160814120
 0.000076051442494
 0.000047311957080
 0.000017280855147
-0.000012694185698
-0.000041314488006
-0.000067383910061
-0.000089855652357
-0.000107870650970
-0.000120786326957
-0.000128194940857
-0.000129931295829
-0.000126069993333
-0.000116912895104
-0.000102967814191
-0.000084919783499
-0.000063596482629
-0.000039929563496
-0.000014913685881
 0.000010434936840
 0.000035118764303
 0.000058196370873
 0.000078815749954
 0.000096242386058
 0.000109881284238
 0.000119292443764
 0.000124199563244
 0.000124492060956
 0.000120220746025
 0.000111587727885
 0.000098931324634
 0.000082706894151
 0.000063464595702
 0.000041825150022
 0.000018454659145
-0.000005960492799
-0.000030737713426
-0.000055220429480
-0.000078797774473
-0.000100921203223
-0.000121117665422
-0.000138999130175
-0.000154268414115
-0.000166721420734
-0.000176246010297
-0.000182817853952
-0.000186493682875
-0.000187402432629
-0.000185734787972
-0.000181731673449
-0.000175672198821
-0.000167861548913
-0.000158619263740
-0.000148268278150
-0.000137125038723
-0.000125490932079
-0.000113645178722
-0.000101839282392
-0.000090293051325
-0.000079192137346
-0.000068687009941
-0.000058893204313
-0.000049892694859
-0.000041736167928
-0.000034446028675
-0.000028019896657
-0.000022434424622
-0.000017649246479
-0.000013610883163
-0.000010256487370
-0.000007517300809
-0.000005321742329
-0.000003598080395
-0.000002276649206
-0.000001291599545
-0.000000582208200
-0.000000093751914
 0.000000221977740
 0.000000406530128
 0.000000494861045
 0.000000515706395
 0.000000492033164
 0.000000441660772
 0.000000377932531
 0.000000310385138
 0.000000245437230
 0.000000187032624
 0.000000137211838
 0.000000096626945
 0.000000064980075
 0.000000041372078
 0.000000024580646
 0.000000013276383
 0.000000007328465
0
