# Earth Data PR6-24 FIR minimum phase filter parameter file 
# version:      $Revision: 1.0 $Date: 2008/02/25 10:52:00
# input sample rate     3000  
# decimation factor     5 
theoretical  1  anti_alias   fir    coef_conv 
3000 5 159
319
0.000000007751441   0.0
0.000000004537724   0.0
-0.000000053372039  0.0
-0.000000280898928  0.0
-0.000000911345761  0.0
-0.000002351941916  0.0
-0.000005230714710  0.0
-0.000010411251971  0.0
-0.000018947510438  0.0
-0.000031953228772  0.0
-0.000050373026276  0.0
-0.000074666040177  0.0
-0.000104444861034  0.0
-0.000138146520588  0.0
-0.000172838104441  0.0
-0.000204265548514  0.0
-0.000227230844016  0.0
-0.000236325815503  0.0
-0.000226964778256  0.0
-0.000196559170913  0.0
-0.000145589073628  0.0
-0.000078278512460  0.0
-0.000002599593731  0.0
0.000070571224390   0.0
0.000129148503913   0.0
0.000162169820933   0.0
0.000162334314634   0.0
0.000128167476946   0.0
0.000065203555517   0.0
-0.000014293832828  0.0
-0.000093266964607  0.0
-0.000153254233473  0.0
-0.000178617140884  0.0
-0.000160657903335  0.0
-0.000100551101057  0.0
-0.000010152565064  0.0
0.000089832132594   0.0
0.000174207498615   0.0
0.000219364799082   0.0
0.000209680048498   0.0
0.000142551713739   0.0
0.000030535607515   0.0
-0.000100376026704  0.0
-0.000216344275573  0.0
-0.000284080845665  0.0
-0.000280069618089  0.0
-0.000198144244134  0.0
-0.000053104511347  0.0
0.000121116190009   0.0
0.000278859790989   0.0
0.000374287774893   0.0
0.000374268341354   0.0
0.000269098327325   0.0
0.000077758350622   0.0
-0.000154417076587  0.0
-0.000365837204562  0.0
-0.000494487710565  0.0
-0.000495582002607  0.0
-0.000356151342880  0.0
-0.000102038840812  0.0
0.000205534959853   0.0
0.000483950572826   0.0
0.000650778838948   0.0
0.000647522899712   0.0
0.000458852219006   0.0
0.000121284188008   0.0
-0.000282281660181  0.0
-0.000642013859457  0.0
-0.000850321557506  0.0
-0.000833217459277  0.0
-0.000574946656978  0.0
-0.000128043348767  0.0
0.000395526392123   0.0
0.000851360992432   0.0
0.001101594828506   0.0
0.001055581483562   0.0
0.000700551308857   0.0
0.000112344603629   0.0
-0.000558752700634  0.0
-0.001125193663747  0.0
-0.001413565341111  0.0
-0.001316408949494  0.0
-0.000829312229187  0.0
-0.000061094620314  0.0
0.000788264364475   0.0
0.001478288771446   0.0
0.001794867043921   0.0
0.001615074718094   0.0
0.000950752037705   0.0
-0.000043762136167  0.0
-0.001105030429864  0.0
-0.001928680926256  0.0
-0.002255197821918  0.0
-0.001949585046946  0.0
-0.001050986270724  0.0
0.000224778519516   0.0
0.001534331998948   0.0
0.002497250265597   0.0
0.002804685245229   0.0
0.002315612910226   0.0
0.001111422817165   0.0
-0.000510506800600  0.0
-0.002107180985151  0.0
-0.003208651186462  0.0
-0.003453871011893  0.0
-0.002705149502957  0.0
-0.001105887977342  0.0
0.000939781554067   0.0
0.002865532222926   0.0
0.004096650367903   0.0
0.004218197314190   0.0
0.003109231549763   0.0
0.001001047703724   0.0
-0.001563533130374  0.0
-0.003865506038810  0.0
-0.005207241045904  0.0
-0.005119099428020  0.0
-0.003515203363670  0.0
-0.000748739951341  0.0
0.002457224658077   0.0
0.005192866299102   0.0
0.006613961481729   0.0
0.006195074619302   0.0
0.003909584564446   0.0
0.000278110653474   0.0
-0.003739340193780  0.0
-0.006988628067299  0.0
-0.008443789068501  0.0
-0.007518827738712  0.0
-0.004277399278299  0.0
0.000529093212255   0.0
0.005620551962883   0.0
0.009515174369462   0.0
0.010944356774808   0.0
0.009243464911381   0.0
0.004603761194190   0.0
-0.001899472839488  0.0
-0.008531292070582  0.0
-0.013333527365401  0.0
-0.014669417707800  0.0
-0.011732749942295  0.0
-0.004874606224827  0.0
0.004362108861125   0.0
0.013539908821404   0.0
0.019908413098312   0.0
0.021141952377355   0.0
0.016051204904752   0.0
0.005077646457889   0.0
-0.009580228011185  0.0
-0.024277528696749  0.0
-0.034633133346682  0.0
-0.036498540241669  0.0
-0.026970011257981  0.0
-0.005203474445761  0.0
0.027175312984245   0.0
0.066187295312434   0.0
0.106146326078714   0.0
0.140713731587524   0.0
0.164140501048068   0.0
0.172426669013782   0.0
0.164140501048068   0.0
0.140713731587524   0.0
0.106146326078714   0.0
0.066187295312434   0.0
0.027175312984245   0.0
-0.005203474445761  0.0
-0.026970011257981  0.0
-0.036498540241669  0.0
-0.034633133346682  0.0
-0.024277528696749  0.0
-0.009580228011185  0.0
0.005077646457889   0.0
0.016051204904752   0.0
0.021141952377355   0.0
0.019908413098312   0.0
0.013539908821404   0.0
0.004362108861125   0.0
-0.004874606224827  0.0
-0.011732749942295  0.0
-0.014669417707800  0.0
-0.013333527365401  0.0
-0.008531292070582  0.0
-0.001899472839488  0.0
0.004603761194190   0.0
0.009243464911381   0.0
0.010944356774808   0.0
0.009515174369462   0.0
0.005620551962883   0.0
0.000529093212255   0.0
-0.004277399278299  0.0
-0.007518827738712  0.0
-0.008443789068501  0.0
-0.006988628067299  0.0
-0.003739340193780  0.0
0.000278110653474   0.0
0.003909584564446   0.0
0.006195074619302   0.0
0.006613961481729   0.0
0.005192866299102   0.0
0.002457224658077   0.0
-0.000748739951341  0.0
-0.003515203363670  0.0
-0.005119099428020  0.0
-0.005207241045904  0.0
-0.003865506038810  0.0
-0.001563533130374  0.0
0.001001047703724   0.0
0.003109231549763   0.0
0.004218197314190   0.0
0.004096650367903   0.0
0.002865532222926   0.0
0.000939781554067   0.0
-0.001105887977342  0.0
-0.002705149502957  0.0
-0.003453871011893  0.0
-0.003208651186462  0.0
-0.002107180985151  0.0
-0.000510506800600  0.0
0.001111422817165   0.0
0.002315612910226   0.0
0.002804685245229   0.0
0.002497250265597   0.0
0.001534331998948   0.0
0.000224778519516   0.0
-0.001050986270724  0.0
-0.001949585046946  0.0
-0.002255197821918  0.0
-0.001928680926256  0.0
-0.001105030429864  0.0
-0.000043762136167  0.0
0.000950752037705   0.0
0.001615074718094   0.0
0.001794867043921   0.0
0.001478288771446   0.0
0.000788264364475   0.0
-0.000061094620314  0.0
-0.000829312229187  0.0
-0.001316408949494  0.0
-0.001413565341111  0.0
-0.001125193663747  0.0
-0.000558752700634  0.0
0.000112344603629   0.0
0.000700551308857   0.0
0.001055581483562   0.0
0.001101594828506   0.0
0.000851360992432   0.0
0.000395526392123   0.0
-0.000128043348767  0.0
-0.000574946656978  0.0
-0.000833217459277  0.0
-0.000850321557506  0.0
-0.000642013859457  0.0
-0.000282281660181  0.0
0.000121284188008   0.0
0.000458852219006   0.0
0.000647522899712   0.0
0.000650778838948   0.0
0.000483950572826   0.0
0.000205534959853   0.0
-0.000102038840812  0.0
-0.000356151342880  0.0
-0.000495582002607  0.0
-0.000494487710565  0.0
-0.000365837204562  0.0
-0.000154417076587  0.0
0.000077758350622   0.0
0.000269098327325   0.0
0.000374268341354   0.0
0.000374287774893   0.0
0.000278859790989   0.0
0.000121116190009   0.0
-0.000053104511347  0.0
-0.000198144244134  0.0
-0.000280069618089  0.0
-0.000284080845665  0.0
-0.000216344275573  0.0
-0.000100376026704  0.0
0.000030535607515   0.0
0.000142551713739   0.0
0.000209680048498   0.0
0.000219364799082   0.0
0.000174207498615   0.0
0.000089832132594   0.0
-0.000010152565064  0.0
-0.000100551101057  0.0
-0.000160657903335  0.0
-0.000178617140884  0.0
-0.000153254233473  0.0
-0.000093266964607  0.0
-0.000014293832828  0.0
0.000065203555517   0.0
0.000128167476946   0.0
0.000162334314634   0.0
0.000162169820933   0.0
0.000129148503913   0.0
0.000070571224390   0.0
-0.000002599593731  0.0
-0.000078278512460  0.0
-0.000145589073628  0.0
-0.000196559170913  0.0
-0.000226964778256  0.0
-0.000236325815503  0.0
-0.000227230844016  0.0
-0.000204265548514  0.0
-0.000172838104441  0.0
-0.000138146520588  0.0
-0.000104444861034  0.0
-0.000074666040177  0.0
-0.000050373026276  0.0
-0.000031953228772  0.0
-0.000018947510438  0.0
-0.000010411251971  0.0
-0.000005230714710  0.0
-0.000002351941916  0.0
-0.000000911345761  0.0
-0.000000280898928  0.0
-0.000000053372039  0.0
0.000000004537724   0.0
0.000000007751441   0.0
0
