# CNSN gd1 digitizer FIR filter file
#      designed by Ken Beverley
# version:      $Revision$Date: 2007/05/26 22:51:26
#
# coefficients are symmtric, listed in time order 
# type                  ?  
# input sample rate     600  
# decimation factor     5 
# normalization factor  1.0 
# gain factor           1.000000 
theoretical  1  anti_alias   fir    gsc-mulder 
600 5 
73
-1.0689331858e-08 0.0
3.0420430865e-07 0.0
1.4263806354e-06 0.0
3.4826557341e-06 0.0
5.0286385420e-06 0.0
1.9827008027e-06 0.0
-1.1537217593e-05 0.0
-3.8659565454e-05 0.0
-7.1754411525e-05 0.0
-8.5437663788e-05 0.0
-3.9048868129e-05 0.0
1.0335478043e-04 0.0
3.3592339232e-04 0.0
5.7294401239e-04 0.0
6.4070281886e-04 0.0
3.3107303498e-04 0.0
-4.7527293802e-04 0.0
-1.6549115206e-03 0.0
-2.7448485124e-03 0.0
-3.0074049523e-03 0.0
-1.7154709440e-03 0.0
1.3940954320e-03 0.0
5.6864330284e-03 0.0
9.4858242016e-03 0.0
1.0453870125e-02 0.0
6.5232350543e-03 0.0
-2.8714791506e-03 0.0
-1.5782246616e-02 0.0
-2.7540342603e-02 0.0
-3.1722836148e-02 0.0
-2.2200065289e-02 0.0
4.3605413226e-03 0.0
4.6508033091e-02 0.0
9.7472361829e-02 0.0
1.4653840405e-01 0.0
1.8204230541e-01 0.0
1.9500000000e-01 0.0
1.8204230541e-01 0.0
1.4653840405e-01 0.0
9.7472361829e-02 0.0
4.6508033091e-02 0.0
4.3605413226e-03 0.0
-2.2200065289e-02 0.0
-3.1722836148e-02 0.0
-2.7540342603e-02 0.0
-1.5782246616e-02 0.0
-2.8714791506e-03 0.0
6.5232350543e-03 0.0
1.0453870125e-02 0.0
9.4858242016e-03 0.0
5.6864330284e-03 0.0
1.3940954320e-03 0.0
-1.7154709440e-03 0.0
-3.0074049523e-03 0.0
-2.7448485124e-03 0.0
-1.6549115206e-03 0.0
-4.7527293802e-04 0.0
3.3107303498e-04 0.0
6.4070281886e-04 0.0
5.7294401239e-04 0.0
3.3592339232e-04 0.0
1.0335478043e-04 0.0
-3.9048868129e-05 0.0
-8.5437663788e-05 0.0
-7.1754411525e-05 0.0
-3.8659565454e-05 0.0
-1.1537217593e-05 0.0
1.9827008027e-06 0.0
5.0286385420e-06 0.0
3.4826557341e-06 0.0
1.4263806354e-06 0.0
3.0420430865e-07 0.0
-1.0689331858e-08 0.0
 0
