# CNSN GD1 digitizer FIR 3 filter file
#      designed by Ken Beverley
#
# coefficients are symmetric, listed in time order 
# normalization factor  1.0 (?)
# 
theoretical  1  anti_alias   fir    GSC_mulder 
120 3 
391
3.7569665434e-08 0.0
-1.4578597905e-08 0.0
-5.0807319733e-08 0.0
-4.9190952827e-08 0.0
1.1726426430e-08 0.0
9.3472797267e-08 0.0
1.1207286448e-07 0.0
1.4413468295e-08 0.0
-1.4518948385e-07 0.0
-2.1778033053e-07 0.0
-8.6049137756e-08 0.0
1.9189688200e-07 0.0
3.7557449668e-07 0.0
2.3297666823e-07 0.0
-2.0593096107e-07 0.0
-5.8612720902e-07 0.0
-4.9025665127e-07 0.0
1.4239201139e-07 0.0
8.3405144842e-07 0.0
8.9283711825e-07 0.0
6.2725600366e-08 0.0
-1.0791493719e-06 0.0
-1.4664790116e-06 0.0
-4.9114032883e-07 0.0
1.2475644108e-06 0.0
2.2147843410e-06 0.0
1.2360152170e-06 0.0
-1.2246670500e-06 0.0
-3.1028219789e-06 0.0
-2.3893608626e-06 0.0
8.5208662130e-07 0.0
4.0387642812e-06 0.0
4.0221648777e-06 0.0
6.8310914401e-08 0.0
-4.8560103718e-06 0.0
-6.1572120956e-06 0.0
-1.7606560847e-06 0.0
5.2993447605e-06 0.0
8.7358645282e-06 0.0
4.4491210555e-06 0.0
-5.0195784953e-06 0.0
-1.1581696042e-05 0.0
-8.3184189997e-06 0.0
3.5816247722e-06 0.0
1.4365668803e-05 0.0
1.3461084482e-05 0.0
-4.9084296184e-07 0.0
-1.6579261448e-05 0.0
-1.9814146461e-05 0.0
-4.7584592675e-06 0.0
1.7523310827e-05 0.0
2.7090536421e-05 0.0
1.2610384554e-05 0.0
-1.6320969640e-05 0.0
-3.4713477849e-05 0.0
-2.3351587763e-05 0.0
1.1962774755e-05 0.0
4.1764794847e-05 0.0
3.6996911413e-05 0.0
-3.3900848210e-06 0.0
-4.6960087913e-05 0.0
-5.3165619065e-05 0.0
-1.0380085174e-05 0.0
4.8664547120e-05 0.0
7.0961885360e-05 0.0
3.0090527076e-05 0.0
-4.4962327255e-05 0.0
-8.8877318894e-05 0.0
-5.6047291399e-05 0.0
3.3789519482e-05 0.0
1.0473627577e-04 0.0
8.7905633397e-05 0.0
-1.3135626141e-05 0.0
-1.1570583783e-04 0.0
-1.2445990323e-04 0.0
-1.8688859071e-05 0.0
1.1839091453e-04 0.0
1.6346501983e-04 0.0
6.2730274444e-05 0.0
-1.0903048525e-04 0.0
-2.0152159849e-04 0.0
-1.1903674424e-04 0.0
8.3803308909e-05 0.0
2.3405845324e-04 0.0
1.8630230421e-04 0.0
-3.9240636219e-05 0.0
-2.5544416429e-04 0.0
-2.6155138912e-04 0.0
-2.7269859385e-05 0.0
2.5925304291e-04 0.0
3.3991146046e-04 0.0
1.1691954596e-04 0.0
-2.3869989302e-04 0.0
-4.1452419079e-04 0.0
-2.2889922279e-04 0.0
1.8724271642e-04 0.0
4.7664311123e-04 0.0
3.5986323725e-04 0.0
-9.9333770552e-05 0.0
-5.1595714198e-04 0.0
-5.0350587025e-04 0.0
-2.8721425313e-05 0.0
5.2116468029e-04 0.0
6.5032290137e-04 0.0
1.9785849683e-04 0.0
-4.8080230917e-04 0.0
-7.8762870317e-04 0.0
-4.0538219218e-04 0.0
3.8430685655e-04 0.0
8.9988867246e-04 0.0
6.4422224966e-04 0.0
-2.2326136587e-04 0.0
-9.6940795892e-04 0.0
-9.0241862123e-04 0.0
-7.2529351932e-06 0.0
9.7739085142e-04 0.0
1.1629356579e-03 0.0
3.0730237335e-04 0.0
-9.0535234037e-04 0.0
-1.4038926804e-03 0.0
-6.7086792021e-04 0.0
7.3682673314e-04 0.0
1.5992754697e-03 0.0
1.0848683400e-03 0.0
-4.5928099993e-04 0.0
-1.7201603484e-03 0.0
-1.5285737606e-03 0.0
6.6106568191e-05 0.0
1.7364416051e-03 0.0
1.9735306273e-03 0.0
4.4146341025e-04 0.0
-1.6190071308e-03 0.0
-2.3840919979e-03 0.0
-1.0526798660e-03 0.0
1.3422603519e-03 0.0
2.7186073733e-03 0.0
1.7460163990e-03 0.0
-8.8684364734e-04 0.0
-2.9312759645e-03 0.0
-2.4884747527e-03 0.0
2.4238454963e-04 0.0
2.9746100665e-03 0.0
3.2355777825e-03 0.0
5.8993377855e-04 0.0
-2.8023957363e-03 0.0
-3.9321192853e-03 0.0
-1.5951773664e-03 0.0
2.3729816861e-03 0.0
4.5136723651e-03 0.0
2.7430193767e-03 0.0
-1.6526798712e-03 0.0
-4.9087757639e-03 0.0
-3.9867807735e-03 0.0
6.1902802915e-04 0.0
5.0416221201e-03 0.0
5.2632045820e-03 0.0
7.3635015427e-04 0.0
-4.8349620694e-03 0.0
-6.4928987399e-03 0.0
-2.4055444794e-03 0.0
4.2128051559e-03 0.0
7.5812154931e-03 0.0
4.3630445705e-03 0.0
-3.1023186890e-03 0.0
-8.4190845733e-03 0.0
-6.5654885843e-03 0.0
1.4340396433e-03 0.0
8.8829059303e-03 0.0
8.9525791057e-03 0.0
8.6102030400e-04 0.0
-8.8318477775e-03 0.0
-1.1449186649e-02 0.0
-3.8599351497e-03 0.0
8.0993061964e-03 0.0
1.3968569718e-02 0.0
7.6673359331e-03 0.0
-6.4715341220e-03 0.0
-1.6416549546e-02 0.0
-1.2458053406e-02 0.0
3.6364550993e-03 0.0
1.8696395479e-02 0.0
1.8575860027e-02 0.0
9.4502670745e-04 0.0
-2.0714111112e-02 0.0
-2.6792846762e-02 0.0
-8.4065428434e-03 0.0
2.2383768074e-02 0.0
3.9147583885e-02 0.0
2.1796024947e-02 0.0
-2.3632518446e-02 0.0
-6.2787886616e-02 0.0
-5.3340376607e-02 0.0
2.4404930292e-02 0.0
1.4835649825e-01 0.0
2.6246880969e-01 0.0
3.0866700000e-01 0.0
2.6246880969e-01 0.0
1.4835649825e-01 0.0
2.4404930292e-02 0.0
-5.3340376607e-02 0.0
-6.2787886616e-02 0.0
-2.3632518446e-02 0.0
2.1796024947e-02 0.0
3.9147583885e-02 0.0
2.2383768074e-02 0.0
-8.4065428434e-03 0.0
-2.6792846762e-02 0.0
-2.0714111112e-02 0.0
9.4502670745e-04 0.0
1.8575860027e-02 0.0
1.8696395479e-02 0.0
3.6364550993e-03 0.0
-1.2458053406e-02 0.0
-1.6416549546e-02 0.0
-6.4715341220e-03 0.0
7.6673359331e-03 0.0
1.3968569718e-02 0.0
8.0993061964e-03 0.0
-3.8599351497e-03 0.0
-1.1449186649e-02 0.0
-8.8318477775e-03 0.0
8.6102030400e-04 0.0
8.9525791057e-03 0.0
8.8829059303e-03 0.0
1.4340396433e-03 0.0
-6.5654885843e-03 0.0
-8.4190845733e-03 0.0
-3.1023186890e-03 0.0
4.3630445705e-03 0.0
7.5812154931e-03 0.0
4.2128051559e-03 0.0
-2.4055444794e-03 0.0
-6.4928987399e-03 0.0
-4.8349620694e-03 0.0
7.3635015427e-04 0.0
5.2632045820e-03 0.0
5.0416221201e-03 0.0
6.1902802915e-04 0.0
-3.9867807735e-03 0.0
-4.9087757639e-03 0.0
-1.6526798712e-03 0.0
2.7430193767e-03 0.0
4.5136723651e-03 0.0
2.3729816861e-03 0.0
-1.5951773664e-03 0.0
-3.9321192853e-03 0.0
-2.8023957363e-03 0.0
5.8993377855e-04 0.0
3.2355777825e-03 0.0
2.9746100665e-03 0.0
2.4238454963e-04 0.0
-2.4884747527e-03 0.0
-2.9312759645e-03 0.0
-8.8684364734e-04 0.0
1.7460163990e-03 0.0
2.7186073733e-03 0.0
1.3422603519e-03 0.0
-1.0526798660e-03 0.0
-2.3840919979e-03 0.0
-1.6190071308e-03 0.0
4.4146341025e-04 0.0
1.9735306273e-03 0.0
1.7364416051e-03 0.0
6.6106568191e-05 0.0
-1.5285737606e-03 0.0
-1.7201603484e-03 0.0
-4.5928099993e-04 0.0
1.0848683400e-03 0.0
1.5992754697e-03 0.0
7.3682673314e-04 0.0
-6.7086792021e-04 0.0
-1.4038926804e-03 0.0
-9.0535234037e-04 0.0
3.0730237335e-04 0.0
1.1629356579e-03 0.0
9.7739085142e-04 0.0
-7.2529351932e-06 0.0
-9.0241862123e-04 0.0
-9.6940795892e-04 0.0
-2.2326136587e-04 0.0
6.4422224966e-04 0.0
8.9988867246e-04 0.0
3.8430685655e-04 0.0
-4.0538219218e-04 0.0
-7.8762870317e-04 0.0
-4.8080230917e-04 0.0
1.9785849683e-04 0.0
6.5032290137e-04 0.0
5.2116468029e-04 0.0
-2.8721425313e-05 0.0
-5.0350587025e-04 0.0
-5.1595714198e-04 0.0
-9.9333770552e-05 0.0
3.5986323725e-04 0.0
4.7664311123e-04 0.0
1.8724271642e-04 0.0
-2.2889922279e-04 0.0
-4.1452419079e-04 0.0
-2.3869989302e-04 0.0
1.1691954596e-04 0.0
3.3991146046e-04 0.0
2.5925304291e-04 0.0
-2.7269859385e-05 0.0
-2.6155138912e-04 0.0
-2.5544416429e-04 0.0
-3.9240636219e-05 0.0
1.8630230421e-04 0.0
2.3405845324e-04 0.0
8.3803308909e-05 0.0
-1.1903674424e-04 0.0
-2.0152159849e-04 0.0
-1.0903048525e-04 0.0
6.2730274444e-05 0.0
1.6346501983e-04 0.0
1.1839091453e-04 0.0
-1.8688859071e-05 0.0
-1.2445990323e-04 0.0
-1.1570583783e-04 0.0
-1.3135626141e-05 0.0
8.7905633397e-05 0.0
1.0473627577e-04 0.0
3.3789519482e-05 0.0
-5.6047291399e-05 0.0
-8.8877318894e-05 0.0
-4.4962327255e-05 0.0
3.0090527076e-05 0.0
7.0961885360e-05 0.0
4.8664547120e-05 0.0
-1.0380085174e-05 0.0
-5.3165619065e-05 0.0
-4.6960087913e-05 0.0
-3.3900848210e-06 0.0
3.6996911413e-05 0.0
4.1764794847e-05 0.0
1.1962774755e-05 0.0
-2.3351587763e-05 0.0
-3.4713477849e-05 0.0
-1.6320969640e-05 0.0
1.2610384554e-05 0.0
2.7090536421e-05 0.0
1.7523310827e-05 0.0
-4.7584592675e-06 0.0
-1.9814146461e-05 0.0
-1.6579261448e-05 0.0
-4.9084296184e-07 0.0
1.3461084482e-05 0.0
1.4365668803e-05 0.0
3.5816247722e-06 0.0
-8.3184189997e-06 0.0
-1.1581696042e-05 0.0
-5.0195784953e-06 0.0
4.4491210555e-06 0.0
8.7358645282e-06 0.0
5.2993447605e-06 0.0
-1.7606560847e-06 0.0
-6.1572120956e-06 0.0
-4.8560103718e-06 0.0
6.8310914401e-08 0.0
4.0221648777e-06 0.0
4.0387642812e-06 0.0
8.5208662130e-07 0.0
-2.3893608626e-06 0.0
-3.1028219789e-06 0.0
-1.2246670500e-06 0.0
1.2360152170e-06 0.0
2.2147843410e-06 0.0
1.2475644108e-06 0.0
-4.9114032883e-07 0.0
-1.4664790116e-06 0.0
-1.0791493719e-06 0.0
6.2725600366e-08 0.0
8.9283711825e-07 0.0
8.3405144842e-07 0.0
1.4239201139e-07 0.0
-4.9025665127e-07 0.0
-5.8612720902e-07 0.0
-2.0593096107e-07 0.0
2.3297666823e-07 0.0
3.7557449668e-07 0.0
1.9189688200e-07 0.0
-8.6049137756e-08 0.0
-2.1778033053e-07 0.0
-1.4518948385e-07 0.0
1.4413468295e-08 0.0
1.1207286448e-07 0.0
9.3472797267e-08 0.0
1.1726426430e-08 0.0
-4.9190952827e-08 0.0
-5.0807319733e-08 0.0
-1.4578597905e-08 0.0
3.7569665434e-08 0.0
 0
