# CNSN gd1 digitizer FIR filter file
#      designed by Ken Beverley
# $Id$
#
# coefficients are symmtric, listed in time order 
# type                  ?  
# input sample rate     15000  
# decimation factor     25 
# normalization factor  1.0 
# gain factor           1.000000 
theoretical  1  anti_alias   fir    gsc-mulder 
15000 25 
297
-3.0591512111e-08 0.0
-1.7548539787e-08 0.0
-1.5285365364e-08 0.0
-8.0363464118e-09 0.0
6.2879715931e-09 0.0
3.0162955844e-08 0.0
6.6439420073e-08 0.0
1.1831093003e-07 0.0
1.8925473307e-07 0.0
2.8294237548e-07 0.0
4.0311648759e-07 0.0
5.5343085850e-07 0.0
7.3725180602e-07 0.0
9.5741998074e-07 0.0
1.2159731291e-06 0.0
1.5138319678e-06 0.0
1.8504531754e-06 0.0
2.2234555564e-06 0.0
2.6282276340e-06 0.0
3.0575272341e-06 0.0
3.5010859636e-06 0.0
3.9452337883e-06 0.0
4.3725610950e-06 0.0
4.7616375820e-06 0.0
5.0868089641e-06 0.0
5.3180936947e-06 0.0
5.4212025975e-06 0.0
5.3577043549e-06 0.0
5.0853591267e-06 0.0
4.5586410797e-06 0.0
3.7294682221e-06 0.0
2.5481546072e-06 0.0
9.6459565122e-07 0.0
-1.0703079943e-06 0.0
-3.6029888509e-06 0.0
-6.6753213320e-06 0.0
-1.0322516824e-05 0.0
-1.4570829905e-05 0.0
-1.9435109765e-05 0.0
-2.4916240487e-05 0.0
-3.0998523620e-05 0.0
-3.7647066062e-05 0.0
-4.4805245429e-05 0.0
-5.2392333509e-05 0.0
-6.0301365765e-05 0.0
-6.8397350749e-05 0.0
-7.6515917498e-05 0.0
-8.4462501084e-05 0.0
-9.2012166224e-05 0.0
-9.8910165883e-05 0.0
-1.0487332603e-04 0.0
-1.0959233871e-04 0.0
-1.1273503357e-04 0.0
-1.1395068248e-04 0.0
-1.1287537337e-04 0.0
-1.0913846770e-04 0.0
-1.0237013119e-04 0.0
-9.2209900485e-05 0.0
-7.8316218722e-05 0.0
-6.0376842020e-05 0.0
-3.8119986628e-05 0.0
-1.1326053737e-05 0.0
2.0160263365e-05 0.0
5.6417716400e-05 0.0
9.7436339358e-05 0.0
1.4310566819e-04 0.0
1.9320364791e-04 0.0
2.4738654995e-04 0.0
3.0518023531e-04 0.0
3.6597310486e-04 0.0
4.2901107755e-04 0.0
4.9339492858e-04 0.0
5.5808030296e-04 0.0
6.2188069460e-04 0.0
6.8347364745e-04 0.0
7.4141039263e-04 0.0
7.9412908469e-04 0.0
8.3997174132e-04 0.0
8.7720492469e-04 0.0
9.0404413012e-04 0.0
9.1868176941e-04 0.0
9.1931855444e-04 0.0
9.0419800150e-04 0.0
8.7164369116e-04 0.0
8.2009883290e-04 0.0
7.4816760165e-04 0.0
6.5465763449e-04 0.0
5.3862300454e-04 0.0
3.9940692551e-04 0.0
2.3668338697e-04 0.0
5.0496879868e-05 0.0
-1.5870065605e-04 0.0
-3.9001654325e-04 0.0
-6.4208861199e-04 0.0
-9.1306183547e-04 0.0
-1.2005711698e-03 0.0
-1.5017313566e-03 0.0
-1.8131343709e-03 0.0
-2.1308551026e-03 0.0
-2.4504657499e-03 0.0
-2.7670592784e-03 0.0
-3.0752821586e-03 0.0
-3.3693764430e-03 0.0
-3.6432310842e-03 0.0
-3.8904422253e-03 0.0
-4.1043820246e-03 0.0
-4.2782753997e-03 0.0
-4.4052839112e-03 0.0
-4.4785958364e-03 0.0
-4.4915213307e-03 0.0
-4.4375914333e-03 0.0
-4.3106595436e-03 0.0
-4.1050038909e-03 0.0
-3.8154294311e-03 0.0
-3.4373675464e-03 0.0
-2.9669718856e-03 0.0
-2.4012086792e-03 0.0
-1.7379398837e-03 0.0
-9.7599756381e-04 0.0
-1.1524800358e-04 0.0
8.4335585142e-04 0.0
1.8977348763e-03 0.0
3.0446582638e-03 0.0
4.2797329327e-03 0.0
5.5974085336e-03 0.0
6.9909985046e-03 0.0
8.4527173839e-03 0.0
9.9737343312e-03 0.0
1.1544242546e-02 0.0
1.3153544009e-02 0.0
1.4790148707e-02 0.0
1.6441887263e-02 0.0
1.8096035635e-02 0.0
1.9739450342e-02 0.0
2.1358712470e-02 0.0
2.2940278534e-02 0.0
2.4470636133e-02 0.0
2.5936462220e-02 0.0
2.7324781737e-02 0.0
2.8623124318e-02 0.0
2.9819676765e-02 0.0
3.0903429050e-02 0.0
3.1864311642e-02 0.0
3.2693322111e-02 0.0
3.3382639071e-02 0.0
3.3925721738e-02 0.0
3.4317393561e-02 0.0
3.4553908656e-02 0.0
3.4633000000e-02 0.0
3.4553908656e-02 0.0
3.4317393561e-02 0.0
3.3925721738e-02 0.0
3.3382639071e-02 0.0
3.2693322111e-02 0.0
3.1864311642e-02 0.0
3.0903429050e-02 0.0
2.9819676765e-02 0.0
2.8623124318e-02 0.0
2.7324781737e-02 0.0
2.5936462220e-02 0.0
2.4470636133e-02 0.0
2.2940278534e-02 0.0
2.1358712470e-02 0.0
1.9739450342e-02 0.0
1.8096035635e-02 0.0
1.6441887263e-02 0.0
1.4790148707e-02 0.0
1.3153544009e-02 0.0
1.1544242546e-02 0.0
9.9737343312e-03 0.0
8.4527173839e-03 0.0
6.9909985046e-03 0.0
5.5974085336e-03 0.0
4.2797329327e-03 0.0
3.0446582638e-03 0.0
1.8977348763e-03 0.0
8.4335585142e-04 0.0
-1.1524800358e-04 0.0
-9.7599756381e-04 0.0
-1.7379398837e-03 0.0
-2.4012086792e-03 0.0
-2.9669718856e-03 0.0
-3.4373675464e-03 0.0
-3.8154294311e-03 0.0
-4.1050038909e-03 0.0
-4.3106595436e-03 0.0
-4.4375914333e-03 0.0
-4.4915213307e-03 0.0
-4.4785958364e-03 0.0
-4.4052839112e-03 0.0
-4.2782753997e-03 0.0
-4.1043820246e-03 0.0
-3.8904422253e-03 0.0
-3.6432310842e-03 0.0
-3.3693764430e-03 0.0
-3.0752821586e-03 0.0
-2.7670592784e-03 0.0
-2.4504657499e-03 0.0
-2.1308551026e-03 0.0
-1.8131343709e-03 0.0
-1.5017313566e-03 0.0
-1.2005711698e-03 0.0
-9.1306183547e-04 0.0
-6.4208861199e-04 0.0
-3.9001654325e-04 0.0
-1.5870065605e-04 0.0
5.0496879868e-05 0.0
2.3668338697e-04 0.0
3.9940692551e-04 0.0
5.3862300454e-04 0.0
6.5465763449e-04 0.0
7.4816760165e-04 0.0
8.2009883290e-04 0.0
8.7164369116e-04 0.0
9.0419800150e-04 0.0
9.1931855444e-04 0.0
9.1868176941e-04 0.0
9.0404413012e-04 0.0
8.7720492469e-04 0.0
8.3997174132e-04 0.0
7.9412908469e-04 0.0
7.4141039263e-04 0.0
6.8347364745e-04 0.0
6.2188069460e-04 0.0
5.5808030296e-04 0.0
4.9339492858e-04 0.0
4.2901107755e-04 0.0
3.6597310486e-04 0.0
3.0518023531e-04 0.0
2.4738654995e-04 0.0
1.9320364791e-04 0.0
1.4310566819e-04 0.0
9.7436339358e-05 0.0
5.6417716400e-05 0.0
2.0160263365e-05 0.0
-1.1326053737e-05 0.0
-3.8119986628e-05 0.0
-6.0376842020e-05 0.0
-7.8316218722e-05 0.0
-9.2209900485e-05 0.0
-1.0237013119e-04 0.0
-1.0913846770e-04 0.0
-1.1287537337e-04 0.0
-1.1395068248e-04 0.0
-1.1273503357e-04 0.0
-1.0959233871e-04 0.0
-1.0487332603e-04 0.0
-9.8910165883e-05 0.0
-9.2012166224e-05 0.0
-8.4462501084e-05 0.0
-7.6515917498e-05 0.0
-6.8397350749e-05 0.0
-6.0301365765e-05 0.0
-5.2392333509e-05 0.0
-4.4805245429e-05 0.0
-3.7647066062e-05 0.0
-3.0998523620e-05 0.0
-2.4916240487e-05 0.0
-1.9435109765e-05 0.0
-1.4570829905e-05 0.0
-1.0322516824e-05 0.0
-6.6753213320e-06 0.0
-3.6029888509e-06 0.0
-1.0703079943e-06 0.0
9.6459565122e-07 0.0
2.5481546072e-06 0.0
3.7294682221e-06 0.0
4.5586410797e-06 0.0
5.0853591267e-06 0.0
5.3577043549e-06 0.0
5.4212025975e-06 0.0
5.3180936947e-06 0.0
5.0868089641e-06 0.0
4.7616375820e-06 0.0
4.3725610950e-06 0.0
3.9452337883e-06 0.0
3.5010859636e-06 0.0
3.0575272341e-06 0.0
2.6282276340e-06 0.0
2.2234555564e-06 0.0
1.8504531754e-06 0.0
1.5138319678e-06 0.0
1.2159731291e-06 0.0
9.5741998074e-07 0.0
7.3725180602e-07 0.0
5.5343085850e-07 0.0
4.0311648759e-07 0.0
2.8294237548e-07 0.0
1.8925473307e-07 0.0
1.1831093003e-07 0.0
6.6439420073e-08 0.0
3.0162955844e-08 0.0
6.2879715931e-09 0.0
-8.0363464118e-09 0.0
-1.5285365364e-08 0.0
-1.7548539787e-08 0.0
-3.0591512111e-08 0.0
 0
