# CNSN GD2, v.12 digitizer FIR filter file
#      designed by Ken Beverley
# version:      $Revision$Date: 2007/05/26 22:51:26
#
# coefficients are symmtric, listed in time order 
# type                  ?  
# input sample rate     4000  
# decimation factor     20 
# normalization factor  1.0 
# gain factor           1.000000 
theoretical  1  anti_alias   fir    gsc-mulder 
4000 20 
229
-1.44354999e-08 0.00000e+00
-1.21071935e-08 0.00000e+00
-1.14087015e-08 0.00000e+00
-4.88944352e-09 0.00000e+00
 1.07102096e-08 0.00000e+00
 4.02797014e-08 0.00000e+00
 8.94069672e-08 0.00000e+00
 1.64611265e-07 0.00000e+00
 2.73576006e-07 0.00000e+00
 4.23518941e-07 0.00000e+00
 6.22589141e-07 0.00000e+00
 8.76840204e-07 0.00000e+00
 1.19139440e-06 0.00000e+00
 1.56764872e-06 0.00000e+00
 2.00327486e-06 0.00000e+00
 2.48965807e-06 0.00000e+00
 3.01096588e-06 0.00000e+00
 3.54158692e-06 0.00000e+00
 4.04636376e-06 0.00000e+00
 4.47710045e-06 0.00000e+00
 4.77326103e-06 0.00000e+00
 4.86057252e-06 0.00000e+00
 4.65149060e-06 0.00000e+00
 4.04589810e-06 0.00000e+00
 2.93413177e-06 0.00000e+00
 1.19861215e-06 0.00000e+00
-1.28010288e-06 0.00000e+00
-4.61866148e-06 0.00000e+00
-8.92253593e-06 0.00000e+00
-1.42785721e-05 0.00000e+00
-2.07447447e-05 0.00000e+00
-2.83387490e-05 0.00000e+00
-3.70277558e-05 0.00000e+00
-4.67153732e-05 0.00000e+00
-5.72318677e-05 0.00000e+00
-6.83218241e-05 0.00000e+00
-7.96369277e-05 0.00000e+00
-9.07282811e-05 0.00000e+00
-1.01043843e-04 0.00000e+00
-1.09928427e-04 0.00000e+00
-1.16629526e-04 0.00000e+00
-1.20307785e-04 0.00000e+00
-1.20054465e-04 0.00000e+00
-1.14913797e-04 0.00000e+00
-1.03914645e-04 0.00000e+00
-8.61056615e-05 0.00000e+00
-6.05985988e-05 0.00000e+00
-2.66181305e-05 0.00000e+00
 1.64464582e-05 0.00000e+00
 6.89839944e-05 0.00000e+00
 1.31102745e-04 0.00000e+00
 2.02574302e-04 0.00000e+00
 2.82777706e-04 0.00000e+00
 3.70651018e-04 0.00000e+00
 4.64650802e-04 0.00000e+00
 5.62721631e-04 0.00000e+00
 6.62281644e-04 0.00000e+00
 7.60223251e-04 0.00000e+00
 8.52934085e-04 0.00000e+00
 9.36339144e-04 0.00000e+00
 1.00596552e-03 0.00000e+00
 1.05703133e-03 0.00000e+00
 1.08456006e-03 0.00000e+00
 1.08351535e-03 0.00000e+00
 1.04896119e-03 0.00000e+00
 9.76239797e-04 0.00000e+00
 8.61165812e-04 0.00000e+00
 7.00231176e-04 0.00000e+00
 4.90818638e-04 0.00000e+00
 2.31412239e-04 0.00000e+00
-7.81971030e-05 0.00000e+00
-4.36719740e-04 0.00000e+00
-8.41199188e-04 0.00000e+00
-1.28687150e-03 0.00000e+00
-1.76706188e-03 0.00000e+00
-2.27312604e-03 0.00000e+00
-2.79444037e-03 0.00000e+00
-3.31844669e-03 0.00000e+00
-3.83075909e-03 0.00000e+00
-4.31532785e-03 0.00000e+00
-4.75466903e-03 0.00000e+00
-5.13015222e-03 0.00000e+00
-5.42234816e-03 0.00000e+00
-5.61142573e-03 0.00000e+00
-5.67759667e-03 0.00000e+00
-5.60159539e-03 0.00000e+00
-5.36518288e-03 0.00000e+00
-4.95166518e-03 0.00000e+00
-4.34641005e-03 0.00000e+00
-3.53734917e-03 0.00000e+00
-2.51545059e-03 0.00000e+00
-1.27514754e-03 0.00000e+00
 1.85292680e-04 0.00000e+00
 1.86347007e-03 0.00000e+00
 3.75263789e-03 0.00000e+00
 5.84158255e-03 0.00000e+00
 8.11460335e-03 0.00000e+00
 1.05516019e-02 0.00000e+00
 1.31282776e-02 0.00000e+00
 1.58164352e-02 0.00000e+00
 1.85843944e-02 0.00000e+00
 2.13975003e-02 0.00000e+00
 2.42187209e-02 0.00000e+00
 2.70093225e-02 0.00000e+00
 2.97296052e-02 0.00000e+00
 3.23396823e-02 0.00000e+00
 3.48002876e-02 0.00000e+00
 3.70735859e-02 0.00000e+00
 3.91239692e-02 0.00000e+00
 4.09188198e-02 0.00000e+00
 4.24292158e-02 0.00000e+00
 4.36305641e-02 0.00000e+00
 4.45031452e-02 0.00000e+00
 4.50325494e-02 0.00000e+00
 4.52099999e-02 0.00000e+00
 4.50325494e-02 0.00000e+00
 4.45031452e-02 0.00000e+00
 4.36305641e-02 0.00000e+00
 4.24292158e-02 0.00000e+00
 4.09188198e-02 0.00000e+00
 3.91239692e-02 0.00000e+00
 3.70735859e-02 0.00000e+00
 3.48002876e-02 0.00000e+00
 3.23396823e-02 0.00000e+00
 2.97296052e-02 0.00000e+00
 2.70093225e-02 0.00000e+00
 2.42187209e-02 0.00000e+00
 2.13975003e-02 0.00000e+00
 1.85843944e-02 0.00000e+00
 1.58164352e-02 0.00000e+00
 1.31282776e-02 0.00000e+00
 1.05516019e-02 0.00000e+00
 8.11460335e-03 0.00000e+00
 5.84158255e-03 0.00000e+00
 3.75263789e-03 0.00000e+00
 1.86347007e-03 0.00000e+00
 1.85292680e-04 0.00000e+00
-1.27514754e-03 0.00000e+00
-2.51545059e-03 0.00000e+00
-3.53734917e-03 0.00000e+00
-4.34641005e-03 0.00000e+00
-4.95166518e-03 0.00000e+00
-5.36518288e-03 0.00000e+00
-5.60159539e-03 0.00000e+00
-5.67759667e-03 0.00000e+00
-5.61142573e-03 0.00000e+00
-5.42234816e-03 0.00000e+00
-5.13015222e-03 0.00000e+00
-4.75466903e-03 0.00000e+00
-4.31532785e-03 0.00000e+00
-3.83075909e-03 0.00000e+00
-3.31844669e-03 0.00000e+00
-2.79444037e-03 0.00000e+00
-2.27312604e-03 0.00000e+00
-1.76706188e-03 0.00000e+00
-1.28687150e-03 0.00000e+00
-8.41199188e-04 0.00000e+00
-4.36719740e-04 0.00000e+00
-7.81971030e-05 0.00000e+00
 2.31412239e-04 0.00000e+00
 4.90818638e-04 0.00000e+00
 7.00231176e-04 0.00000e+00
 8.61165812e-04 0.00000e+00
 9.76239797e-04 0.00000e+00
 1.04896119e-03 0.00000e+00
 1.08351535e-03 0.00000e+00
 1.08456006e-03 0.00000e+00
 1.05703133e-03 0.00000e+00
 1.00596552e-03 0.00000e+00
 9.36339144e-04 0.00000e+00
 8.52934085e-04 0.00000e+00
 7.60223251e-04 0.00000e+00
 6.62281644e-04 0.00000e+00
 5.62721631e-04 0.00000e+00
 4.64650802e-04 0.00000e+00
 3.70651018e-04 0.00000e+00
 2.82777706e-04 0.00000e+00
 2.02574302e-04 0.00000e+00
 1.31102745e-04 0.00000e+00
 6.89839944e-05 0.00000e+00
 1.64464582e-05 0.00000e+00
-2.66181305e-05 0.00000e+00
-6.05985988e-05 0.00000e+00
-8.61056615e-05 0.00000e+00
-1.03914645e-04 0.00000e+00
-1.14913797e-04 0.00000e+00
-1.20054465e-04 0.00000e+00
-1.20307785e-04 0.00000e+00
-1.16629526e-04 0.00000e+00
-1.09928427e-04 0.00000e+00
-1.01043843e-04 0.00000e+00
-9.07282811e-05 0.00000e+00
-7.96369277e-05 0.00000e+00
-6.83218241e-05 0.00000e+00
-5.72318677e-05 0.00000e+00
-4.67153732e-05 0.00000e+00
-3.70277558e-05 0.00000e+00
-2.83387490e-05 0.00000e+00
-2.07447447e-05 0.00000e+00
-1.42785721e-05 0.00000e+00
-8.92253593e-06 0.00000e+00
-4.61866148e-06 0.00000e+00
-1.28010288e-06 0.00000e+00
 1.19861215e-06 0.00000e+00
 2.93413177e-06 0.00000e+00
 4.04589810e-06 0.00000e+00
 4.65149060e-06 0.00000e+00
 4.86057252e-06 0.00000e+00
 4.77326103e-06 0.00000e+00
 4.47710045e-06 0.00000e+00
 4.04636376e-06 0.00000e+00
 3.54158692e-06 0.00000e+00
 3.01096588e-06 0.00000e+00
 2.48965807e-06 0.00000e+00
 2.00327486e-06 0.00000e+00
 1.56764872e-06 0.00000e+00
 1.19139440e-06 0.00000e+00
 8.76840204e-07 0.00000e+00
 6.22589141e-07 0.00000e+00
 4.23518941e-07 0.00000e+00
 2.73576006e-07 0.00000e+00
 1.64611265e-07 0.00000e+00
 8.94069672e-08 0.00000e+00
 4.02797014e-08 0.00000e+00
 1.07102096e-08 0.00000e+00
-4.88944352e-09 0.00000e+00
-1.14087015e-08 0.00000e+00
-1.21071935e-08 0.00000e+00
-1.44354999e-08 0.00000e+00
0
