# CNSN GD2, v.12 digitizer FIR filter
#      designed by Ken Beverley
#
# coefficients are symmetric, listed in time order
# normalization factor  4294967366.48
#
# fir2_40 and fir2_20
# 200 Hz to 40 Hz and 100Hz to 20 Hz
# Chebyshev FIR Lowpass Filter Coefficients (calculated using FIR_GENZ.BAS)
# Design: Pass = 0.084360  Stop = 0.100560  Ripple =-140.1000  #coeff = 699
# Actual: Pass = 0.084921  Stop = 0.099982  Ripple =-152.3772
# ------------------------------
theoretical  1  anti_alias   fir    gsc-mulder
100 5
699
1.00117e-08 0.0
2.79397e-09 0.0
1.62981e-09 0.0
-1.62981e-09 0.0
-5.58794e-09 0.0
-9.54606e-09 0.0
-1.14087e-08 0.0
-9.08039e-09 0.0
-2.79397e-09 0.0
6.75209e-09 0.0
1.67638e-08 0.0
2.28174e-08 0.0
2.18861e-08 0.0
1.18744e-08 0.0
-5.3551e-09 0.0
-2.53785e-08 0.0
-4.07454e-08 0.0
-4.42378e-08 0.0
-3.18978e-08 0.0
-4.42378e-09 0.0
3.14321e-08 0.0
6.35628e-08 0.0
7.91624e-08 0.0
6.84522e-08 0.0
2.98023e-08 0.0
-2.84053e-08 0.0
-8.84756e-08 0.0
-1.27824e-07 0.0
-1.28057e-07 0.0
-8.07922e-08 0.0
5.58794e-09 0.0
1.06869e-07 0.0
1.88127e-07 0.0
2.15601e-07 0.0
1.69501e-07 0.0
5.28526e-08 0.0
-1.04308e-07 0.0
-2.51224e-07 0.0
-3.32482e-07 0.0
-3.07336e-07 0.0
-1.66241e-07 0.0
5.89062e-08 0.0
3.00352e-07 0.0
4.72879e-07 0.0
5.03147e-07 0.0
3.56929e-07 0.0
5.9139e-08 0.0
-3.06871e-07 0.0
-6.19562e-07 0.0
-7.58097e-07 0.0
-6.46105e-07 0.0
-2.86149e-07 0.0
2.29338e-07 0.0
7.39004e-07 0.0
1.05915e-06 0.0
1.04797e-06 0.0
6.6217e-07 0.0
-1.3737e-08 0.0
-7.79284e-07 0.0
-1.37417e-06 0.0
-1.56276e-06 0.0
-1.22329e-06 0.0
-4.0466e-07 0.0
6.66361e-07 0.0
1.64285e-06 0.0
2.16649e-06 0.0
1.99303e-06 0.0
1.09407e-06 0.0
-3.05241e-07 0.0
-1.7737e-06 0.0
-2.80095e-06 0.0
-2.97022e-06 0.0
-2.1155e-06 0.0
-4.13274e-07 0.0
1.64006e-06 0.0
3.3637e-06 0.0
4.11249e-06 0.0
3.50783e-06 0.0
1.60327e-06 0.0
-1.08359e-06 0.0
-3.70061e-06 0.0
-5.32204e-06 0.0
-5.26663e-06 0.0
-3.36464e-06 0.0
-7.567e-08 0.0
3.60375e-06 0.0
6.43032e-06 0.0
7.32276e-06 0.0
5.76e-06 0.0
2.02283e-06 0.0
-2.81702e-06 0.0
-7.18865e-06 0.0
-9.51882e-06 0.0
-8.7826e-06 0.0
-4.91808e-06 0.0
1.05216e-06 0.0
7.26618e-06 0.0
1.15882e-05 0.0
1.23249e-05 0.0
8.8613e-06 0.0
1.98279e-06 0.0
-6.26082e-06 0.0
-1.31426e-05 0.0
-1.61431e-05 0.0
-1.38467e-05 0.0
-6.54021e-06 0.0
3.72366e-06 0.0
1.36711e-05 0.0
1.98293e-05 0.0
1.97128e-05 0.0
1.27794e-05 0.0
7.96281e-07 0.0
-1.2558e-05 0.0
-2.27948e-05 0.0
-2.60968e-05 0.0
-2.07003e-05 0.0
-7.68993e-06 0.0
9.12161e-06 0.0
2.42724e-05 0.0
3.23935e-05 0.0
3.00738e-05 0.0
1.72087e-05 0.0
-2.67872e-06 0.0
-2.33415e-05 0.0
-3.77346e-05 0.0
-4.03759e-05 0.0
-2.93709e-05 0.0
-7.36513e-06 0.0
1.89887e-05 0.0
4.09936e-05 0.0
5.07336e-05 0.0
4.38651e-05 0.0
2.14025e-05 0.0
-1.01989e-05 0.0
-4.08269e-05 0.0
-5.98975e-05 0.0
-5.99581e-05 0.0
-3.94944e-05 0.0
-3.91738e-06 0.0
3.57563e-05 0.0
6.62524e-05 0.0
7.64232e-05 0.0
6.12361e-05 0.0
2.39653e-05 0.0
-2.43008e-05 0.0
-6.7875e-05 0.0
-9.1505e-05 0.0
-8.56323e-05 0.0
-5.00898e-05 0.0
5.15068e-06 0.0
6.26515e-05 0.0
0.000102935 0.0
0.000111002 0.0
8.17918e-05 0.0
2.26155e-05 0.0
-4.84555e-05 0.0
-0.000108012 0.0
-0.000134933 0.0
-0.00011776 0.0
-5.92929e-05 0.0
2.33885e-05 0.0
0.000103767 0.0
0.0001543 0.0
0.000155747 0.0
0.000104303 0.0
1.39337e-05 0.0
-8.71969e-05 0.0
-0.000165383 0.0
-0.000192503 0.0
-0.000155974 0.0
-6.40594e-05 0.0
5.55858e-05 0.0
0.000164075 0.0
0.00022381 0.0
0.000211367 0.0
0.000126376 0.0
-6.88666e-06 0.0
-0.000146199 0.0
-0.000244627 0.0
-0.000266199 0.0
-0.000198818 0.0
-5.98573e-05 0.0
0.000107925 0.0
0.000249365 0.0
0.000314876 0.0
0.000277639 0.0
0.000144089 0.0
-4.62697e-05 0.0
-0.000232296 0.0
-0.000350679 0.0
-0.000357304 0.0
-0.00024335 0.0
-4.03621e-05 0.0
0.000188091 0.0
0.000366118 0.0
0.000430526 0.0
0.000352984 0.0
0.000151622 0.0
-0.000112456 0.0
-0.000353442 0.0
-0.000488497 0.0
-0.000465986 0.0
-0.000284718 0.0
2.83588e-06 0.0
0.000305329 0.0
0.000521314 0.0
0.000573031 0.0
0.000434021 0.0
0.000140884 0.0
-0.000215682 0.0
-0.000518632 0.0
-0.000662746 0.0
-0.000590852 0.0
-0.000315722 0.0
8.05238e-05 0.0
0.000470501 0.0
0.000722229 0.0
0.000743495 0.0
0.000515091 0.0
0.000101112 0.0
-0.000368372 0.0
-0.000737833 0.0
-0.000877497 0.0
-0.000728491 0.0
-0.000326342 0.0
0.000206205 0.0
0.00069619 0.0
0.000976273 0.0
0.000941481 0.0
0.000587764 0.0
1.84102e-05 0.0
-0.000585444 0.0
-0.00102203 0.0
-0.00113599 0.0
-0.000873021 0.0
-0.000303189 0.0
0.000396601 0.0
0.000997009 0.0
0.001291 0.0
0.0011647 0.0
0.000640277 0.0
-0.000124928 0.0
-0.000884909 0.0
-0.00138359 0.0
-0.0014406 0.0
-0.00101563 0.0
-0.00022872 0.0
0.00067256 0.0
0.00139037 0.0
0.00167448 0.0
0.00140881 0.0
0.000656762 0.0
-0.000351598 0.0
-0.00128914 0.0
-0.00183719 0.0
-0.00179313 0.0
-0.00114405 0.0
-7.99012e-05 0.0
0.00106086 0.0
0.0018982 0.0
0.0021364 0.0
0.00166742 0.0
0.000615976 0.0
-0.000691567 0.0
-0.00182754 0.0
-0.00240203 0.0
-0.00219575 0.0
-0.00124165 0.0
0.000174382 0.0
0.00159788 0.0
0.00255067 0.0
0.00269046 0.0
0.00193223 0.0
0.000488791 0.0
-0.00118677 0.0
-0.00254212 0.0
-0.00310656 0.0
-0.00265303 0.0
-0.00128583 0.0
0.000578742 0.0
0.00233749 0.0
0.00339409 0.0
0.00335967 0.0
0.00219339 0.0
0.000232797 0.0
-0.00190132 0.0
-0.00349974 0.0
-0.00399872 0.0
-0.0031764 0.0
-0.00124408 0.0
0.00120344 0.0
0.00336856 0.0
0.00450861 0.0
0.00418802 0.0
0.00244008 0.0
-0.000220394 0.0
-0.00294522 0.0
-0.00482045 0.0
-0.00516982 0.0
-0.0037943 0.0
-0.00106429 0.0
0.00217426 0.0
0.00485813 0.0
0.00605195 0.0
0.00526929 0.0
0.0026612 0.0
-0.0009984 0.0
-0.0045367 0.0
-0.00675253 0.0
-0.00681798 0.0
-0.0045787 0.0
-0.00064686 0.0
0.00375688 0.0
0.0071747 0.0
0.00838567 0.0
0.00683108 0.0
0.00284614 0.0
-0.00239152 0.0
-0.0071982 0.0
-0.00991276 0.0
-0.00945537 0.0
-0.00573305 0.0
0.000253247 0.0
0.00665747 0.0
0.0113378 0.0
0.0125486 0.0
0.00955854 0.0
0.00298561 0.0
-0.00528365 0.0
-0.012601 0.0
-0.0163616 0.0
-0.0148735 0.0
-0.00801818 0.0
0.0025316 0.0
0.0136476 0.0
0.0215876 0.0
0.0231317 0.0
0.0166943 0.0
0.00307237 0.0
-0.014431 0.0
-0.0306046 0.0
-0.0395454 0.0
-0.0362039 0.0
-0.0178548 0.0
0.0149159 0.0
0.0580057 0.0
0.104478 0.0
0.145997 0.0
0.174682 0.0
0.18492 0.0
0.174682 0.0
0.145997 0.0
0.104478 0.0
0.0580057 0.0
0.0149159 0.0
-0.0178548 0.0
-0.0362039 0.0
-0.0395454 0.0
-0.0306046 0.0
-0.014431 0.0
0.00307237 0.0
0.0166943 0.0
0.0231317 0.0
0.0215876 0.0
0.0136476 0.0
0.0025316 0.0
-0.00801818 0.0
-0.0148735 0.0
-0.0163616 0.0
-0.012601 0.0
-0.00528365 0.0
0.00298561 0.0
0.00955854 0.0
0.0125486 0.0
0.0113378 0.0
0.00665747 0.0
0.000253247 0.0
-0.00573305 0.0
-0.00945537 0.0
-0.00991276 0.0
-0.0071982 0.0
-0.00239152 0.0
0.00284614 0.0
0.00683108 0.0
0.00838567 0.0
0.0071747 0.0
0.00375688 0.0
-0.00064686 0.0
-0.0045787 0.0
-0.00681798 0.0
-0.00675253 0.0
-0.0045367 0.0
-0.0009984 0.0
0.0026612 0.0
0.00526929 0.0
0.00605195 0.0
0.00485813 0.0
0.00217426 0.0
-0.00106429 0.0
-0.0037943 0.0
-0.00516982 0.0
-0.00482045 0.0
-0.00294522 0.0
-0.000220394 0.0
0.00244008 0.0
0.00418802 0.0
0.00450861 0.0
0.00336856 0.0
0.00120344 0.0
-0.00124408 0.0
-0.0031764 0.0
-0.00399872 0.0
-0.00349974 0.0
-0.00190132 0.0
0.000232797 0.0
0.00219339 0.0
0.00335967 0.0
0.00339409 0.0
0.00233749 0.0
0.000578742 0.0
-0.00128583 0.0
-0.00265303 0.0
-0.00310656 0.0
-0.00254212 0.0
-0.00118677 0.0
0.000488791 0.0
0.00193223 0.0
0.00269046 0.0
0.00255067 0.0
0.00159788 0.0
0.000174382 0.0
-0.00124165 0.0
-0.00219575 0.0
-0.00240203 0.0
-0.00182754 0.0
-0.000691567 0.0
0.000615976 0.0
0.00166742 0.0
0.0021364 0.0
0.0018982 0.0
0.00106086 0.0
-7.99012e-05 0.0
-0.00114405 0.0
-0.00179313 0.0
-0.00183719 0.0
-0.00128914 0.0
-0.000351598 0.0
0.000656762 0.0
0.00140881 0.0
0.00167448 0.0
0.00139037 0.0
0.00067256 0.0
-0.00022872 0.0
-0.00101563 0.0
-0.0014406 0.0
-0.00138359 0.0
-0.000884909 0.0
-0.000124928 0.0
0.000640277 0.0
0.0011647 0.0
0.001291 0.0
0.000997009 0.0
0.000396601 0.0
-0.000303189 0.0
-0.000873021 0.0
-0.00113599 0.0
-0.00102203 0.0
-0.000585444 0.0
1.84102e-05 0.0
0.000587764 0.0
0.000941481 0.0
0.000976273 0.0
0.00069619 0.0
0.000206205 0.0
-0.000326342 0.0
-0.000728491 0.0
-0.000877497 0.0
-0.000737833 0.0
-0.000368372 0.0
0.000101112 0.0
0.000515091 0.0
0.000743495 0.0
0.000722229 0.0
0.000470501 0.0
8.05238e-05 0.0
-0.000315722 0.0
-0.000590852 0.0
-0.000662746 0.0
-0.000518632 0.0
-0.000215682 0.0
0.000140884 0.0
0.000434021 0.0
0.000573031 0.0
0.000521314 0.0
0.000305329 0.0
2.83588e-06 0.0
-0.000284718 0.0
-0.000465986 0.0
-0.000488497 0.0
-0.000353442 0.0
-0.000112456 0.0
0.000151622 0.0
0.000352984 0.0
0.000430526 0.0
0.000366118 0.0
0.000188091 0.0
-4.03621e-05 0.0
-0.00024335 0.0
-0.000357304 0.0
-0.000350679 0.0
-0.000232296 0.0
-4.62697e-05 0.0
0.000144089 0.0
0.000277639 0.0
0.000314876 0.0
0.000249365 0.0
0.000107925 0.0
-5.98573e-05 0.0
-0.000198818 0.0
-0.000266199 0.0
-0.000244627 0.0
-0.000146199 0.0
-6.88666e-06 0.0
0.000126376 0.0
0.000211367 0.0
0.00022381 0.0
0.000164075 0.0
5.55858e-05 0.0
-6.40594e-05 0.0
-0.000155974 0.0
-0.000192503 0.0
-0.000165383 0.0
-8.71969e-05 0.0
1.39337e-05 0.0
0.000104303 0.0
0.000155747 0.0
0.0001543 0.0
0.000103767 0.0
2.33885e-05 0.0
-5.92929e-05 0.0
-0.00011776 0.0
-0.000134933 0.0
-0.000108012 0.0
-4.84555e-05 0.0
2.26155e-05 0.0
8.17918e-05 0.0
0.000111002 0.0
0.000102935 0.0
6.26515e-05 0.0
5.15068e-06 0.0
-5.00898e-05 0.0
-8.56323e-05 0.0
-9.1505e-05 0.0
-6.7875e-05 0.0
-2.43008e-05 0.0
2.39653e-05 0.0
6.12361e-05 0.0
7.64232e-05 0.0
6.62524e-05 0.0
3.57563e-05 0.0
-3.91738e-06 0.0
-3.94944e-05 0.0
-5.99581e-05 0.0
-5.98975e-05 0.0
-4.08269e-05 0.0
-1.01989e-05 0.0
2.14025e-05 0.0
4.38651e-05 0.0
5.07336e-05 0.0
4.09936e-05 0.0
1.89887e-05 0.0
-7.36513e-06 0.0
-2.93709e-05 0.0
-4.03759e-05 0.0
-3.77346e-05 0.0
-2.33415e-05 0.0
-2.67872e-06 0.0
1.72087e-05 0.0
3.00738e-05 0.0
3.23935e-05 0.0
2.42724e-05 0.0
9.12161e-06 0.0
-7.68993e-06 0.0
-2.07003e-05 0.0
-2.60968e-05 0.0
-2.27948e-05 0.0
-1.2558e-05 0.0
7.96281e-07 0.0
1.27794e-05 0.0
1.97128e-05 0.0
1.98293e-05 0.0
1.36711e-05 0.0
3.72366e-06 0.0
-6.54021e-06 0.0
-1.38467e-05 0.0
-1.61431e-05 0.0
-1.31426e-05 0.0
-6.26082e-06 0.0
1.98279e-06 0.0
8.8613e-06 0.0
1.23249e-05 0.0
1.15882e-05 0.0
7.26618e-06 0.0
1.05216e-06 0.0
-4.91808e-06 0.0
-8.7826e-06 0.0
-9.51882e-06 0.0
-7.18865e-06 0.0
-2.81702e-06 0.0
2.02283e-06 0.0
5.76e-06 0.0
7.32276e-06 0.0
6.43032e-06 0.0
3.60375e-06 0.0
-7.567e-08 0.0
-3.36464e-06 0.0
-5.26663e-06 0.0
-5.32204e-06 0.0
-3.70061e-06 0.0
-1.08359e-06 0.0
1.60327e-06 0.0
3.50783e-06 0.0
4.11249e-06 0.0
3.3637e-06 0.0
1.64006e-06 0.0
-4.13274e-07 0.0
-2.1155e-06 0.0
-2.97022e-06 0.0
-2.80095e-06 0.0
-1.7737e-06 0.0
-3.05241e-07 0.0
1.09407e-06 0.0
1.99303e-06 0.0
2.16649e-06 0.0
1.64285e-06 0.0
6.66361e-07 0.0
-4.0466e-07 0.0
-1.22329e-06 0.0
-1.56276e-06 0.0
-1.37417e-06 0.0
-7.79284e-07 0.0
-1.3737e-08 0.0
6.6217e-07 0.0
1.04797e-06 0.0
1.05915e-06 0.0
7.39004e-07 0.0
2.29338e-07 0.0
-2.86149e-07 0.0
-6.46105e-07 0.0
-7.58097e-07 0.0
-6.19562e-07 0.0
-3.06871e-07 0.0
5.9139e-08 0.0
3.56929e-07 0.0
5.03147e-07 0.0
4.72879e-07 0.0
3.00352e-07 0.0
5.89062e-08 0.0
-1.66241e-07 0.0
-3.07336e-07 0.0
-3.32482e-07 0.0
-2.51224e-07 0.0
-1.04308e-07 0.0
5.28526e-08 0.0
1.69501e-07 0.0
2.15601e-07 0.0
1.88127e-07 0.0
1.06869e-07 0.0
5.58794e-09 0.0
-8.07922e-08 0.0
-1.28057e-07 0.0
-1.27824e-07 0.0
-8.84756e-08 0.0
-2.84053e-08 0.0
2.98023e-08 0.0
6.84522e-08 0.0
7.91624e-08 0.0
6.35628e-08 0.0
3.14321e-08 0.0
-4.42378e-09 0.0
-3.18978e-08 0.0
-4.42378e-08 0.0
-4.07454e-08 0.0
-2.53785e-08 0.0
-5.3551e-09 0.0
1.18744e-08 0.0
2.18861e-08 0.0
2.28174e-08 0.0
1.67638e-08 0.0
6.75209e-09 0.0
-2.79397e-09 0.0
-9.08039e-09 0.0
-1.14087e-08 0.0
-9.54606e-09 0.0
-5.58794e-09 0.0
-1.62981e-09 0.0
1.62981e-09 0.0
2.79397e-09 0.0
1.00117e-08 0.0
0 
