# CNSN GD2, v.12 digitizer FIR filter
#      designed by Ken Beverley
#
# coefficients are symmetric, listed in time order
# normalization factor  4294967442.56
#
# fir1_100
# Chebyshev FIR Lowpass Filter Coefficients (calculated using FIR_GEN.BAS)
# Design: Pass = 0.036900  Stop = 0.150000  Ripple =-136.6100  #coeff =  91
# Actual: Pass = 0.037275  Stop = 0.149998  Ripple =-151.2891
# Residual coeff error was  94 but is now 0 after modifying the last 4 coeffs
# ------------------------------
theoretical  1  anti_alias   fir    gsc-mulder
1000 5 45
91
6.10016e-08 0.0
1.26427e-07 0.0
5.47152e-08 0.0
-4.84521e-07 0.0
-1.82516e-06 0.0
-3.84217e-06 0.0
-5.30714e-06 0.0
-3.55579e-06 0.0
4.78514e-06 0.0
2.14705e-05 0.0
4.30769e-05 0.0
5.80491e-05 0.0
4.73992e-05 0.0
-8.12463e-06 0.0
-0.000114215 0.0
-0.000247152 0.0
-0.000345492 0.0
-0.000320575 0.0
-9.21856e-05 0.0
0.000356527 0.0
0.000926668 0.0
0.00138699 0.0
0.00142369 0.0
0.000765053 0.0
-0.000649334 0.0
-0.00252468 0.0
-0.00418216 0.0
-0.00471403 0.0
-0.00332535 0.0
0.000229157 0.0
0.00528878 0.0
0.0102142 0.0
0.0127396 0.0
0.0107425 0.0
0.00323116 0.0
-0.00880331 0.0
-0.0220662 0.0
-0.0314441 0.0
-0.0313056 0.0
-0.017306 0.0
0.0118704 0.0
0.0534711 0.0
0.10081 0.0
0.144681 0.0
0.175702 0.0
0.1869 0.0
0.175702 0.0
0.144681 0.0
0.10081 0.0
0.0534711 0.0
0.0118704 0.0
-0.017306 0.0
-0.0313056 0.0
-0.0314441 0.0
-0.0220662 0.0
-0.00880331 0.0
0.00323116 0.0
0.0107425 0.0
0.0127396 0.0
0.0102142 0.0
0.00528878 0.0
0.000229157 0.0
-0.00332535 0.0
-0.00471403 0.0
-0.00418216 0.0
-0.00252468 0.0
-0.000649334 0.0
0.000765053 0.0
0.00142369 0.0
0.00138699 0.0
0.000926668 0.0
0.000356527 0.0
-9.21856e-05 0.0
-0.000320575 0.0
-0.000345492 0.0
-0.000247152 0.0
-0.000114215 0.0
-8.12463e-06 0.0
4.73992e-05 0.0
5.80491e-05 0.0
4.30769e-05 0.0
2.14705e-05 0.0
4.78514e-06 0.0
-3.55579e-06 0.0
-5.30714e-06 0.0
-3.84217e-06 0.0
-1.82516e-06 0.0
-4.84521e-07 0.0
5.47152e-08 0.0
1.26427e-07 0.0
6.10016e-08 0.0
0
