# CNSN GD2, v.12 digitizer FIR filter file
#      designed by Ken Beverley
# $Id$
#
# coefficients are symmtric, listed in time order 
# type                  ?  
# input sample rate     200  
# decimation factor     5 
# normalization factor  1.0 
# gain factor           1.000000 
theoretical  1  anti_alias   fir    gsc-mulder 
200 5 
699
 1.00117177e-08 0.00000e+00
 2.79396772e-09 0.00000e+00
 1.62981451e-09 0.00000e+00
-1.62981451e-09 0.00000e+00
-5.58793545e-09 0.00000e+00
-9.54605639e-09 0.00000e+00
-1.14087015e-08 0.00000e+00
-9.08039510e-09 0.00000e+00
-2.79396772e-09 0.00000e+00
 6.75208867e-09 0.00000e+00
 1.67638063e-08 0.00000e+00
 2.28174031e-08 0.00000e+00
 2.18860805e-08 0.00000e+00
 1.18743628e-08 0.00000e+00
-5.35510480e-09 0.00000e+00
-2.53785402e-08 0.00000e+00
-4.07453626e-08 0.00000e+00
-4.42378223e-08 0.00000e+00
-3.18977982e-08 0.00000e+00
-4.42378223e-09 0.00000e+00
 3.14321369e-08 0.00000e+00
 6.35627657e-08 0.00000e+00
 7.91624188e-08 0.00000e+00
 6.84522092e-08 0.00000e+00
 2.98023224e-08 0.00000e+00
-2.84053385e-08 0.00000e+00
-8.84756446e-08 0.00000e+00
-1.27824023e-07 0.00000e+00
-1.28056854e-07 0.00000e+00
-8.07922333e-08 0.00000e+00
 5.58793545e-09 0.00000e+00
 1.06869265e-07 0.00000e+00
 1.88127160e-07 0.00000e+00
 2.15601176e-07 0.00000e+00
 1.69500709e-07 0.00000e+00
 5.28525561e-08 0.00000e+00
-1.04308128e-07 0.00000e+00
-2.51224265e-07 0.00000e+00
-3.32482159e-07 0.00000e+00
-3.07336450e-07 0.00000e+00
-1.66241080e-07 0.00000e+00
 5.89061528e-08 0.00000e+00
 3.00351530e-07 0.00000e+00
 4.72879037e-07 0.00000e+00
 5.03147021e-07 0.00000e+00
 3.56929377e-07 0.00000e+00
 5.91389835e-08 0.00000e+00
-3.06870788e-07 0.00000e+00
-6.19562343e-07 0.00000e+00
-7.58096576e-07 0.00000e+00
-6.46105036e-07 0.00000e+00
-2.86148861e-07 0.00000e+00
 2.29338184e-07 0.00000e+00
 7.39004463e-07 0.00000e+00
 1.05914660e-06 0.00000e+00
 1.04797073e-06 0.00000e+00
 6.62170351e-07 0.00000e+00
-1.37370080e-08 0.00000e+00
-7.79284164e-07 0.00000e+00
-1.37416646e-06 0.00000e+00
-1.56275928e-06 0.00000e+00
-1.22329220e-06 0.00000e+00
-4.04659659e-07 0.00000e+00
 6.66361302e-07 0.00000e+00
 1.64285302e-06 0.00000e+00
 2.16648914e-06 0.00000e+00
 1.99303031e-06 0.00000e+00
 1.09407119e-06 0.00000e+00
-3.05240974e-07 0.00000e+00
-1.77370384e-06 0.00000e+00
-2.80095264e-06 0.00000e+00
-2.97022052e-06 0.00000e+00
-2.11549923e-06 0.00000e+00
-4.13274392e-07 0.00000e+00
 1.64005905e-06 0.00000e+00
 3.36370431e-06 0.00000e+00
 4.11248766e-06 0.00000e+00
 3.50782648e-06 0.00000e+00
 1.60327181e-06 0.00000e+00
-1.08359382e-06 0.00000e+00
-3.70061025e-06 0.00000e+00
-5.32204285e-06 0.00000e+00
-5.26662916e-06 0.00000e+00
-3.36463563e-06 0.00000e+00
-7.56699592e-08 0.00000e+00
 3.60375270e-06 0.00000e+00
 6.43031672e-06 0.00000e+00
 7.32275657e-06 0.00000e+00
 5.75999729e-06 0.00000e+00
 2.02283263e-06 0.00000e+00
-2.81701796e-06 0.00000e+00
-7.18864612e-06 0.00000e+00
-9.51881520e-06 0.00000e+00
-8.78260471e-06 0.00000e+00
-4.91808169e-06 0.00000e+00
 1.05216168e-06 0.00000e+00
 7.26617873e-06 0.00000e+00
 1.15882140e-05 0.00000e+00
 1.23248901e-05 0.00000e+00
 8.86130147e-06 0.00000e+00
 1.98278576e-06 0.00000e+00
-6.26081601e-06 0.00000e+00
-1.31425913e-05 0.00000e+00
-1.61430798e-05 0.00000e+00
-1.38466712e-05 0.00000e+00
-6.54021278e-06 0.00000e+00
 3.72366048e-06 0.00000e+00
 1.36711169e-05 0.00000e+00
 1.98292546e-05 0.00000e+00
 1.97128393e-05 0.00000e+00
 1.27793755e-05 0.00000e+00
 7.96280801e-07 0.00000e+00
-1.25579536e-05 0.00000e+00
-2.27948185e-05 0.00000e+00
-2.60968227e-05 0.00000e+00
-2.07002740e-05 0.00000e+00
-7.68993050e-06 0.00000e+00
 9.12160613e-06 0.00000e+00
 2.42723618e-05 0.00000e+00
 3.23934946e-05 0.00000e+00
 3.00738029e-05 0.00000e+00
 1.72087457e-05 0.00000e+00
-2.67871656e-06 0.00000e+00
-2.33415049e-05 0.00000e+00
-3.77346296e-05 0.00000e+00
-4.03758604e-05 0.00000e+00
-2.93708872e-05 0.00000e+00
-7.36513175e-06 0.00000e+00
 1.89887360e-05 0.00000e+00
 4.09935601e-05 0.00000e+00
 5.07335644e-05 0.00000e+00
 4.38650604e-05 0.00000e+00
 2.14024913e-05 0.00000e+00
-1.01989135e-05 0.00000e+00
-4.08268534e-05 0.00000e+00
-5.98975457e-05 0.00000e+00
-5.99580817e-05 0.00000e+00
-3.94943636e-05 0.00000e+00
-3.91737558e-06 0.00000e+00
 3.57562676e-05 0.00000e+00
 6.62524253e-05 0.00000e+00
 7.64231663e-05 0.00000e+00
 6.12360891e-05 0.00000e+00
 2.39652582e-05 0.00000e+00
-2.43007671e-05 0.00000e+00
-6.78750221e-05 0.00000e+00
-9.15050041e-05 0.00000e+00
-8.56323168e-05 0.00000e+00
-5.00897877e-05 0.00000e+00
 5.15067950e-06 0.00000e+00
 6.26514666e-05 0.00000e+00
 1.02934660e-04 0.00000e+00
 1.11002475e-04 0.00000e+00
 8.17917753e-05 0.00000e+00
 2.26155389e-05 0.00000e+00
-4.84555494e-05 0.00000e+00
-1.08012464e-04 0.00000e+00
-1.34932576e-04 0.00000e+00
-1.17760384e-04 0.00000e+00
-5.92928845e-05 0.00000e+00
 2.33885366e-05 0.00000e+00
 1.03767263e-04 0.00000e+00
 1.54299894e-04 0.00000e+00
 1.55747402e-04 0.00000e+00
 1.04303472e-04 0.00000e+00
 1.39337499e-05 0.00000e+00
-8.71969387e-05 0.00000e+00
-1.65383099e-04 0.00000e+00
-1.92503212e-04 0.00000e+00
-1.55974180e-04 0.00000e+00
-6.40593935e-05 0.00000e+00
 5.55857550e-05 0.00000e+00
 1.64074823e-04 0.00000e+00
 2.23810319e-04 0.00000e+00
 2.11367384e-04 0.00000e+00
 1.26376050e-04 0.00000e+00
-6.88666478e-06 0.00000e+00
-1.46198785e-04 0.00000e+00
-2.44627474e-04 0.00000e+00
-2.66199233e-04 0.00000e+00
-1.98817812e-04 0.00000e+00
-5.98572660e-05 0.00000e+00
 1.07925385e-04 0.00000e+00
 2.49364879e-04 0.00000e+00
 3.14875739e-04 0.00000e+00
 2.77638901e-04 0.00000e+00
 1.44088874e-04 0.00000e+00
-4.62697353e-05 0.00000e+00
-2.32295832e-04 0.00000e+00
-3.50679504e-04 0.00000e+00
-3.57303768e-04 0.00000e+00
-2.43349699e-04 0.00000e+00
-4.03621234e-05 0.00000e+00
 1.88090606e-04 0.00000e+00
 3.66117572e-04 0.00000e+00
 4.30526445e-04 0.00000e+00
 3.52984294e-04 0.00000e+00
 1.51622342e-04 0.00000e+00
-1.12456270e-04 0.00000e+00
-3.53442039e-04 0.00000e+00
-4.88496851e-04 0.00000e+00
-4.65985853e-04 0.00000e+00
-2.84718117e-04 0.00000e+00
 2.83587724e-06 0.00000e+00
 3.05328751e-04 0.00000e+00
 5.21314098e-04 0.00000e+00
 5.73031139e-04 0.00000e+00
 4.34021465e-04 0.00000e+00
 1.40883727e-04 0.00000e+00
-2.15682201e-04 0.00000e+00
-5.18631889e-04 0.00000e+00
-6.62746374e-04 0.00000e+00
-5.90852229e-04 0.00000e+00
-3.15721845e-04 0.00000e+00
 8.05237796e-05 0.00000e+00
 4.70500672e-04 0.00000e+00
 7.22229248e-04 0.00000e+00
 7.43495300e-04 0.00000e+00
 5.15091233e-04 0.00000e+00
 1.01111596e-04 0.00000e+00
-3.68372304e-04 0.00000e+00
-7.37832626e-04 0.00000e+00
-8.77496786e-04 0.00000e+00
-7.28490995e-04 0.00000e+00
-3.26342182e-04 0.00000e+00
 2.06204830e-04 0.00000e+00
 6.96190167e-04 0.00000e+00
 9.76272626e-04 0.00000e+00
 9.41480976e-04 0.00000e+00
 5.87764429e-04 0.00000e+00
 1.84101518e-05 0.00000e+00
-5.85443806e-04 0.00000e+00
-1.02203409e-03 0.00000e+00
-1.13599095e-03 0.00000e+00
-8.73021316e-04 0.00000e+00
-3.03189503e-04 0.00000e+00
 3.96600692e-04 0.00000e+00
 9.97008989e-04 0.00000e+00
 1.29099959e-03 0.00000e+00
 1.16469688e-03 0.00000e+00
 6.40276587e-04 0.00000e+00
-1.24927610e-04 0.00000e+00
-8.84908717e-04 0.00000e+00
-1.38359144e-03 0.00000e+00
-1.44060119e-03 0.00000e+00
-1.01563474e-03 0.00000e+00
-2.28720484e-04 0.00000e+00
 6.72559720e-04 0.00000e+00
 1.39036588e-03 0.00000e+00
 1.67448446e-03 0.00000e+00
 1.40881049e-03 0.00000e+00
 6.56762160e-04 0.00000e+00
-3.51597788e-04 0.00000e+00
-1.28914043e-03 0.00000e+00
-1.83718768e-03 0.00000e+00
-1.79313379e-03 0.00000e+00
-1.14404806e-03 0.00000e+00
-7.99011905e-05 0.00000e+00
 1.06085581e-03 0.00000e+00
 1.89819746e-03 0.00000e+00
 2.13639974e-03 0.00000e+00
 1.66742131e-03 0.00000e+00
 6.15976285e-04 0.00000e+00
-6.91567082e-04 0.00000e+00
-1.82753638e-03 0.00000e+00
-2.40202993e-03 0.00000e+00
-2.19574873e-03 0.00000e+00
-1.24165299e-03 0.00000e+00
 1.74382236e-04 0.00000e+00
 1.59788225e-03 0.00000e+00
 2.55066878e-03 0.00000e+00
 2.69045844e-03 0.00000e+00
 1.93222659e-03 0.00000e+00
 4.88791382e-04 0.00000e+00
-1.18677341e-03 0.00000e+00
-2.54212273e-03 0.00000e+00
-3.10656289e-03 0.00000e+00
-2.65302672e-03 0.00000e+00
-1.28582749e-03 0.00000e+00
 5.78742474e-04 0.00000e+00
 2.33749347e-03 0.00000e+00
 3.39408661e-03 0.00000e+00
 3.35966772e-03 0.00000e+00
 2.19338713e-03 0.00000e+00
 2.32796650e-04 0.00000e+00
-1.90131553e-03 0.00000e+00
-3.49973608e-03 0.00000e+00
-3.99871892e-03 0.00000e+00
-3.17640486e-03 0.00000e+00
-1.24407839e-03 0.00000e+00
 1.20344479e-03 0.00000e+00
 3.36856162e-03 0.00000e+00
 4.50861244e-03 0.00000e+00
 4.18802281e-03 0.00000e+00
 2.44007935e-03 0.00000e+00
-2.20394228e-04 0.00000e+00
-2.94522173e-03 0.00000e+00
-4.82045207e-03 0.00000e+00
-5.16981608e-03 0.00000e+00
-3.79429874e-03 0.00000e+00
-1.06429169e-03 0.00000e+00
 2.17425707e-03 0.00000e+00
 4.85813222e-03 0.00000e+00
 6.05194783e-03 0.00000e+00
 5.26929158e-03 0.00000e+00
 2.66119628e-03 0.00000e+00
-9.98400385e-04 0.00000e+00
-4.53669531e-03 0.00000e+00
-6.75252895e-03 0.00000e+00
-6.81797601e-03 0.00000e+00
-4.57870285e-03 0.00000e+00
-6.46860339e-04 0.00000e+00
 3.75688425e-03 0.00000e+00
 7.17469910e-03 0.00000e+00
 8.38567037e-03 0.00000e+00
 6.83108019e-03 0.00000e+00
 2.84613692e-03 0.00000e+00
-2.39152485e-03 0.00000e+00
-7.19819707e-03 0.00000e+00
-9.91275674e-03 0.00000e+00
-9.45536746e-03 0.00000e+00
-5.73305017e-03 0.00000e+00
 2.53246864e-04 0.00000e+00
 6.65747118e-03 0.00000e+00
 1.13378128e-02 0.00000e+00
 1.25486327e-02 0.00000e+00
 9.55853704e-03 0.00000e+00
 2.98560993e-03 0.00000e+00
-5.28365141e-03 0.00000e+00
-1.26010149e-02 0.00000e+00
-1.63615851e-02 0.00000e+00
-1.48735456e-02 0.00000e+00
-8.01818166e-03 0.00000e+00
 2.53160298e-03 0.00000e+00
 1.36475796e-02 0.00000e+00
 2.15875709e-02 0.00000e+00
 2.31316814e-02 0.00000e+00
 1.66943315e-02 0.00000e+00
 3.07237147e-03 0.00000e+00
-1.44310023e-02 0.00000e+00
-3.06045506e-02 0.00000e+00
-3.95453661e-02 0.00000e+00
-3.62039239e-02 0.00000e+00
-1.78547797e-02 0.00000e+00
 1.49158644e-02 0.00000e+00
 5.80057267e-02 0.00000e+00
 1.04477827e-01 0.00000e+00
 1.45996607e-01 0.00000e+00
 1.74681518e-01 0.00000e+00
 1.84920000e-01 0.00000e+00
 1.74681518e-01 0.00000e+00
 1.45996607e-01 0.00000e+00
 1.04477827e-01 0.00000e+00
 5.80057267e-02 0.00000e+00
 1.49158644e-02 0.00000e+00
-1.78547797e-02 0.00000e+00
-3.62039239e-02 0.00000e+00
-3.95453661e-02 0.00000e+00
-3.06045506e-02 0.00000e+00
-1.44310023e-02 0.00000e+00
 3.07237147e-03 0.00000e+00
 1.66943315e-02 0.00000e+00
 2.31316814e-02 0.00000e+00
 2.15875709e-02 0.00000e+00
 1.36475796e-02 0.00000e+00
 2.53160298e-03 0.00000e+00
-8.01818166e-03 0.00000e+00
-1.48735456e-02 0.00000e+00
-1.63615851e-02 0.00000e+00
-1.26010149e-02 0.00000e+00
-5.28365141e-03 0.00000e+00
 2.98560993e-03 0.00000e+00
 9.55853704e-03 0.00000e+00
 1.25486327e-02 0.00000e+00
 1.13378128e-02 0.00000e+00
 6.65747118e-03 0.00000e+00
 2.53246864e-04 0.00000e+00
-5.73305017e-03 0.00000e+00
-9.45536746e-03 0.00000e+00
-9.91275674e-03 0.00000e+00
-7.19819707e-03 0.00000e+00
-2.39152485e-03 0.00000e+00
 2.84613692e-03 0.00000e+00
 6.83108019e-03 0.00000e+00
 8.38567037e-03 0.00000e+00
 7.17469910e-03 0.00000e+00
 3.75688425e-03 0.00000e+00
-6.46860339e-04 0.00000e+00
-4.57870285e-03 0.00000e+00
-6.81797601e-03 0.00000e+00
-6.75252895e-03 0.00000e+00
-4.53669531e-03 0.00000e+00
-9.98400385e-04 0.00000e+00
 2.66119628e-03 0.00000e+00
 5.26929158e-03 0.00000e+00
 6.05194783e-03 0.00000e+00
 4.85813222e-03 0.00000e+00
 2.17425707e-03 0.00000e+00
-1.06429169e-03 0.00000e+00
-3.79429874e-03 0.00000e+00
-5.16981608e-03 0.00000e+00
-4.82045207e-03 0.00000e+00
-2.94522173e-03 0.00000e+00
-2.20394228e-04 0.00000e+00
 2.44007935e-03 0.00000e+00
 4.18802281e-03 0.00000e+00
 4.50861244e-03 0.00000e+00
 3.36856162e-03 0.00000e+00
 1.20344479e-03 0.00000e+00
-1.24407839e-03 0.00000e+00
-3.17640486e-03 0.00000e+00
-3.99871892e-03 0.00000e+00
-3.49973608e-03 0.00000e+00
-1.90131553e-03 0.00000e+00
 2.32796650e-04 0.00000e+00
 2.19338713e-03 0.00000e+00
 3.35966772e-03 0.00000e+00
 3.39408661e-03 0.00000e+00
 2.33749347e-03 0.00000e+00
 5.78742474e-04 0.00000e+00
-1.28582749e-03 0.00000e+00
-2.65302672e-03 0.00000e+00
-3.10656289e-03 0.00000e+00
-2.54212273e-03 0.00000e+00
-1.18677341e-03 0.00000e+00
 4.88791382e-04 0.00000e+00
 1.93222659e-03 0.00000e+00
 2.69045844e-03 0.00000e+00
 2.55066878e-03 0.00000e+00
 1.59788225e-03 0.00000e+00
 1.74382236e-04 0.00000e+00
-1.24165299e-03 0.00000e+00
-2.19574873e-03 0.00000e+00
-2.40202993e-03 0.00000e+00
-1.82753638e-03 0.00000e+00
-6.91567082e-04 0.00000e+00
 6.15976285e-04 0.00000e+00
 1.66742131e-03 0.00000e+00
 2.13639974e-03 0.00000e+00
 1.89819746e-03 0.00000e+00
 1.06085581e-03 0.00000e+00
-7.99011905e-05 0.00000e+00
-1.14404806e-03 0.00000e+00
-1.79313379e-03 0.00000e+00
-1.83718768e-03 0.00000e+00
-1.28914043e-03 0.00000e+00
-3.51597788e-04 0.00000e+00
 6.56762160e-04 0.00000e+00
 1.40881049e-03 0.00000e+00
 1.67448446e-03 0.00000e+00
 1.39036588e-03 0.00000e+00
 6.72559720e-04 0.00000e+00
-2.28720484e-04 0.00000e+00
-1.01563474e-03 0.00000e+00
-1.44060119e-03 0.00000e+00
-1.38359144e-03 0.00000e+00
-8.84908717e-04 0.00000e+00
-1.24927610e-04 0.00000e+00
 6.40276587e-04 0.00000e+00
 1.16469688e-03 0.00000e+00
 1.29099959e-03 0.00000e+00
 9.97008989e-04 0.00000e+00
 3.96600692e-04 0.00000e+00
-3.03189503e-04 0.00000e+00
-8.73021316e-04 0.00000e+00
-1.13599095e-03 0.00000e+00
-1.02203409e-03 0.00000e+00
-5.85443806e-04 0.00000e+00
 1.84101518e-05 0.00000e+00
 5.87764429e-04 0.00000e+00
 9.41480976e-04 0.00000e+00
 9.76272626e-04 0.00000e+00
 6.96190167e-04 0.00000e+00
 2.06204830e-04 0.00000e+00
-3.26342182e-04 0.00000e+00
-7.28490995e-04 0.00000e+00
-8.77496786e-04 0.00000e+00
-7.37832626e-04 0.00000e+00
-3.68372304e-04 0.00000e+00
 1.01111596e-04 0.00000e+00
 5.15091233e-04 0.00000e+00
 7.43495300e-04 0.00000e+00
 7.22229248e-04 0.00000e+00
 4.70500672e-04 0.00000e+00
 8.05237796e-05 0.00000e+00
-3.15721845e-04 0.00000e+00
-5.90852229e-04 0.00000e+00
-6.62746374e-04 0.00000e+00
-5.18631889e-04 0.00000e+00
-2.15682201e-04 0.00000e+00
 1.40883727e-04 0.00000e+00
 4.34021465e-04 0.00000e+00
 5.73031139e-04 0.00000e+00
 5.21314098e-04 0.00000e+00
 3.05328751e-04 0.00000e+00
 2.83587724e-06 0.00000e+00
-2.84718117e-04 0.00000e+00
-4.65985853e-04 0.00000e+00
-4.88496851e-04 0.00000e+00
-3.53442039e-04 0.00000e+00
-1.12456270e-04 0.00000e+00
 1.51622342e-04 0.00000e+00
 3.52984294e-04 0.00000e+00
 4.30526445e-04 0.00000e+00
 3.66117572e-04 0.00000e+00
 1.88090606e-04 0.00000e+00
-4.03621234e-05 0.00000e+00
-2.43349699e-04 0.00000e+00
-3.57303768e-04 0.00000e+00
-3.50679504e-04 0.00000e+00
-2.32295832e-04 0.00000e+00
-4.62697353e-05 0.00000e+00
 1.44088874e-04 0.00000e+00
 2.77638901e-04 0.00000e+00
 3.14875739e-04 0.00000e+00
 2.49364879e-04 0.00000e+00
 1.07925385e-04 0.00000e+00
-5.98572660e-05 0.00000e+00
-1.98817812e-04 0.00000e+00
-2.66199233e-04 0.00000e+00
-2.44627474e-04 0.00000e+00
-1.46198785e-04 0.00000e+00
-6.88666478e-06 0.00000e+00
 1.26376050e-04 0.00000e+00
 2.11367384e-04 0.00000e+00
 2.23810319e-04 0.00000e+00
 1.64074823e-04 0.00000e+00
 5.55857550e-05 0.00000e+00
-6.40593935e-05 0.00000e+00
-1.55974180e-04 0.00000e+00
-1.92503212e-04 0.00000e+00
-1.65383099e-04 0.00000e+00
-8.71969387e-05 0.00000e+00
 1.39337499e-05 0.00000e+00
 1.04303472e-04 0.00000e+00
 1.55747402e-04 0.00000e+00
 1.54299894e-04 0.00000e+00
 1.03767263e-04 0.00000e+00
 2.33885366e-05 0.00000e+00
-5.92928845e-05 0.00000e+00
-1.17760384e-04 0.00000e+00
-1.34932576e-04 0.00000e+00
-1.08012464e-04 0.00000e+00
-4.84555494e-05 0.00000e+00
 2.26155389e-05 0.00000e+00
 8.17917753e-05 0.00000e+00
 1.11002475e-04 0.00000e+00
 1.02934660e-04 0.00000e+00
 6.26514666e-05 0.00000e+00
 5.15067950e-06 0.00000e+00
-5.00897877e-05 0.00000e+00
-8.56323168e-05 0.00000e+00
-9.15050041e-05 0.00000e+00
-6.78750221e-05 0.00000e+00
-2.43007671e-05 0.00000e+00
 2.39652582e-05 0.00000e+00
 6.12360891e-05 0.00000e+00
 7.64231663e-05 0.00000e+00
 6.62524253e-05 0.00000e+00
 3.57562676e-05 0.00000e+00
-3.91737558e-06 0.00000e+00
-3.94943636e-05 0.00000e+00
-5.99580817e-05 0.00000e+00
-5.98975457e-05 0.00000e+00
-4.08268534e-05 0.00000e+00
-1.01989135e-05 0.00000e+00
 2.14024913e-05 0.00000e+00
 4.38650604e-05 0.00000e+00
 5.07335644e-05 0.00000e+00
 4.09935601e-05 0.00000e+00
 1.89887360e-05 0.00000e+00
-7.36513175e-06 0.00000e+00
-2.93708872e-05 0.00000e+00
-4.03758604e-05 0.00000e+00
-3.77346296e-05 0.00000e+00
-2.33415049e-05 0.00000e+00
-2.67871656e-06 0.00000e+00
 1.72087457e-05 0.00000e+00
 3.00738029e-05 0.00000e+00
 3.23934946e-05 0.00000e+00
 2.42723618e-05 0.00000e+00
 9.12160613e-06 0.00000e+00
-7.68993050e-06 0.00000e+00
-2.07002740e-05 0.00000e+00
-2.60968227e-05 0.00000e+00
-2.27948185e-05 0.00000e+00
-1.25579536e-05 0.00000e+00
 7.96280801e-07 0.00000e+00
 1.27793755e-05 0.00000e+00
 1.97128393e-05 0.00000e+00
 1.98292546e-05 0.00000e+00
 1.36711169e-05 0.00000e+00
 3.72366048e-06 0.00000e+00
-6.54021278e-06 0.00000e+00
-1.38466712e-05 0.00000e+00
-1.61430798e-05 0.00000e+00
-1.31425913e-05 0.00000e+00
-6.26081601e-06 0.00000e+00
 1.98278576e-06 0.00000e+00
 8.86130147e-06 0.00000e+00
 1.23248901e-05 0.00000e+00
 1.15882140e-05 0.00000e+00
 7.26617873e-06 0.00000e+00
 1.05216168e-06 0.00000e+00
-4.91808169e-06 0.00000e+00
-8.78260471e-06 0.00000e+00
-9.51881520e-06 0.00000e+00
-7.18864612e-06 0.00000e+00
-2.81701796e-06 0.00000e+00
 2.02283263e-06 0.00000e+00
 5.75999729e-06 0.00000e+00
 7.32275657e-06 0.00000e+00
 6.43031672e-06 0.00000e+00
 3.60375270e-06 0.00000e+00
-7.56699592e-08 0.00000e+00
-3.36463563e-06 0.00000e+00
-5.26662916e-06 0.00000e+00
-5.32204285e-06 0.00000e+00
-3.70061025e-06 0.00000e+00
-1.08359382e-06 0.00000e+00
 1.60327181e-06 0.00000e+00
 3.50782648e-06 0.00000e+00
 4.11248766e-06 0.00000e+00
 3.36370431e-06 0.00000e+00
 1.64005905e-06 0.00000e+00
-4.13274392e-07 0.00000e+00
-2.11549923e-06 0.00000e+00
-2.97022052e-06 0.00000e+00
-2.80095264e-06 0.00000e+00
-1.77370384e-06 0.00000e+00
-3.05240974e-07 0.00000e+00
 1.09407119e-06 0.00000e+00
 1.99303031e-06 0.00000e+00
 2.16648914e-06 0.00000e+00
 1.64285302e-06 0.00000e+00
 6.66361302e-07 0.00000e+00
-4.04659659e-07 0.00000e+00
-1.22329220e-06 0.00000e+00
-1.56275928e-06 0.00000e+00
-1.37416646e-06 0.00000e+00
-7.79284164e-07 0.00000e+00
-1.37370080e-08 0.00000e+00
 6.62170351e-07 0.00000e+00
 1.04797073e-06 0.00000e+00
 1.05914660e-06 0.00000e+00
 7.39004463e-07 0.00000e+00
 2.29338184e-07 0.00000e+00
-2.86148861e-07 0.00000e+00
-6.46105036e-07 0.00000e+00
-7.58096576e-07 0.00000e+00
-6.19562343e-07 0.00000e+00
-3.06870788e-07 0.00000e+00
 5.91389835e-08 0.00000e+00
 3.56929377e-07 0.00000e+00
 5.03147021e-07 0.00000e+00
 4.72879037e-07 0.00000e+00
 3.00351530e-07 0.00000e+00
 5.89061528e-08 0.00000e+00
-1.66241080e-07 0.00000e+00
-3.07336450e-07 0.00000e+00
-3.32482159e-07 0.00000e+00
-2.51224265e-07 0.00000e+00
-1.04308128e-07 0.00000e+00
 5.28525561e-08 0.00000e+00
 1.69500709e-07 0.00000e+00
 2.15601176e-07 0.00000e+00
 1.88127160e-07 0.00000e+00
 1.06869265e-07 0.00000e+00
 5.58793545e-09 0.00000e+00
-8.07922333e-08 0.00000e+00
-1.28056854e-07 0.00000e+00
-1.27824023e-07 0.00000e+00
-8.84756446e-08 0.00000e+00
-2.84053385e-08 0.00000e+00
 2.98023224e-08 0.00000e+00
 6.84522092e-08 0.00000e+00
 7.91624188e-08 0.00000e+00
 6.35627657e-08 0.00000e+00
 3.14321369e-08 0.00000e+00
-4.42378223e-09 0.00000e+00
-3.18977982e-08 0.00000e+00
-4.42378223e-08 0.00000e+00
-4.07453626e-08 0.00000e+00
-2.53785402e-08 0.00000e+00
-5.35510480e-09 0.00000e+00
 1.18743628e-08 0.00000e+00
 2.18860805e-08 0.00000e+00
 2.28174031e-08 0.00000e+00
 1.67638063e-08 0.00000e+00
 6.75208867e-09 0.00000e+00
-2.79396772e-09 0.00000e+00
-9.08039510e-09 0.00000e+00
-1.14087015e-08 0.00000e+00
-9.54605639e-09 0.00000e+00
-5.58793545e-09 0.00000e+00
-1.62981451e-09 0.00000e+00
 1.62981451e-09 0.00000e+00
 2.79396772e-09 0.00000e+00
 1.00117177e-08 0.00000e+00
0
