# CNSN GD2, v.12 digitizer FIR filter
#      designed by Ken Beverley
#
# coefficients are symmetric, listed in time order
# normalization factor  4294967368.20
#
# fir2_100
# Chebyshev FIR Lowpass Filter Coefficients (calculated using FIR_GEN.BAS)
# Design: Pass = 0.208900  Stop = 0.250000  Ripple =-139.8200  #coeff = 255
# Actual: Pass = 0.208713  Stop = 0.250000  Ripple =-153.0684
# Residual coeff error was  22 but is now 0 after modifying the last 4 coeffs
# ------------------------------
theoretical  1  anti_alias   fir    gsc-mulder
200 2
255
1.30385e-08 0.0
-1.0943e-08 0.0
-2.84053e-08 0.0
1.32713e-08 0.0
6.49597e-08 0.0
-4.42378e-09 0.0
-1.26893e-07 0.0
-3.63216e-08 0.0
2.14437e-07 0.0
1.35507e-07 0.0
-3.17814e-07 0.0
-3.2899e-07 0.0
4.08385e-07 0.0
6.56582e-07 0.0
-4.29573e-07 0.0
-1.15135e-06 0.0
2.89641e-07 0.0
1.8226e-06 0.0
1.40164e-07 0.0
-2.63518e-06 0.0
-1.02026e-06 0.0
3.48128e-06 0.0
2.52458e-06 0.0
-4.15347e-06 0.0
-4.80679e-06 0.0
4.32436e-06 0.0
7.94861e-06 0.0
-3.53972e-06 0.0
-1.18937e-05 0.0
1.234e-06 0.0
1.63701e-05 0.0
3.21772e-06 0.0
-2.08132e-05 0.0
-1.04101e-05 0.0
2.43052e-05 0.0
2.07731e-05 0.0
-2.55501e-05 0.0
-3.43993e-05 0.0
2.29056e-05 0.0
5.0846e-05 0.0
-1.44942e-05 0.0
-6.89353e-05 0.0
-1.59279e-06 0.0
8.65892e-05 0.0
2.69888e-05 0.0
-0.000100737 0.0
-6.26587e-05 0.0
0.000107347 0.0
0.00010844 0.0
-0.000101625 0.0
-0.00016257 0.0
7.84073e-05 0.0
0.000221267 0.0
-3.27681e-05 0.0
-0.000278448 0.0
-3.917e-05 0.0
0.000325671 0.0
0.000139282 0.0
-0.000352401 0.0
-0.000266414 0.0
0.00034665 0.0
0.000415423 0.0
-0.000296043 0.0
-0.00057642 0.0
0.000189288 0.0
0.000734386 0.0
-1.79848e-05 0.0
-0.000869337 0.0
-0.000221362 0.0
0.000957148 0.0
0.000525336 0.0
-0.000971158 0.0
-0.000881841 0.0
0.000884525 0.0
0.00126887 0.0
-0.000673293 0.0
-0.00165407 0.0
0.000319942 0.0
0.00199541 0.0
0.000182822 0.0
-0.00224305 0.0
-0.000828448 0.0
0.00234256 0.0
0.00159349 0.0
-0.00223942 0.0
-0.00243561 0.0
0.00188456 0.0
0.00329301 0.0
-0.00124061 0.0
-0.00408565 0.0
0.000288392 0.0
0.00471847 0.0
0.000966966 0.0
-0.00508656 0.0
-0.00249089 0.0
0.00508215 0.0
0.00421576 0.0
-0.00460303 0.0
-0.00603937 0.0
0.00356165 0.0
0.00782557 0.0
-0.00189437 0.0
-0.00940731 0.0
-0.000430166 0.0
0.0105913 0.0
0.00340436 0.0
-0.0111635 0.0
 -0.00697744 0.0
0.010894 0.0
0.0110543 0.0
-0.00953731 0.0
-0.015498 0.0
0.00682379 0.0
0.0201353 0.0
-0.00243015 0.0
-0.0247664 0.0
-0.00409589 0.0
0.0291764 0.0
0.0135263 0.0
-0.0331492 0.0
-0.0274832 0.0
0.0364821 0.0
0.0502501 0.0
-0.039 0.0
-0.0978238 0.0
0.0405677 0.0
0.315511 0.0
0.4589 0.0
0.315511 0.0
0.0405677 0.0
-0.0978238 0.0
-0.039 0.0
0.0502501 0.0
0.0364821 0.0
-0.0274832 0.0
-0.0331492 0.0
0.0135263 0.0
0.0291764 0.0
-0.00409589 0.0
-0.0247664 0.0
-0.00243015 0.0
0.0201353 0.0
0.00682379 0.0
-0.015498 0.0
-0.00953731 0.0
0.0110543 0.0
0.010894 0.0
-0.00697744 0.0
-0.0111635 0.0
0.00340436 0.0
0.0105913 0.0
-0.000430166 0.0
-0.00940731 0.0
-0.00189437 0.0
0.00782557 0.0
0.00356165 0.0
-0.00603937 0.0
-0.00460303 0.0
0.00421576 0.0
0.00508215 0.0
-0.00249089 0.0
-0.00508656 0.0
0.000966966 0.0
0.00471847 0.0
0.000288392 0.0
-0.00408565 0.0
-0.00124061 0.0
0.00329301 0.0
0.00188456 0.0
-0.00243561 0.0
-0.00223942 0.0
0.00159349 0.0
0.00234256 0.0
-0.000828448 0.0
-0.00224305 0.0
0.000182822 0.0
0.00199541 0.0
0.000319942 0.0
-0.00165407 0.0
-0.000673293 0.0
0.00126887 0.0
0.000884525 0.0
-0.000881841 0.0
-0.000971158 0.0
0.000525336 0.0
0.000957148 0.0
-0.000221362 0.0
-0.000869337 0.0
-1.79848e-05 0.0
0.000734386 0.0
0.000189288 0.0
-0.00057642 0.0
-0.000296043 0.0
0.000415423 0.0
0.00034665 0.0
-0.000266414 0.0
-0.000352401 0.0
0.000139282 0.0
0.000325671 0.0
-3.917e-05 0.0
-0.000278448 0.0
-3.27681e-05 0.0
0.000221267 0.0
7.84073e-05 0.0
-0.00016257 0.0
-0.000101625 0.0
0.00010844 0.0
0.000107347 0.0
-6.26587e-05 0.0
-0.000100737 0.0
2.69888e-05 0.0
8.65892e-05 0.0
-1.59279e-06 0.0
-6.89353e-05 0.0
-1.44942e-05 0.0
5.0846e-05 0.0
2.29056e-05 0.0
-3.43993e-05 0.0
-2.55501e-05 0.0
2.07731e-05 0.0
2.43052e-05 0.0
-1.04101e-05 0.0
-2.08132e-05 0.0
3.21772e-06 0.0
1.63701e-05 0.0
1.234e-06 0.0
-1.18937e-05 0.0
-3.53972e-06 0.0
7.94861e-06 0.0
4.32436e-06 0.0
-4.80679e-06 0.0
-4.15347e-06 0.0
2.52458e-06 0.0
3.48128e-06 0.0
-1.02026e-06 0.0
-2.63518e-06 0.0
1.40164e-07 0.0
1.8226e-06 0.0
2.89641e-07 0.0
-1.15135e-06 0.0
-4.29573e-07 0.0
6.56582e-07 0.0
4.08385e-07 0.0
-3.2899e-07 0.0
-3.17814e-07 0.0
1.35507e-07 0.0
2.14437e-07 0.0
-3.63216e-08 0.0
-1.26893e-07 0.0
-4.42378e-09 0.0
6.49597e-08 0.0
1.32713e-08 0.0
-2.84053e-08 0.0
-1.0943e-08 0.0
1.30385e-08 0.0
0
