# CNSN GD2, v.12 digitizer FIR filter
#      designed by Ken Beverley
#
# coefficients are symmetric, listed in time order
# normalization factor  4294967334.64
#
# fir1_20
# Chebyshev FIR Lowpass Filter Coefficients (calculated using FIR_GEN.BAS)
# Design: Pass = 0.010600  Stop = 0.090000  Ripple =-138.5000  #coeff = 131
# Actual: Pass = 0.010129  Stop = 0.089993  Ripple =-151.9554
# Residual coeff error was -14 but is now 0 after modifying the last 4 coeffs
# ------------------------------
theoretical  1  anti_alias   fir    gsc-mulder
1000 10 65
131
3.46918e-08 0.0
7.2876e-08 0.0
1.32946e-07 0.0
1.93017e-07 0.0
2.06754e-07 0.0
9.31323e-08 0.0
-2.65194e-07 0.0
-1.00816e-06 0.0
-2.26544e-06 0.0
-4.09805e-06 0.0
-6.4217e-06 0.0
-8.91741e-06 0.0
-1.09521e-05 0.0
-1.15386e-05 0.0
-9.36864e-06 0.0
-2.95183e-06 0.0
9.11159e-06 0.0
2.7729e-05 0.0
5.28074e-05 0.0
8.27173e-05 0.0
0.00011383 0.0
0.000140274 0.0
0.000154069 0.0
0.000145758 0.0
0.000105641 0.0
2.55867e-05 0.0
-9.87041e-05 0.0
-0.000265256 0.0
-0.000463606 0.0
-0.000673328 0.0
-0.000863823 0.0
-0.000995864 0.0
-0.0010252 0.0
-0.000908266 0.0
-0.000609615 0.0
-0.000110453 0.0
0.000582967 0.0
0.00143241 0.0
0.0023638 0.0
0.00326775 0.0
0.00400581 0.0
0.00442263 0.0
0.00436389 0.0
0.0036987 0.0
0.00234415 0.0
0.000289146 0.0
-0.00238594 0.0
-0.00549739 0.0
-0.00875688 0.0
-0.0117832 0.0
-0.0141272 0.0
-0.0153093 0.0
-0.0148667 0.0
-0.0124055 0.0
-0.00765282 0.0
-0.000501421 0.0
0.00895743 0.0
0.0204195 0.0
0.0333742 0.0
0.0471327 0.0
0.0608777 0.0
0.0737285 0.0
0.0848167 0.0
0.0933647 0.0
0.0987572 0.0
0.1006 0.0
0.0987572 0.0
0.0933647 0.0
0.0848167 0.0
0.0737285 0.0
0.0608777 0.0
0.0471327 0.0
0.0333742 0.0
0.0204195 0.0
0.00895743 0.0
-0.000501421 0.0
-0.00765282 0.0
-0.0124055 0.0
-0.0148667 0.0
-0.0153093 0.0
-0.0141272 0.0
-0.0117832 0.0
-0.00875688 0.0
-0.00549739 0.0
-0.00238594 0.0
0.000289146 0.0
0.00234415 0.0
0.0036987 0.0
0.00436389 0.0
0.00442263 0.0
0.00400581 0.0
0.00326775 0.0
0.0023638 0.0
0.00143241 0.0
0.000582967 0.0
-0.000110453 0.0
-0.000609615 0.0
-0.000908266 0.0
-0.0010252 0.0
-0.000995864 0.0
-0.000863823 0.0
-0.000673328 0.0
-0.000463606 0.0
-0.000265256 0.0
-9.87041e-05 0.0
2.55867e-05 0.0
0.000105641 0.0
0.000145758 0.0
0.000154069 0.0
0.000140274 0.0
0.00011383 0.0
8.27173e-05 0.0
5.28074e-05 0.0
2.7729e-05 0.0
9.11159e-06 0.0
-2.95183e-06 0.0
-9.36864e-06 0.0
-1.15386e-05 0.0
-1.09521e-05 0.0
-8.91741e-06 0.0
-6.4217e-06 0.0
-4.09805e-06 0.0
-2.26544e-06 0.0
-1.00816e-06 0.0
-2.65194e-07 0.0
9.31323e-08 0.0
02.06754e-07 0.0
1.93017e-07 0.0
1.32946e-07 0.0
7.2876e-08 0.0
3.46918e-08 0.0
0
