# IA FIR filter
#      designed by Ken Beverley
#
# coefficients are symmetric, listed in time order
# normalization factor  4.595E+09 
#
#  
theoretical  1  anti_alias   fir    GSC_Koessler
300 3
151
-5.2493862e-06
-2.4584525e-06
2.0370301e-06
8.9290323e-06
1.1629162e-05
3.6326144e-06
-1.3647799e-05
-2.7442746e-05
-2.0888813e-05
1.0693651e-05
4.8450769e-05
5.7460360e-05
1.4740703e-05
-6.1875283e-05
-1.1319522e-04
-7.9190854e-05
4.2825827e-05
1.7270844e-04
1.9216395e-04
4.2619307e-05
-1.9828133e-04
-3.4168205e-04
-2.2486982e-04
1.3054315e-04
4.7990417e-04
5.0908662e-04
9.7520399e-05
-5.1703591e-04
-8.4951488e-04
-5.3104203e-04
3.3283055e-04
1.1306425e-03
1.1527949e-03
1.8834205e-04
-1.1689600e-03
-1.8443674e-03
-1.1008524e-03
7.4692578e-04
2.3675682e-03
2.3324181e-03
3.1775923e-04
-2.3848209e-03
-3.6325264e-03
-2.0778259e-03
1.5294867e-03
4.5610612e-03
4.3612421e-03
4.7808134e-04
-4.5377337e-03
-6.7077312e-03
-3.6909411e-03
2.9569281e-03
8.3668104e-03
7.8082078e-03
6.4991062e-04
-8.3699757e-03
-1.2096556e-02
-6.4439399e-03
5.6578831e-03
1.5376840e-02
1.4152520e-02
8.0508556e-04
-1.6036954e-02
-2.3034973e-02
-1.2089069e-02
1.1886346e-02
3.1967609e-02
3.0008902e-02
9.1365933e-04
-3.9641566e-02
-6.0958519e-02
-3.4904294e-02
4.4831328e-02
1.5442273e-01
2.4924471e-01
2.8666627e-01
2.4924471e-01
1.5442273e-01
4.4831328e-02
-3.4904294e-02
-6.0958519e-02
-3.9641566e-02
9.1365933e-04
3.0008902e-02
3.1967609e-02
1.1886346e-02
-1.2089069e-02
-2.3034973e-02
-1.6036954e-02
8.0508556e-04
1.4152520e-02
1.5376840e-02
5.6578831e-03
-6.4439399e-03
-1.2096556e-02
-8.3699757e-03
6.4991062e-04
7.8082078e-03
8.3668104e-03
2.9569281e-03
-3.6909411e-03
-6.7077312e-03
-4.5377337e-03
4.7808134e-04
4.3612421e-03
4.5610612e-03
1.5294867e-03
-2.0778259e-03
-3.6325264e-03
-2.3848209e-03
3.1775923e-04
2.3324181e-03
2.3675682e-03
7.4692578e-04
-1.1008524e-03
-1.8443674e-03
-1.1689600e-03
1.8834205e-04
1.1527949e-03
1.1306425e-03
3.3283055e-04
-5.3104203e-04
-8.4951488e-04
-5.1703591e-04
9.7520399e-05
5.0908662e-04
4.7990417e-04
1.3054315e-04
-2.2486982e-04
-3.4168205e-04
-1.9828133e-04
4.2619307e-05
1.9216395e-04
1.7270844e-04
4.2825827e-05
-7.9190854e-05
-1.1319522e-04
-6.1875283e-05
1.4740703e-05
5.7460360e-05
4.8450769e-05
1.0693651e-05
-2.0888813e-05
-2.7442746e-05
-1.3647799e-05
3.6326144e-06
1.1629162e-05
8.9290323e-06
2.0370301e-06
-2.4584525e-06
-5.2493862e-06
0
