# CNSN short-period digitizer FIR filter
#      designed by Ken Beverley
#
# coefficients are symmetric, listed in time order 
# normalization factor  1.0?
# spd fir1
#
theoretical  1  anti_alias   fir    GSC_mulder 
1000 5 
59
 1.04238279e-06 0.00000e+00
 2.60630623e-06 0.00000e+00
 3.03029083e-06 0.00000e+00
-3.17650847e-06 0.00000e+00
-2.51096208e-05 0.00000e+00
-7.15481583e-05 0.00000e+00
-1.41363125e-04 0.00000e+00
-2.09913123e-04 0.00000e+00
-2.18095956e-04 0.00000e+00
-7.52245542e-05 0.00000e+00
 3.12913908e-04 0.00000e+00
 9.86870378e-04 0.00000e+00
 1.85871893e-03 0.00000e+00
 2.65010144e-03 0.00000e+00
 2.88695609e-03 0.00000e+00
 1.99171854e-03 0.00000e+00
-5.12421131e-04 0.00000e+00
-4.71729087e-03 0.00000e+00
-1.00501773e-02 0.00000e+00
-1.51188485e-02 0.00000e+00
-1.77960687e-02 0.00000e+00
-1.56020171e-02 0.00000e+00
-6.34431420e-03 0.00000e+00
 1.11346713e-02 0.00000e+00
 3.63316322e-02 0.00000e+00
 6.68128957e-02 0.00000e+00
 9.84575150e-02 0.00000e+00
 1.26218555e-01 0.00000e+00
 1.45235841e-01 0.00000e+00
 1.52001000e-01 0.00000e+00
 1.45235841e-01 0.00000e+00
 1.26218555e-01 0.00000e+00
 9.84575150e-02 0.00000e+00
 6.68128957e-02 0.00000e+00
 3.63316322e-02 0.00000e+00
 1.11346713e-02 0.00000e+00
-6.34431420e-03 0.00000e+00
-1.56020171e-02 0.00000e+00
-1.77960687e-02 0.00000e+00
-1.51188485e-02 0.00000e+00
-1.00501773e-02 0.00000e+00
-4.71729087e-03 0.00000e+00
-5.12421131e-04 0.00000e+00
 1.99171854e-03 0.00000e+00
 2.88695609e-03 0.00000e+00
 2.65010144e-03 0.00000e+00
 1.85871893e-03 0.00000e+00
 9.86870378e-04 0.00000e+00
 3.12913908e-04 0.00000e+00
-7.52245542e-05 0.00000e+00
-2.18095956e-04 0.00000e+00
-2.09913123e-04 0.00000e+00
-1.41363125e-04 0.00000e+00
-7.15481583e-05 0.00000e+00
-2.51096208e-05 0.00000e+00
-3.17650847e-06 0.00000e+00
 3.03029083e-06 0.00000e+00
 2.60630623e-06 0.00000e+00
 1.04238279e-06 0.00000e+00
0
