# CNSN short-period digitizer spd_100sps_dec2_fir2 FIR filter file
#      designed by Ken Beverley
# version:      $Revision$Date: 2007/05/26 22:51:26
#
# coefficients are symmtric, listed in time order 
# type                  ?  
# input sample rate     200  
# decimation factor     2 
# normalization factor  1.0 
# gain factor           1.000000 
theoretical  1  anti_alias   fir    gsc-mulder 
200 2 
115
 1.07102096e-07 0.00000e+00
-5.23868948e-07 0.00000e+00
-6.87781722e-07 0.00000e+00
 1.25286169e-06 0.00000e+00
 3.02703120e-06 0.00000e+00
-9.13627446e-07 0.00000e+00
-7.91624189e-06 0.00000e+00
-3.62121500e-06 0.00000e+00
 1.43167563e-05 0.00000e+00
 1.71691645e-05 0.00000e+00
-1.64534431e-05 0.00000e+00
-4.33106907e-05 0.00000e+00
 1.89966522e-06 0.00000e+00
 7.83482101e-05 0.00000e+00
 4.64902260e-05 0.00000e+00
-1.03696948e-04 0.00000e+00
-1.41711906e-04 0.00000e+00
 8.15216918e-05 0.00000e+00
 2.76343897e-04 0.00000e+00
 3.92775983e-05 0.00000e+00
-4.03802376e-04 0.00000e+00
-3.00807413e-04 0.00000e+00
 4.28345520e-04 0.00000e+00
 6.98153861e-04 0.00000e+00
-2.18458008e-04 0.00000e+00
-1.13710202e-03 0.00000e+00
-3.45573993e-04 0.00000e+00
 1.41046522e-03 0.00000e+00
 1.29234488e-03 0.00000e+00
-1.22065679e-03 0.00000e+00
-2.47084140e-03 0.00000e+00
 2.67700059e-04 0.00000e+00
 3.49436258e-03 0.00000e+00
 1.60187553e-03 0.00000e+00
-3.76506429e-03 0.00000e+00
-4.22313693e-03 0.00000e+00
 2.61243805e-03 0.00000e+00
 6.98524038e-03 0.00000e+00
 4.58598836e-04 0.00000e+00
-8.82471865e-03 0.00000e+00
-5.46406279e-03 0.00000e+00
 8.39250861e-03 0.00000e+00
 1.16766426e-02 0.00000e+00
-4.39213938e-03 0.00000e+00
-1.75030490e-02 0.00000e+00
-3.98490578e-03 0.00000e+00
 2.05586478e-02 0.00000e+00
 1.66599297e-02 0.00000e+00
-1.78775613e-02 0.00000e+00
-3.24553927e-02 0.00000e+00
 5.94768371e-03 0.00000e+00
 4.91833703e-02 0.00000e+00
 2.05330190e-02 0.00000e+00
-6.40563162e-02 0.00000e+00
-7.73259313e-02 0.00000e+00
 7.43303620e-02 0.00000e+00
 3.08196913e-01 0.00000e+00
 4.22000000e-01 0.00000e+00
 3.08196913e-01 0.00000e+00
 7.43303620e-02 0.00000e+00
-7.73259313e-02 0.00000e+00
-6.40563162e-02 0.00000e+00
 2.05330190e-02 0.00000e+00
 4.91833703e-02 0.00000e+00
 5.94768371e-03 0.00000e+00
-3.24553927e-02 0.00000e+00
-1.78775613e-02 0.00000e+00
 1.66599297e-02 0.00000e+00
 2.05586478e-02 0.00000e+00
-3.98490578e-03 0.00000e+00
-1.75030490e-02 0.00000e+00
-4.39213938e-03 0.00000e+00
 1.16766426e-02 0.00000e+00
 8.39250861e-03 0.00000e+00
-5.46406279e-03 0.00000e+00
-8.82471865e-03 0.00000e+00
 4.58598836e-04 0.00000e+00
 6.98524038e-03 0.00000e+00
 2.61243805e-03 0.00000e+00
-4.22313693e-03 0.00000e+00
-3.76506429e-03 0.00000e+00
 1.60187553e-03 0.00000e+00
 3.49436258e-03 0.00000e+00
 2.67700059e-04 0.00000e+00
-2.47084140e-03 0.00000e+00
-1.22065679e-03 0.00000e+00
 1.29234488e-03 0.00000e+00
 1.41046522e-03 0.00000e+00
-3.45573993e-04 0.00000e+00
-1.13710202e-03 0.00000e+00
-2.18458008e-04 0.00000e+00
 6.98153861e-04 0.00000e+00
 4.28345520e-04 0.00000e+00
-3.00807413e-04 0.00000e+00
-4.03802376e-04 0.00000e+00
 3.92775983e-05 0.00000e+00
 2.76343897e-04 0.00000e+00
 8.15216918e-05 0.00000e+00
-1.41711906e-04 0.00000e+00
-1.03696948e-04 0.00000e+00
 4.64902260e-05 0.00000e+00
 7.83482101e-05 0.00000e+00
 1.89966522e-06 0.00000e+00
-4.33106907e-05 0.00000e+00
-1.64534431e-05 0.00000e+00
 1.71691645e-05 0.00000e+00
 1.43167563e-05 0.00000e+00
-3.62121500e-06 0.00000e+00
-7.91624189e-06 0.00000e+00
-9.13627446e-07 0.00000e+00
 3.02703120e-06 0.00000e+00
 1.25286169e-06 0.00000e+00
-6.87781722e-07 0.00000e+00
-5.23868948e-07 0.00000e+00
 1.07102096e-07 0.00000e+00
0
