# CNSN high-frequency digitizer FIR filter file
#      designed by Ken Beverley
# version:      $Revision$Date: 2007/05/26 22:51:26
#
# coefficients are symmtric, listed in time order 
# type                  ?  
# input sample rate     800  
# decimation factor     4
# normalization factor  1.0 
# gain factor           1.000000 
theoretical  1  anti_alias   fir    gsc-mulder 
800 4 
53
-1.71968766e-06 0.00000e+00
-6.05080462e-06 0.00000e+00
-9.29134251e-06 0.00000e+00
 3.88966992e-06 0.00000e+00
 5.57829797e-05 0.00000e+00
 1.49352056e-04 0.00000e+00
 2.25883046e-04 0.00000e+00
 1.45291023e-04 0.00000e+00
-2.53032505e-04 0.00000e+00
-9.84550755e-04 0.00000e+00
-1.72287325e-03 0.00000e+00
-1.75451634e-03 0.00000e+00
-2.77565877e-04 0.00000e+00
 2.94056997e-03 0.00000e+00
 6.85755886e-03 0.00000e+00
 8.98388723e-03 0.00000e+00
 6.26237370e-03 0.00000e+00
-3.01131372e-03 0.00000e+00
-1.70392218e-02 0.00000e+00
-2.95245561e-02 0.00000e+00
-3.10208445e-02 0.00000e+00
-1.27277865e-02 0.00000e+00
 2.86879120e-02 0.00000e+00
 8.77087879e-02 0.00000e+00
 1.50234916e-01 0.00000e+00
 1.98077086e-01 0.00000e+00
 2.16000066e-01 0.00000e+00
 1.98077086e-01 0.00000e+00
 1.50234916e-01 0.00000e+00
 8.77087879e-02 0.00000e+00
 2.86879120e-02 0.00000e+00
-1.27277865e-02 0.00000e+00
-3.10208445e-02 0.00000e+00
-2.95245561e-02 0.00000e+00
-1.70392218e-02 0.00000e+00
-3.01131372e-03 0.00000e+00
 6.26237370e-03 0.00000e+00
 8.98388723e-03 0.00000e+00
 6.85755886e-03 0.00000e+00
 2.94056997e-03 0.00000e+00
-2.77565877e-04 0.00000e+00
-1.75451634e-03 0.00000e+00
-1.72287325e-03 0.00000e+00
-9.84550755e-04 0.00000e+00
-2.53032505e-04 0.00000e+00
 1.45291023e-04 0.00000e+00
 2.25883046e-04 0.00000e+00
 1.49352056e-04 0.00000e+00
 5.57829797e-05 0.00000e+00
 3.88966992e-06 0.00000e+00
-9.29134251e-06 0.00000e+00
-6.05080462e-06 0.00000e+00
-1.71968766e-06 0.00000e+00
0
