# CNSN Yellowknife short-period FIR filter file
#      designed by Ken Beverley
# version:      $Revision$Date: 2007/05/26 22:51:26
#
# coefficients are symmtric, listed in time order 
# type                  ?  
# input sample rate     80  
# decimation factor     4
# normalization factor  1.0 
# gain factor           1.000000 
theoretical  1  anti_alias   fir    gsc-mulder 
80 4 
359
 1.55065204e-07 0.00000e+00
 1.81607896e-08 0.00000e+00
-7.68341099e-08 0.00000e+00
-1.76951283e-07 0.00000e+00
-2.14204185e-07 0.00000e+00
-1.29453834e-07 0.00000e+00
 8.10250614e-08 0.00000e+00
 3.39467067e-07 0.00000e+00
 5.01051529e-07 0.00000e+00
 4.22820435e-07 0.00000e+00
 5.54136914e-08 0.00000e+00
-4.88478674e-07 0.00000e+00
-9.45292382e-07 0.00000e+00
-1.00862232e-06 0.00000e+00
-5.01982851e-07 0.00000e+00
 4.67989578e-07 0.00000e+00
 1.48499380e-06 0.00000e+00
 1.97114416e-06 0.00000e+00
 1.48033718e-06 0.00000e+00
 0.00000000e+00 0.00000e+00
-1.91386783e-06 0.00000e+00
-3.29501916e-06 0.00000e+00
-3.21213146e-06 0.00000e+00
-1.31130214e-06 0.00000e+00
 1.82492653e-06 0.00000e+00
 4.76371481e-06 0.00000e+00
 5.81657495e-06 0.00000e+00
 3.92552452e-06 0.00000e+00
-5.83939235e-07 0.00000e+00
-5.85243087e-06 0.00000e+00
-9.15955722e-06 0.00000e+00
-8.23708224e-06 0.00000e+00
-2.62958920e-06 0.00000e+00
 5.64847123e-06 0.00000e+00
 1.26757655e-05 0.00000e+00
 1.43679786e-05 0.00000e+00
 8.67899479e-06 0.00000e+00
-2.85264095e-06 0.00000e+00
-1.52043062e-05 0.00000e+00
-2.18930647e-05 0.00000e+00
-1.82045618e-05 0.00000e+00
-4.09036861e-06 0.00000e+00
 1.49025577e-05 0.00000e+00
 2.95536583e-05 0.00000e+00
 3.12430774e-05 0.00000e+00
 1.66888343e-05 0.00000e+00
-9.31834772e-06 0.00000e+00
-3.50275066e-05 0.00000e+00
-4.67686899e-05 0.00000e+00
-3.59076064e-05 0.00000e+00
-4.30829809e-06 0.00000e+00
 3.48701130e-05 0.00000e+00
 6.22598434e-05 0.00000e+00
 6.15175793e-05 0.00000e+00
 2.84644766e-05 0.00000e+00
-2.47405834e-05 0.00000e+00
-7.34147592e-05 0.00000e+00
-9.13813680e-05 0.00000e+00
-6.45122470e-05 0.00000e+00
 0.00000000e+00 0.00000e+00
 7.41835659e-05 0.00000e+00
 1.20838634e-04 0.00000e+00
 1.11646015e-04 0.00000e+00
 4.32739020e-05 0.00000e+00
-5.72702829e-05 0.00000e+00
-1.42397354e-04 0.00000e+00
-1.65835949e-04 0.00000e+00
-1.06903255e-04 0.00000e+00
 1.52071002e-05 0.00000e+00
 1.45957335e-04 0.00000e+00
 2.19005153e-04 0.00000e+00
 1.89028209e-04 0.00000e+00
 5.79766910e-05 0.00000e+00
-1.19769476e-04 0.00000e+00
-2.58750274e-04 0.00000e+00
-2.82603307e-04 0.00000e+00
-1.64628489e-04 0.00000e+00
 5.22336906e-05 0.00000e+00
 2.68915659e-04 0.00000e+00
 3.74352082e-04 0.00000e+00
 3.01160374e-04 0.00000e+00
 6.55120217e-05 0.00000e+00
-2.31250182e-04 0.00000e+00
-4.44616642e-04 0.00000e+00
-4.55989488e-04 0.00000e+00
-2.36444168e-04 0.00000e+00
 1.28231473e-04 0.00000e+00
 4.68473401e-04 0.00000e+00
 6.08272365e-04 0.00000e+00
 4.54394132e-04 0.00000e+00
 5.30760718e-05 0.00000e+00
-4.18398516e-04 0.00000e+00
-7.27990153e-04 0.00000e+00
-7.01308693e-04 0.00000e+00
-3.16532318e-04 0.00000e+00
 2.68490976e-04 0.00000e+00
 7.77865735e-04 0.00000e+00
 9.45750593e-04 0.00000e+00
 6.52451978e-04 0.00000e+00
 0.00000000e+00 0.00000e+00
-7.17377732e-04 0.00000e+00
-1.14335721e-03 0.00000e+00
-1.03402414e-03 0.00000e+00
-3.92462114e-04 0.00000e+00
 5.08812240e-04 0.00000e+00
 1.23981243e-03 0.00000e+00
 1.41554275e-03 0.00000e+00
 8.94930185e-04 0.00000e+00
-1.24899201e-04 0.00000e+00
-1.17656864e-03 0.00000e+00
-1.73333282e-03 0.00000e+00
-1.46943186e-03 0.00000e+00
-4.42821518e-04 0.00000e+00
 8.99142556e-04 0.00000e+00
 1.90996931e-03 0.00000e+00
 2.05183348e-03 0.00000e+00
 1.17610345e-03 0.00000e+00
-3.67301039e-04 0.00000e+00
-1.86197454e-03 0.00000e+00
-2.55317745e-03 0.00000e+00
-2.02394457e-03 0.00000e+00
-4.33992115e-04 0.00000e+00
 1.51064056e-03 0.00000e+00
 2.86513092e-03 0.00000e+00
 2.89972583e-03 0.00000e+00
 1.48436003e-03 0.00000e+00
-7.95028147e-04 0.00000e+00
-2.86959149e-03 0.00000e+00
-3.68259649e-03 0.00000e+00
-2.72011422e-03 0.00000e+00
-3.14292953e-04 0.00000e+00
 2.45182720e-03 0.00000e+00
 4.22358359e-03 0.00000e+00
 4.03010553e-03 0.00000e+00
 1.80251192e-03 0.00000e+00
-1.51583128e-03 0.00000e+00
-4.35614106e-03 0.00000e+00
-5.25620889e-03 0.00000e+00
-3.60059680e-03 0.00000e+00
 0.00000000e+00 0.00000e+00
 3.90988762e-03 0.00000e+00
 6.19841487e-03 0.00000e+00
 5.57937315e-03 0.00000e+00
 2.10909445e-03 0.00000e+00
-2.72521647e-03 0.00000e+00
-6.62313240e-03 0.00000e+00
-7.54797807e-03 0.00000e+00
-4.76708993e-03 0.00000e+00
 6.65209234e-04 0.00000e+00
 6.27123963e-03 0.00000e+00
 9.25518775e-03 0.00000e+00
 7.86828364e-03 0.00000e+00
 2.38056753e-03 0.00000e+00
-4.85885267e-03 0.00000e+00
-1.03886739e-02 0.00000e+00
-1.12493598e-02 0.00000e+00
-6.50971269e-03 0.00000e+00
 2.05593969e-03 0.00000e+00
 1.05595976e-02 0.00000e+00
 1.47006516e-02 0.00000e+00
 1.18584820e-02 0.00000e+00
 2.59413841e-03 0.00000e+00
-9.23828145e-03 0.00000e+00
-1.79841168e-02 0.00000e+00
-1.87499810e-02 0.00000e+00
-9.92877982e-03 0.00000e+00
 5.52772107e-03 0.00000e+00
 2.08561684e-02 0.00000e+00
 2.81647253e-02 0.00000e+00
 2.20664360e-02 0.00000e+00
 2.73075970e-03 0.00000e+00
-2.30926785e-02 0.00000e+00
-4.37894654e-02 0.00000e+00
-4.69336215e-02 0.00000e+00
-2.42420953e-02 0.00000e+00
 2.45130198e-02 0.00000e+00
 9.03068863e-02 0.00000e+00
 1.57071054e-01 0.00000e+00
 2.06684809e-01 0.00000e+00
 2.24999992e-01 0.00000e+00
 2.06684809e-01 0.00000e+00
 1.57071054e-01 0.00000e+00
 9.03068863e-02 0.00000e+00
 2.45130198e-02 0.00000e+00
-2.42420953e-02 0.00000e+00
-4.69336215e-02 0.00000e+00
-4.37894654e-02 0.00000e+00
-2.30926785e-02 0.00000e+00
 2.73075970e-03 0.00000e+00
 2.20664360e-02 0.00000e+00
 2.81647253e-02 0.00000e+00
 2.08561684e-02 0.00000e+00
 5.52772107e-03 0.00000e+00
-9.92877982e-03 0.00000e+00
-1.87499810e-02 0.00000e+00
-1.79841168e-02 0.00000e+00
-9.23828145e-03 0.00000e+00
 2.59413841e-03 0.00000e+00
 1.18584820e-02 0.00000e+00
 1.47006516e-02 0.00000e+00
 1.05595976e-02 0.00000e+00
 2.05593969e-03 0.00000e+00
-6.50971269e-03 0.00000e+00
-1.12493598e-02 0.00000e+00
-1.03886739e-02 0.00000e+00
-4.85885267e-03 0.00000e+00
 2.38056753e-03 0.00000e+00
 7.86828364e-03 0.00000e+00
 9.25518775e-03 0.00000e+00
 6.27123963e-03 0.00000e+00
 6.65209234e-04 0.00000e+00
-4.76708993e-03 0.00000e+00
-7.54797807e-03 0.00000e+00
-6.62313240e-03 0.00000e+00
-2.72521647e-03 0.00000e+00
 2.10909445e-03 0.00000e+00
 5.57937315e-03 0.00000e+00
 6.19841487e-03 0.00000e+00
 3.90988762e-03 0.00000e+00
 0.00000000e+00 0.00000e+00
-3.60059680e-03 0.00000e+00
-5.25620889e-03 0.00000e+00
-4.35614106e-03 0.00000e+00
-1.51583128e-03 0.00000e+00
 1.80251192e-03 0.00000e+00
 4.03010553e-03 0.00000e+00
 4.22358359e-03 0.00000e+00
 2.45182720e-03 0.00000e+00
-3.14292953e-04 0.00000e+00
-2.72011422e-03 0.00000e+00
-3.68259649e-03 0.00000e+00
-2.86959149e-03 0.00000e+00
-7.95028147e-04 0.00000e+00
 1.48436003e-03 0.00000e+00
 2.89972583e-03 0.00000e+00
 2.86513092e-03 0.00000e+00
 1.51064056e-03 0.00000e+00
-4.33992115e-04 0.00000e+00
-2.02394457e-03 0.00000e+00
-2.55317745e-03 0.00000e+00
-1.86197454e-03 0.00000e+00
-3.67301039e-04 0.00000e+00
 1.17610345e-03 0.00000e+00
 2.05183348e-03 0.00000e+00
 1.90996931e-03 0.00000e+00
 8.99142556e-04 0.00000e+00
-4.42821518e-04 0.00000e+00
-1.46943186e-03 0.00000e+00
-1.73333282e-03 0.00000e+00
-1.17656864e-03 0.00000e+00
-1.24899201e-04 0.00000e+00
 8.94930185e-04 0.00000e+00
 1.41554275e-03 0.00000e+00
 1.23981243e-03 0.00000e+00
 5.08812240e-04 0.00000e+00
-3.92462114e-04 0.00000e+00
-1.03402414e-03 0.00000e+00
-1.14335721e-03 0.00000e+00
-7.17377732e-04 0.00000e+00
 0.00000000e+00 0.00000e+00
 6.52451978e-04 0.00000e+00
 9.45750593e-04 0.00000e+00
 7.77865735e-04 0.00000e+00
 2.68490976e-04 0.00000e+00
-3.16532318e-04 0.00000e+00
-7.01308693e-04 0.00000e+00
-7.27990153e-04 0.00000e+00
-4.18398516e-04 0.00000e+00
 5.30760718e-05 0.00000e+00
 4.54394132e-04 0.00000e+00
 6.08272365e-04 0.00000e+00
 4.68473401e-04 0.00000e+00
 1.28231473e-04 0.00000e+00
-2.36444168e-04 0.00000e+00
-4.55989488e-04 0.00000e+00
-4.44616642e-04 0.00000e+00
-2.31250182e-04 0.00000e+00
 6.55120217e-05 0.00000e+00
 3.01160374e-04 0.00000e+00
 3.74352082e-04 0.00000e+00
 2.68915659e-04 0.00000e+00
 5.22336906e-05 0.00000e+00
-1.64628489e-04 0.00000e+00
-2.82603307e-04 0.00000e+00
-2.58750274e-04 0.00000e+00
-1.19769476e-04 0.00000e+00
 5.79766910e-05 0.00000e+00
 1.89028209e-04 0.00000e+00
 2.19005153e-04 0.00000e+00
 1.45957335e-04 0.00000e+00
 1.52071002e-05 0.00000e+00
-1.06903255e-04 0.00000e+00
-1.65835949e-04 0.00000e+00
-1.42397354e-04 0.00000e+00
-5.72702829e-05 0.00000e+00
 4.32739020e-05 0.00000e+00
 1.11646015e-04 0.00000e+00
 1.20838634e-04 0.00000e+00
 7.41835659e-05 0.00000e+00
 0.00000000e+00 0.00000e+00
-6.45122470e-05 0.00000e+00
-9.13813680e-05 0.00000e+00
-7.34147592e-05 0.00000e+00
-2.47405834e-05 0.00000e+00
 2.84644766e-05 0.00000e+00
 6.15175793e-05 0.00000e+00
 6.22598434e-05 0.00000e+00
 3.48701130e-05 0.00000e+00
-4.30829809e-06 0.00000e+00
-3.59076064e-05 0.00000e+00
-4.67686899e-05 0.00000e+00
-3.50275066e-05 0.00000e+00
-9.31834772e-06 0.00000e+00
 1.66888343e-05 0.00000e+00
 3.12430774e-05 0.00000e+00
 2.95536583e-05 0.00000e+00
 1.49025577e-05 0.00000e+00
-4.09036861e-06 0.00000e+00
-1.82045618e-05 0.00000e+00
-2.18930647e-05 0.00000e+00
-1.52043062e-05 0.00000e+00
-2.85264095e-06 0.00000e+00
 8.67899479e-06 0.00000e+00
 1.43679786e-05 0.00000e+00
 1.26757655e-05 0.00000e+00
 5.64847123e-06 0.00000e+00
-2.62958920e-06 0.00000e+00
-8.23708224e-06 0.00000e+00
-9.15955722e-06 0.00000e+00
-5.85243087e-06 0.00000e+00
-5.83939235e-07 0.00000e+00
 3.92552452e-06 0.00000e+00
 5.81657495e-06 0.00000e+00
 4.76371481e-06 0.00000e+00
 1.82492653e-06 0.00000e+00
-1.31130214e-06 0.00000e+00
-3.21213146e-06 0.00000e+00
-3.29501916e-06 0.00000e+00
-1.91386783e-06 0.00000e+00
 0.00000000e+00 0.00000e+00
 1.48033718e-06 0.00000e+00
 1.97114416e-06 0.00000e+00
 1.48499380e-06 0.00000e+00
 4.67989578e-07 0.00000e+00
-5.01982851e-07 0.00000e+00
-1.00862232e-06 0.00000e+00
-9.45292382e-07 0.00000e+00
-4.88478674e-07 0.00000e+00
 5.54136914e-08 0.00000e+00
 4.22820435e-07 0.00000e+00
 5.01051529e-07 0.00000e+00
 3.39467067e-07 0.00000e+00
 8.10250614e-08 0.00000e+00
-1.29453834e-07 0.00000e+00
-2.14204185e-07 0.00000e+00
-1.76951283e-07 0.00000e+00
-7.68341099e-08 0.00000e+00
 1.81607896e-08 0.00000e+00
 1.55065204e-07 0.00000e+00
0
