# CNSN gd1 digitizer FIR filter file
#      designed by Ken Beverley
# version:      $Revision$Date: 2007/05/26 22:51:26
#
# coefficients are symmtric, listed in time order 
# type                  ?  
# input sample rate     800  
# decimation factor     10
# normalization factor  1.0 
# gain factor           1.000000 
theoretical  1  anti_alias   fir    gsc-mulder 
800 10 
111
-3.83239280e-07 0.00000e+00
-6.69621002e-07 0.00000e+00
-1.08918187e-06 0.00000e+00
-1.39046475e-06 0.00000e+00
-1.21071947e-06 0.00000e+00
 0.00000000e+00 0.00000e+00
 2.92807848e-06 0.00000e+00
 8.26176343e-06 0.00000e+00
 1.64532120e-05 0.00000e+00
 2.73925281e-05 0.00000e+00
 4.00324394e-05 0.00000e+00
 5.20437079e-05 0.00000e+00
 5.96186209e-05 0.00000e+00
 5.75478249e-05 0.00000e+00
 3.97032169e-05 0.00000e+00
 0.00000000e+00 0.00000e+00
-6.61509181e-05 0.00000e+00
-1.60014274e-04 0.00000e+00
-2.77569547e-04 0.00000e+00
-4.07794068e-04 0.00000e+00
-5.31658586e-04 0.00000e+00
-6.22333559e-04 0.00000e+00
-6.47044809e-04 0.00000e+00
-5.70827689e-04 0.00000e+00
-3.62150875e-04 0.00000e+00
 0.00000000e+00 0.00000e+00
 5.18390032e-04 0.00000e+00
 1.17034896e-03 0.00000e+00
 1.90258372e-03 0.00000e+00
 2.62950575e-03 0.00000e+00
 3.23642079e-03 0.00000e+00
 3.58844726e-03 0.00000e+00
 3.54531212e-03 0.00000e+00
 2.98125794e-03 0.00000e+00
 1.80827752e-03 0.00000e+00
 0.00000000e+00 0.00000e+00
-2.38716069e-03 0.00000e+00
-5.19922896e-03 0.00000e+00
-8.17969155e-03 0.00000e+00
-1.09769290e-02 0.00000e+00
-1.31653640e-02 0.00000e+00
-1.42798956e-02 0.00000e+00
-1.38612916e-02 0.00000e+00
-1.15083813e-02 0.00000e+00
-6.93139972e-03 0.00000e+00
 0.00000000e+00 0.00000e+00
 9.22061647e-03 0.00000e+00
 2.04511358e-02 0.00000e+00
 3.32011192e-02 0.00000e+00
 4.67951403e-02 0.00000e+00
 6.04208785e-02 0.00000e+00
 7.31951774e-02 0.00000e+00
 8.42415970e-02 0.00000e+00
 9.27712764e-02 0.00000e+00
 9.81581584e-02 0.00000e+00
 1.00000010e-01 0.00000e+00
 9.81581584e-02 0.00000e+00
 9.27712764e-02 0.00000e+00
 8.42415970e-02 0.00000e+00
 7.31951774e-02 0.00000e+00
 6.04208785e-02 0.00000e+00
 4.67951403e-02 0.00000e+00
 3.32011192e-02 0.00000e+00
 2.04511358e-02 0.00000e+00
 9.22061647e-03 0.00000e+00
 0.00000000e+00 0.00000e+00
-6.93139972e-03 0.00000e+00
-1.15083813e-02 0.00000e+00
-1.38612916e-02 0.00000e+00
-1.42798956e-02 0.00000e+00
-1.31653640e-02 0.00000e+00
-1.09769290e-02 0.00000e+00
-8.17969155e-03 0.00000e+00
-5.19922896e-03 0.00000e+00
-2.38716069e-03 0.00000e+00
 0.00000000e+00 0.00000e+00
 1.80827752e-03 0.00000e+00
 2.98125794e-03 0.00000e+00
 3.54531212e-03 0.00000e+00
 3.58844726e-03 0.00000e+00
 3.23642079e-03 0.00000e+00
 2.62950575e-03 0.00000e+00
 1.90258372e-03 0.00000e+00
 1.17034896e-03 0.00000e+00
 5.18390032e-04 0.00000e+00
 0.00000000e+00 0.00000e+00
-3.62150875e-04 0.00000e+00
-5.70827689e-04 0.00000e+00
-6.47044809e-04 0.00000e+00
-6.22333559e-04 0.00000e+00
-5.31658586e-04 0.00000e+00
-4.07794068e-04 0.00000e+00
-2.77569547e-04 0.00000e+00
-1.60014274e-04 0.00000e+00
-6.61509181e-05 0.00000e+00
 0.00000000e+00 0.00000e+00
 3.97032169e-05 0.00000e+00
 5.75478249e-05 0.00000e+00
 5.96186209e-05 0.00000e+00
 5.20437079e-05 0.00000e+00
 4.00324394e-05 0.00000e+00
 2.73925281e-05 0.00000e+00
 1.64532120e-05 0.00000e+00
 8.26176343e-06 0.00000e+00
 2.92807848e-06 0.00000e+00
 0.00000000e+00 0.00000e+00
-1.21071947e-06 0.00000e+00
-1.39046475e-06 0.00000e+00
-1.08918187e-06 0.00000e+00
-6.69621002e-07 0.00000e+00
-3.83239280e-07 0.00000e+00
0

