# CNSN gd1 digitizer FIR filter file
#      designed by Ken Beverley
# coefficients are symmtric, listed in time order 
# type                  ?  
# input sample rate     300  
# decimation factor     5
# normalization factor  1.0 
# gain factor           1.000000 
theoretical  1  anti_alias   fir    gsc-mulder 
300 5 
111
 1.03376877e-07 0.00000e+00
 7.52974821e-07 0.00000e+00
 2.19000654e-06 0.00000e+00
 4.47780202e-06 0.00000e+00
 7.28993248e-06 0.00000e+00
 9.66806631e-06 0.00000e+00
 9.93675306e-06 0.00000e+00
 5.86174832e-06 0.00000e+00
-4.83030786e-06 0.00000e+00
-2.35703936e-05 0.00000e+00
-4.98104252e-05 0.00000e+00
-7.99047380e-05 0.00000e+00
-1.06433480e-04 0.00000e+00
-1.18419610e-04 0.00000e+00
-1.02852076e-04 0.00000e+00
-4.76567403e-05 0.00000e+00
 5.41159325e-05 0.00000e+00
 1.99614696e-04 0.00000e+00
 3.72213102e-04 0.00000e+00
 5.39702735e-04 0.00000e+00
 6.56083213e-04 0.00000e+00
 6.67904498e-04 0.00000e+00
 5.25202964e-04 0.00000e+00
 1.95820951e-04 0.00000e+00
-3.19424771e-04 0.00000e+00
-9.74371304e-04 0.00000e+00
-1.67203437e-03 0.00000e+00
-2.26971896e-03 0.00000e+00
-2.59686580e-03 0.00000e+00
-2.48532401e-03 0.00000e+00
-1.80861851e-03 0.00000e+00
-5.23700740e-04 0.00000e+00
 1.29372064e-03 0.00000e+00
 3.43000799e-03 0.00000e+00
 5.53918499e-03 0.00000e+00
 7.17849546e-03 0.00000e+00
 7.87386096e-03 0.00000e+00
 7.20876486e-03 0.00000e+00
 4.92379688e-03 0.00000e+00
 1.00929639e-03 0.00000e+00
-4.22850729e-03 0.00000e+00
-1.01457802e-02 0.00000e+00
-1.57961717e-02 0.00000e+00
-2.00261779e-02 0.00000e+00
-2.16234061e-02 0.00000e+00
-1.94994485e-02 0.00000e+00
-1.28803365e-02 0.00000e+00
-1.47287835e-03 0.00000e+00
 1.44240336e-02 0.00000e+00
 3.38874777e-02 0.00000e+00
 5.54306521e-02 0.00000e+00
 7.71530500e-02 0.00000e+00
 9.69631264e-02 0.00000e+00
 1.12842690e-01 0.00000e+00
 1.23113769e-01 0.00000e+00
 1.26666754e-01 0.00000e+00
 1.23113769e-01 0.00000e+00
 1.12842690e-01 0.00000e+00
 9.69631264e-02 0.00000e+00
 7.71530500e-02 0.00000e+00
 5.54306521e-02 0.00000e+00
 3.38874777e-02 0.00000e+00
 1.44240336e-02 0.00000e+00
-1.47287835e-03 0.00000e+00
-1.28803365e-02 0.00000e+00
-1.94994485e-02 0.00000e+00
-2.16234061e-02 0.00000e+00
-2.00261779e-02 0.00000e+00
-1.57961717e-02 0.00000e+00
-1.01457802e-02 0.00000e+00
-4.22850729e-03 0.00000e+00
 1.00929639e-03 0.00000e+00
 4.92379688e-03 0.00000e+00
 7.20876486e-03 0.00000e+00
 7.87386096e-03 0.00000e+00
 7.17849546e-03 0.00000e+00
 5.53918499e-03 0.00000e+00
 3.43000799e-03 0.00000e+00
 1.29372064e-03 0.00000e+00
-5.23700740e-04 0.00000e+00
-1.80861851e-03 0.00000e+00
-2.48532401e-03 0.00000e+00
-2.59686580e-03 0.00000e+00
-2.26971896e-03 0.00000e+00
-1.67203437e-03 0.00000e+00
-9.74371304e-04 0.00000e+00
-3.19424771e-04 0.00000e+00
 1.95820951e-04 0.00000e+00
 5.25202964e-04 0.00000e+00
 6.67904498e-04 0.00000e+00
 6.56083213e-04 0.00000e+00
 5.39702735e-04 0.00000e+00
 3.72213102e-04 0.00000e+00
 1.99614696e-04 0.00000e+00
 5.41159325e-05 0.00000e+00
-4.76567403e-05 0.00000e+00
-1.02852076e-04 0.00000e+00
-1.18419610e-04 0.00000e+00
-1.06433480e-04 0.00000e+00
-7.99047380e-05 0.00000e+00
-4.98104252e-05 0.00000e+00
-2.35703936e-05 0.00000e+00
-4.83030786e-06 0.00000e+00
 5.86174832e-06 0.00000e+00
 9.93675306e-06 0.00000e+00
 9.66806631e-06 0.00000e+00
 7.28993248e-06 0.00000e+00
 4.47780202e-06 0.00000e+00
 2.19000654e-06 0.00000e+00
 7.52974821e-07 0.00000e+00
 1.03376877e-07 0.00000e+00
0

