# CNSN broadband digitizer FIR filter file
#      designed by Ken Beverley
#
# coefficients are symmetric, listed in time order 
# normalization factor  1.0?
# yka-bb fir2
#
theoretical  1  anti_alias   fir    GSC_mulder
60 3 
247
 1.76951169e-07 0.00000e+00
 3.90223894e-07 0.00000e+00
 4.52622464e-07 0.00000e+00
 0.00000000e+00 0.00000e+00
-7.83707415e-07 0.00000e+00
-1.18091622e-06 0.00000e+00
-4.85218732e-07 0.00000e+00
 1.15251090e-06 0.00000e+00
 2.42469668e-06 0.00000e+00
 1.74622864e-06 0.00000e+00
-1.11572369e-06 0.00000e+00
-4.14391699e-06 0.00000e+00
-4.22494200e-06 0.00000e+00
 0.00000000e+00 0.00000e+00
 5.96325440e-06 0.00000e+00
 8.26268828e-06 0.00000e+00
 3.14926515e-06 0.00000e+00
-6.99562478e-06 0.00000e+00
-1.38413067e-05 0.00000e+00
-9.42451240e-06 0.00000e+00
 5.71878239e-06 0.00000e+00
 2.02432138e-05 0.00000e+00
 1.97407656e-05 0.00000e+00
 0.00000000e+00 0.00000e+00
-2.57049513e-05 0.00000e+00
-3.43331834e-05 0.00000e+00
-1.26408327e-05 0.00000e+00
 2.71745773e-05 0.00000e+00
 5.21223639e-05 0.00000e+00
 3.44579806e-05 0.00000e+00
-2.03288954e-05 0.00000e+00
-7.00563649e-05 0.00000e+00
-6.65871906e-05 0.00000e+00
 0.00000000e+00 0.00000e+00
 8.26338677e-05 0.00000e+00
 1.07904823e-04 0.00000e+00
 3.88738436e-05 0.00000e+00
-8.18399158e-05 0.00000e+00
-1.53840881e-04 0.00000e+00
-9.97459771e-05 0.00000e+00
 5.77517394e-05 0.00000e+00
 1.95441169e-04 0.00000e+00
 1.82530719e-04 0.00000e+00
 0.00000000e+00 0.00000e+00
-2.19066013e-04 0.00000e+00
-2.81532570e-04 0.00000e+00
-9.98675146e-05 0.00000e+00
 2.07112962e-04 0.00000e+00
 3.83689739e-04 0.00000e+00
 2.45272947e-04 0.00000e+00
-1.40068026e-04 0.00000e+00
-4.67707552e-04 0.00000e+00
-4.31160150e-04 0.00000e+00
 0.00000000e+00 0.00000e+00
 5.04682430e-04 0.00000e+00
 6.40853805e-04 0.00000e+00
 2.24686541e-04 0.00000e+00
-4.60700285e-04 0.00000e+00
-8.44070116e-04 0.00000e+00
-5.33778324e-04 0.00000e+00
 3.01637017e-04 0.00000e+00
 9.96954529e-04 0.00000e+00
 9.09936929e-04 0.00000e+00
 0.00000000e+00 0.00000e+00
-1.04490457e-03 0.00000e+00
-1.31470109e-03 0.00000e+00
-4.56840421e-04 0.00000e+00
 9.28609468e-04 0.00000e+00
 1.68704826e-03 0.00000e+00
 1.05815821e-03 0.00000e+00
-5.93226932e-04 0.00000e+00
-1.94564795e-03 0.00000e+00
-1.76261991e-03 0.00000e+00
 0.00000000e+00 0.00000e+00
 1.99553887e-03 0.00000e+00
 2.49396328e-03 0.00000e+00
 8.61026694e-04 0.00000e+00
-1.73934105e-03 0.00000e+00
-3.14117289e-03 0.00000e+00
-1.95903943e-03 0.00000e+00
 1.09234471e-03 0.00000e+00
 3.56427338e-03 0.00000e+00
 3.21335407e-03 0.00000e+00
 0.00000000e+00 0.00000e+00
-3.60612140e-03 0.00000e+00
-4.48918783e-03 0.00000e+00
-1.54432363e-03 0.00000e+00
 3.10959642e-03 0.00000e+00
 5.59977016e-03 0.00000e+00
 3.48378389e-03 0.00000e+00
-1.93855547e-03 0.00000e+00
-6.31527268e-03 0.00000e+00
-5.68705505e-03 0.00000e+00
 0.00000000e+00 0.00000e+00
 6.37764843e-03 0.00000e+00
 7.94340970e-03 0.00000e+00
 2.73572794e-03 0.00000e+00
-5.51867763e-03 0.00000e+00
-9.96383442e-03 0.00000e+00
-6.22005013e-03 0.00000e+00
 3.47620665e-03 0.00000e+00
 1.13853274e-02 0.00000e+00
 1.03195002e-02 0.00000e+00
 0.00000000e+00 0.00000e+00
-1.17703513e-02 0.00000e+00
-1.48193219e-02 0.00000e+00
-5.16879953e-03 0.00000e+00
 1.05820646e-02 0.00000e+00
 1.94379551e-02 0.00000e+00
 1.23810726e-02 0.00000e+00
-7.08416928e-03 0.00000e+00
-2.38514427e-02 0.00000e+00
-2.23332678e-02 0.00000e+00
 0.00000000e+00 0.00000e+00
 2.77252135e-02 0.00000e+00
 3.69106761e-02 0.00000e+00
 1.37865743e-02 0.00000e+00
-3.07494086e-02 0.00000e+00
-6.30460578e-02 0.00000e+00
-4.64843611e-02 0.00000e+00
 3.26731808e-02 0.00000e+00
 1.51130064e-01 0.00000e+00
 2.57417851e-01 0.00000e+00
 2.99999796e-01 0.00000e+00
 2.57417851e-01 0.00000e+00
 1.51130064e-01 0.00000e+00
 3.26731808e-02 0.00000e+00
-4.64843611e-02 0.00000e+00
-6.30460578e-02 0.00000e+00
-3.07494086e-02 0.00000e+00
 1.37865743e-02 0.00000e+00
 3.69106761e-02 0.00000e+00
 2.77252135e-02 0.00000e+00
 0.00000000e+00 0.00000e+00
-2.23332678e-02 0.00000e+00
-2.38514427e-02 0.00000e+00
-7.08416928e-03 0.00000e+00
 1.23810726e-02 0.00000e+00
 1.94379551e-02 0.00000e+00
 1.05820646e-02 0.00000e+00
-5.16879953e-03 0.00000e+00
-1.48193219e-02 0.00000e+00
-1.17703513e-02 0.00000e+00
 0.00000000e+00 0.00000e+00
 1.03195002e-02 0.00000e+00
 1.13853274e-02 0.00000e+00
 3.47620665e-03 0.00000e+00
-6.22005013e-03 0.00000e+00
-9.96383442e-03 0.00000e+00
-5.51867763e-03 0.00000e+00
 2.73572794e-03 0.00000e+00
 7.94340970e-03 0.00000e+00
 6.37764843e-03 0.00000e+00
 0.00000000e+00 0.00000e+00
-5.68705505e-03 0.00000e+00
-6.31527268e-03 0.00000e+00
-1.93855547e-03 0.00000e+00
 3.48378389e-03 0.00000e+00
 5.59977016e-03 0.00000e+00
 3.10959642e-03 0.00000e+00
-1.54432363e-03 0.00000e+00
-4.48918783e-03 0.00000e+00
-3.60612140e-03 0.00000e+00
 0.00000000e+00 0.00000e+00
 3.21335407e-03 0.00000e+00
 3.56427338e-03 0.00000e+00
 1.09234471e-03 0.00000e+00
-1.95903943e-03 0.00000e+00
-3.14117289e-03 0.00000e+00
-1.73934105e-03 0.00000e+00
 8.61026694e-04 0.00000e+00
 2.49396328e-03 0.00000e+00
 1.99553887e-03 0.00000e+00
 0.00000000e+00 0.00000e+00
-1.76261991e-03 0.00000e+00
-1.94564795e-03 0.00000e+00
-5.93226932e-04 0.00000e+00
 1.05815821e-03 0.00000e+00
 1.68704826e-03 0.00000e+00
 9.28609468e-04 0.00000e+00
-4.56840421e-04 0.00000e+00
-1.31470109e-03 0.00000e+00
-1.04490457e-03 0.00000e+00
 0.00000000e+00 0.00000e+00
 9.09936929e-04 0.00000e+00
 9.96954529e-04 0.00000e+00
 3.01637017e-04 0.00000e+00
-5.33778324e-04 0.00000e+00
-8.44070116e-04 0.00000e+00
-4.60700285e-04 0.00000e+00
 2.24686541e-04 0.00000e+00
 6.40853805e-04 0.00000e+00
 5.04682430e-04 0.00000e+00
 0.00000000e+00 0.00000e+00
-4.31160150e-04 0.00000e+00
-4.67707552e-04 0.00000e+00
-1.40068026e-04 0.00000e+00
 2.45272947e-04 0.00000e+00
 3.83689739e-04 0.00000e+00
 2.07112962e-04 0.00000e+00
-9.98675146e-05 0.00000e+00
-2.81532570e-04 0.00000e+00
-2.19066013e-04 0.00000e+00
 0.00000000e+00 0.00000e+00
 1.82530719e-04 0.00000e+00
 1.95441169e-04 0.00000e+00
 5.77517394e-05 0.00000e+00
-9.97459771e-05 0.00000e+00
-1.53840881e-04 0.00000e+00
-8.18399158e-05 0.00000e+00
 3.88738436e-05 0.00000e+00
 1.07904823e-04 0.00000e+00
 8.26338677e-05 0.00000e+00
 0.00000000e+00 0.00000e+00
-6.65871906e-05 0.00000e+00
-7.00563649e-05 0.00000e+00
-2.03288954e-05 0.00000e+00
 3.44579806e-05 0.00000e+00
 5.21223639e-05 0.00000e+00
 2.71745773e-05 0.00000e+00
-1.26408327e-05 0.00000e+00
-3.43331834e-05 0.00000e+00
-2.57049513e-05 0.00000e+00
 0.00000000e+00 0.00000e+00
 1.97407656e-05 0.00000e+00
 2.02432138e-05 0.00000e+00
 5.71878239e-06 0.00000e+00
-9.42451240e-06 0.00000e+00
-1.38413067e-05 0.00000e+00
-6.99562478e-06 0.00000e+00
 3.14926515e-06 0.00000e+00
 8.26268828e-06 0.00000e+00
 5.96325440e-06 0.00000e+00
 0.00000000e+00 0.00000e+00
-4.22494200e-06 0.00000e+00
-4.14391699e-06 0.00000e+00
-1.11572369e-06 0.00000e+00
 1.74622864e-06 0.00000e+00
 2.42469668e-06 0.00000e+00
 1.15251090e-06 0.00000e+00
-4.85218732e-07 0.00000e+00
-1.18091622e-06 0.00000e+00
-7.83707415e-07 0.00000e+00
 0.00000000e+00 0.00000e+00
 4.52622464e-07 0.00000e+00
 3.90223894e-07 0.00000e+00
 1.76951169e-07 0.00000e+00
0

