# CNSN high-frequency digitizer FIR filter file
#      designed by Ken Beverley
#
# coefficients are symmetric, listed in time order
# normalization factor  1.0?
# yka-hf fir2 (RD3-YK 100sps)
#
theoretical  1  anti_alias   fir    GSC_mulder
200 2 
141
 3.18046484e-07 0.00000e+00
 6.50994121e-07 0.00000e+00
-2.98023060e-07 0.00000e+00
-1.87940792e-06 0.00000e+00
-3.55299367e-07 0.00000e+00
 3.93157608e-06 0.00000e+00
 2.82609680e-06 0.00000e+00
-6.27431673e-06 0.00000e+00
-8.54674256e-06 0.00000e+00
 7.16140100e-06 0.00000e+00
 1.86753356e-05 0.00000e+00
-3.20980149e-06 0.00000e+00
-3.29515715e-05 0.00000e+00
-1.04759762e-05 0.00000e+00
 4.81693740e-05 0.00000e+00
 3.92002769e-05 0.00000e+00
-5.67305521e-05 0.00000e+00
-8.62986306e-05 0.00000e+00
 4.60813500e-05 0.00000e+00
 1.49607576e-04 0.00000e+00
 0.00000000e+00 0.00000e+00
-2.17500489e-04 0.00000e+00
-9.74614568e-05 0.00000e+00
 2.65898968e-04 0.00000e+00
 2.55177588e-04 0.00000e+00
-2.58146643e-04 0.00000e+00
-4.66118310e-04 0.00000e+00
 1.49635981e-04 0.00000e+00
 6.98584213e-04 0.00000e+00
 1.01664979e-04 0.00000e+00
-8.90734115e-04 0.00000e+00
-5.19135215e-04 0.00000e+00
 9.52127797e-04 0.00000e+00
 1.08834389e-03 0.00000e+00
-7.75454139e-04 0.00000e+00
-1.73947119e-03 0.00000e+00
 2.59747586e-04 0.00000e+00
 2.33751453e-03 0.00000e+00
 6.56610925e-04 0.00000e+00
-2.68671560e-03 0.00000e+00
-1.95842780e-03 0.00000e+00
 2.55393934e-03 0.00000e+00
 3.52032335e-03 0.00000e+00
-1.71213736e-03 0.00000e+00
-5.08777703e-03 0.00000e+00
 0.00000000e+00 0.00000e+00
 6.28228047e-03 0.00000e+00
 2.61136839e-03 0.00000e+00
-6.63676772e-03 0.00000e+00
-5.95787678e-03 0.00000e+00
 5.66139459e-03 0.00000e+00
 9.64220502e-03 0.00000e+00
-2.93221303e-03 0.00000e+00
-1.30249828e-02 0.00000e+00
-1.81194202e-03 0.00000e+00
 1.52502912e-02 0.00000e+00
 8.58392839e-03 0.00000e+00
-1.52940331e-02 0.00000e+00
-1.70946018e-02 0.00000e+00
 1.19992405e-02 0.00000e+00
 2.67474551e-02 0.00000e+00
-4.01009305e-03 0.00000e+00
-3.66896031e-02 0.00000e+00
-1.06444114e-02 0.00000e+00
 4.59157474e-02 0.00000e+00
 3.62827881e-02 0.00000e+00
-5.34099335e-02 0.00000e+00
-8.85972014e-02 0.00000e+00
 5.83006009e-02 0.00000e+00
 3.12286389e-01 0.00000e+00
 4.39999758e-01 0.00000e+00
 3.12286389e-01 0.00000e+00
 5.83006009e-02 0.00000e+00
-8.85972014e-02 0.00000e+00
-5.34099335e-02 0.00000e+00
 3.62827881e-02 0.00000e+00
 4.59157474e-02 0.00000e+00
-1.06444114e-02 0.00000e+00
-3.66896031e-02 0.00000e+00
-4.01009305e-03 0.00000e+00
 2.67474551e-02 0.00000e+00
 1.19992405e-02 0.00000e+00
-1.70946018e-02 0.00000e+00
-1.52940331e-02 0.00000e+00
 8.58392839e-03 0.00000e+00
 1.52502912e-02 0.00000e+00
-1.81194202e-03 0.00000e+00
-1.30249828e-02 0.00000e+00
-2.93221303e-03 0.00000e+00
 9.64220502e-03 0.00000e+00
 5.66139459e-03 0.00000e+00
-5.95787678e-03 0.00000e+00
-6.63676772e-03 0.00000e+00
 2.61136839e-03 0.00000e+00
 6.28228047e-03 0.00000e+00
 0.00000000e+00 0.00000e+00
-5.08777703e-03 0.00000e+00
-1.71213736e-03 0.00000e+00
 3.52032335e-03 0.00000e+00
 2.55393934e-03 0.00000e+00
-1.95842780e-03 0.00000e+00
-2.68671560e-03 0.00000e+00
 6.56610925e-04 0.00000e+00
 2.33751453e-03 0.00000e+00
 2.59747586e-04 0.00000e+00
-1.73947119e-03 0.00000e+00
-7.75454139e-04 0.00000e+00
 1.08834389e-03 0.00000e+00
 9.52127797e-04 0.00000e+00
-5.19135215e-04 0.00000e+00
-8.90734115e-04 0.00000e+00
 1.01664979e-04 0.00000e+00
 6.98584213e-04 0.00000e+00
 1.49635981e-04 0.00000e+00
-4.66118310e-04 0.00000e+00
-2.58146643e-04 0.00000e+00
 2.55177588e-04 0.00000e+00
 2.65898968e-04 0.00000e+00
-9.74614568e-05 0.00000e+00
-2.17500489e-04 0.00000e+00
 0.00000000e+00 0.00000e+00
 1.49607576e-04 0.00000e+00
 4.60813500e-05 0.00000e+00
-8.62986306e-05 0.00000e+00
-5.67305521e-05 0.00000e+00
 3.92002769e-05 0.00000e+00
 4.81693740e-05 0.00000e+00
-1.04759762e-05 0.00000e+00
-3.29515715e-05 0.00000e+00
-3.20980149e-06 0.00000e+00
 1.86753356e-05 0.00000e+00
 7.16140100e-06 0.00000e+00
-8.54674256e-06 0.00000e+00
-6.27431673e-06 0.00000e+00
 2.82609680e-06 0.00000e+00
 3.93157608e-06 0.00000e+00
-3.55299367e-07 0.00000e+00
-1.87940792e-06 0.00000e+00
-2.98023060e-07 0.00000e+00
 6.50994121e-07 0.00000e+00
 3.18046484e-07 0.00000e+00
0
