theoretical   1 sensor       paz    seed
7.9539839161e+06 8.0000000000e+00
       3
-1.1799800000e+00  0.0000000000e+00  0.0000000000e+00  0.0000000000e+00
-1.9939500000e+03  1.9939800000e+03  0.0000000000e+00  0.0000000000e+00
-1.9939500000e+03 -1.9939800000e+03  0.0000000000e+00  0.0000000000e+00
       1
 0.0000000000e+00  0.0000000000e+00  0.0000000000e+00  0.0000000000e+00
theoretical   2 FIR_filter   fir    seed
3.2000000000e+04    16               0
     400
 1.0829302037e-06  0.0000000000e+00
 1.7809896928e-06  0.0000000000e+00
 3.2413344308e-06  0.0000000000e+00
 5.4632305507e-06  0.0000000000e+00
 8.6837372813e-06  0.0000000000e+00
 1.3242051170e-05  0.0000000000e+00
 1.9567079249e-05  0.0000000000e+00
 2.8187699771e-05  0.0000000000e+00
 3.9660519521e-05  0.0000000000e+00
 5.4693689108e-05  0.0000000000e+00
 7.4160314191e-05  0.0000000000e+00
 9.8998203335e-05  0.0000000000e+00
 1.3037950548e-04  0.0000000000e+00
 1.6956499066e-04  0.0000000000e+00
 2.1800211994e-04  0.0000000000e+00
 2.7734255400e-04  0.0000000000e+00
 3.4939678804e-04  0.0000000000e+00
 4.3617815574e-04  0.0000000000e+00
 5.3989242836e-04  0.0000000000e+00
 6.6292688370e-04  0.0000000000e+00
 8.0784429558e-04  0.0000000000e+00
 9.7742315751e-04  0.0000000000e+00
 1.1745382618e-03  0.0000000000e+00
 1.4022657390e-03  0.0000000000e+00
 1.6637504962e-03  0.0000000000e+00
 1.9622482303e-03  0.0000000000e+00
 2.3010568424e-03  0.0000000000e+00
 2.6834941349e-03  0.0000000000e+00
 3.1128188054e-03  0.0000000000e+00
 3.5922263453e-03  0.0000000000e+00
 4.1247458309e-03  0.0000000000e+00
 4.7131993199e-03  0.0000000000e+00
 5.3601531462e-03  0.0000000000e+00
 6.0677984099e-03  0.0000000000e+00
 6.8379383755e-03  0.0000000000e+00
 7.6718698612e-03  0.0000000000e+00
 8.5703354348e-03  0.0000000000e+00
 9.5334323052e-03  0.0000000000e+00
 1.0560565518e-02  0.0000000000e+00
 1.1650342947e-02  0.0000000000e+00
 1.2800554889e-02  0.0000000000e+00
 1.4008092061e-02  0.0000000000e+00
 1.5268897094e-02  0.0000000000e+00
 1.6577957529e-02  0.0000000000e+00
 1.7929233816e-02  0.0000000000e+00
 1.9315690313e-02  0.0000000000e+00
 2.0729263283e-02  0.0000000000e+00
 2.2160899902e-02  0.0000000000e+00
 2.3600569254e-02  0.0000000000e+00
 2.5037337341e-02  0.0000000000e+00
 2.6459401086e-02  0.0000000000e+00
 2.7854212345e-02  0.0000000000e+00
 2.9208551911e-02  0.0000000000e+00
 3.0508651529e-02  0.0000000000e+00
 3.1740353906e-02  0.0000000000e+00
 3.2889244728e-02  0.0000000000e+00
 3.3940826671e-02  0.0000000000e+00
 3.4880691422e-02  0.0000000000e+00
 3.5694733693e-02  0.0000000000e+00
 3.6369315240e-02  0.0000000000e+00
 3.6891510884e-02  0.0000000000e+00
 3.7249275526e-02  0.0000000000e+00
 3.7431675167e-02  0.0000000000e+00
 3.7429088931e-02  0.0000000000e+00
 3.7233397077e-02  0.0000000000e+00
 3.6838167017e-02  0.0000000000e+00
 3.6238825335e-02  0.0000000000e+00
 3.5432810796e-02  0.0000000000e+00
 3.4419704363e-02  0.0000000000e+00
 3.3201333202e-02  0.0000000000e+00
 3.1781846692e-02  0.0000000000e+00
 3.0167780429e-02  0.0000000000e+00
 2.8368049226e-02  0.0000000000e+00
 2.6393951114e-02  0.0000000000e+00
 2.4259104337e-02  0.0000000000e+00
 2.1979351338e-02  0.0000000000e+00
 1.9572650757e-02  0.0000000000e+00
 1.7058902409e-02  0.0000000000e+00
 1.4459760270e-02  0.0000000000e+00
 1.1798399455e-02  0.0000000000e+00
 9.0992631928e-03  0.0000000000e+00
 6.3877672030e-03  0.0000000000e+00
 3.6900071665e-03  0.0000000000e+00
 1.0324120946e-03  0.0000000000e+00
-1.5585904017e-03  0.0000000000e+00
-4.0569262432e-03  0.0000000000e+00
-6.4372407169e-03  0.0000000000e+00
-8.6752492068e-03  0.0000000000e+00
-1.0748092628e-02  0.0000000000e+00
-1.2634668754e-02  0.0000000000e+00
-1.4315967151e-02  0.0000000000e+00
-1.5775339300e-02  0.0000000000e+00
-1.6998790925e-02  0.0000000000e+00
-1.7975203010e-02  0.0000000000e+00
-1.8696514821e-02  0.0000000000e+00
-1.9157892916e-02  0.0000000000e+00
-1.9357816156e-02  0.0000000000e+00
-1.9298138711e-02  0.0000000000e+00
-1.8984100059e-02  0.0000000000e+00
-1.8424261981e-02  0.0000000000e+00
-1.7630416553e-02  0.0000000000e+00
-1.6617443132e-02  0.0000000000e+00
-1.5403086337e-02  0.0000000000e+00
-1.4007734029e-02  0.0000000000e+00
-1.2454109280e-02  0.0000000000e+00
-1.0766944348e-02  0.0000000000e+00
-8.9726215383e-03  0.0000000000e+00
-7.0987780738e-03  0.0000000000e+00
-5.1738902521e-03  0.0000000000e+00
-3.2268482091e-03  0.0000000000e+00
-1.2865164784e-03  0.0000000000e+00
 6.1870754924e-04  0.0000000000e+00
 2.4613163640e-03  0.0000000000e+00
 4.2151244768e-03  0.0000000000e+00
 5.8556526543e-03  0.0000000000e+00
 7.3605054531e-03  0.0000000000e+00
 8.7097047505e-03  0.0000000000e+00
 9.8859821709e-03  0.0000000000e+00
 1.0875032209e-02  0.0000000000e+00
 1.1665712349e-02  0.0000000000e+00
 1.2250184675e-02  0.0000000000e+00
 1.2624014782e-02  0.0000000000e+00
 1.2786201579e-02  0.0000000000e+00
 1.2739150286e-02  0.0000000000e+00
 1.2488601427e-02  0.0000000000e+00
 1.2043478815e-02  0.0000000000e+00
 1.1415715540e-02  0.0000000000e+00
 1.0620001941e-02  0.0000000000e+00
 9.6735112856e-03  0.0000000000e+00
 8.5955644366e-03  0.0000000000e+00
 7.4072798207e-03  0.0000000000e+00
 6.1311853932e-03  0.0000000000e+00
 4.7908089008e-03  0.0000000000e+00
 3.4102668437e-03  0.0000000000e+00
 2.0138307366e-03  0.0000000000e+00
 6.2551515035e-04  0.0000000000e+00
-7.3133952549e-04  0.0000000000e+00
-2.0344577186e-03  0.0000000000e+00
-3.2629982073e-03  0.0000000000e+00
-4.3978908520e-03  0.0000000000e+00
-5.4221392017e-03  0.0000000000e+00
-6.3210793186e-03  0.0000000000e+00
-7.0825892968e-03  0.0000000000e+00
-7.6972595776e-03  0.0000000000e+00
-8.1584958596e-03  0.0000000000e+00
-8.4625855040e-03  0.0000000000e+00
-8.6086963347e-03  0.0000000000e+00
-8.5988299345e-03  0.0000000000e+00
-8.4377253358e-03  0.0000000000e+00
-8.1327043065e-03  0.0000000000e+00
-7.6934841332e-03  0.0000000000e+00
-7.1319435997e-03  0.0000000000e+00
-6.4618517623e-03  0.0000000000e+00
-5.6985689224e-03  0.0000000000e+00
-4.8587303977e-03  0.0000000000e+00
-3.9599001908e-03  0.0000000000e+00
-3.0202279576e-03  0.0000000000e+00
-2.0580935750e-03  0.0000000000e+00
-1.0917601093e-03  0.0000000000e+00
-1.3903449514e-04  0.0000000000e+00
 7.8305156356e-04  0.0000000000e+00
 1.6585440212e-03  0.0000000000e+00
 2.4728353150e-03  0.0000000000e+00
 3.2129027368e-03  0.0000000000e+00
 3.8675136617e-03  0.0000000000e+00
 4.4273843429e-03  0.0000000000e+00
 4.8853039222e-03  0.0000000000e+00
 5.2362107380e-03  0.0000000000e+00
 5.4772264277e-03  0.0000000000e+00
 5.6076453268e-03  0.0000000000e+00
 5.6288874648e-03  0.0000000000e+00
 5.5444004565e-03  0.0000000000e+00
 5.3595355899e-03  0.0000000000e+00
 5.0813852122e-03  0.0000000000e+00
 4.7185870114e-03  0.0000000000e+00
 4.2811123974e-03  0.0000000000e+00
 3.7800246795e-03  0.0000000000e+00
 3.2272319441e-03  0.0000000000e+00
 2.6352237309e-03  0.0000000000e+00
 2.0168082083e-03  0.0000000000e+00
 1.3848493500e-03  0.0000000000e+00
 7.5201287167e-04  0.0000000000e+00
 1.3052142843e-04  0.0000000000e+00
-4.6807094556e-04  0.0000000000e+00
-1.0330838558e-03  0.0000000000e+00
-1.5548944645e-03  0.0000000000e+00
-2.0250891638e-03  0.0000000000e+00
-2.4365896080e-03  0.0000000000e+00
-2.7837466817e-03  0.0000000000e+00
-3.0623996053e-03  0.0000000000e+00
-3.2699064376e-03  0.0000000000e+00
-3.4051410761e-03  0.0000000000e+00
-3.4684574529e-03  0.0000000000e+00
-3.4616281298e-03  0.0000000000e+00
-3.3877550898e-03  0.0000000000e+00
-3.2511528266e-03  0.0000000000e+00
-3.0572179325e-03  0.0000000000e+00
-2.8122742845e-03  0.0000000000e+00
-2.5234089292e-03  0.0000000000e+00
-2.1982964668e-03  0.0000000000e+00
-1.8450195347e-03  0.0000000000e+00
-1.4718852909e-03  0.0000000000e+00
-1.0872470976e-03  0.0000000000e+00
-6.9932966499e-04  0.0000000000e+00
-3.1606491693e-04  0.0000000000e+00
 5.5057981345e-05  0.0000000000e+00
 4.0713072553e-04  0.0000000000e+00
 7.3394321304e-04  0.0000000000e+00
 1.0300817819e-03  0.0000000000e+00
 1.2910083882e-03  0.0000000000e+00
 1.5131163527e-03  0.0000000000e+00
 1.6937639346e-03  0.0000000000e+00
 1.8312876819e-03  0.0000000000e+00
 1.9249934313e-03  0.0000000000e+00
 1.9751259053e-03  0.0000000000e+00
 1.9828235076e-03  0.0000000000e+00
 1.9500505175e-03  0.0000000000e+00
 1.8795195824e-03  0.0000000000e+00
 1.7745989097e-03  0.0000000000e+00
 1.6392096572e-03  0.0000000000e+00
 1.4777165230e-03  0.0000000000e+00
 1.2948147355e-03  0.0000000000e+00
 1.0954131426e-03  0.0000000000e+00
 8.8451922120e-04  0.0000000000e+00
 6.6712874707e-04  0.0000000000e+00
 4.4811656497e-04  0.0000000000e+00
 2.3214121995e-04  0.0000000000e+00
 2.3553835990e-05  0.0000000000e+00
-1.7368055616e-04  0.0000000000e+00
-3.5604695478e-04  0.0000000000e+00
-5.2053568230e-04  0.0000000000e+00
-6.6468025367e-04  0.0000000000e+00
-7.8658316577e-04  0.0000000000e+00
-8.8492658837e-04  0.0000000000e+00
-9.5897325419e-04  0.0000000000e+00
-1.0085467171e-03  0.0000000000e+00
-1.0340111404e-03  0.0000000000e+00
-1.0362297429e-03  0.0000000000e+00
-1.0165208447e-03  0.0000000000e+00
-9.7660422279e-04  0.0000000000e+00
-9.1854010517e-04  0.0000000000e+00
-8.4466568507e-04  0.0000000000e+00
-7.5752790485e-04  0.0000000000e+00
-6.5981550983e-04  0.0000000000e+00
-5.5428937190e-04  0.0000000000e+00
-4.4372116395e-04  0.0000000000e+00
-3.3082545364e-04  0.0000000000e+00
-2.1820688862e-04  0.0000000000e+00
-1.0830648160e-04  0.0000000000e+00
-3.3551183121e-06  0.0000000000e+00
 9.4661467662e-05  0.0000000000e+00
 1.8403513088e-04  0.0000000000e+00
 2.6335644795e-04  0.0000000000e+00
 3.3152916785e-04  0.0000000000e+00
 3.8777371945e-04  0.0000000000e+00
 4.3163132090e-04  0.0000000000e+00
 4.6294657802e-04  0.0000000000e+00
 4.8186026366e-04  0.0000000000e+00
 4.8878289526e-04  0.0000000000e+00
 4.8436953260e-04  0.0000000000e+00
 4.6949082510e-04  0.0000000000e+00
 4.4519772867e-04  0.0000000000e+00
 4.1268605239e-04  0.0000000000e+00
 3.7325985524e-04  0.0000000000e+00
 3.2829537280e-04  0.0000000000e+00
 2.7919977345e-04  0.0000000000e+00
 2.2738446596e-04  0.0000000000e+00
 1.7422299565e-04  0.0000000000e+00
 1.2102809228e-04  0.0000000000e+00
 6.9022924469e-05  0.0000000000e+00
 1.9316677403e-05  0.0000000000e+00
-2.7111134548e-05  0.0000000000e+00
-6.9426529293e-05  0.0000000000e+00
-1.0695098793e-04  0.0000000000e+00
-1.3916768729e-04  0.0000000000e+00
-1.6571813969e-04  0.0000000000e+00
-1.8640889746e-04  0.0000000000e+00
-2.0119270629e-04  0.0000000000e+00
-2.1016975533e-04  0.0000000000e+00
-2.1356901547e-04  0.0000000000e+00
-2.1173437809e-04  0.0000000000e+00
-2.0510985368e-04  0.0000000000e+00
-1.9422089020e-04  0.0000000000e+00
-1.7965463121e-04  0.0000000000e+00
-1.6204263434e-04  0.0000000000e+00
-1.4204421974e-04  0.0000000000e+00
-1.2032069774e-04  0.0000000000e+00
-9.7531345503e-05  0.0000000000e+00
-7.4304660361e-05  0.0000000000e+00
-5.1233800437e-05  0.0000000000e+00
-2.8862199311e-05  0.0000000000e+00
-7.6721586875e-06  0.0000000000e+00
 1.1920327579e-05  0.0000000000e+00
 2.9570672950e-05  0.0000000000e+00
 4.5010262618e-05  0.0000000000e+00
 5.8048324176e-05  0.0000000000e+00
 6.8563304535e-05  0.0000000000e+00
 7.6514264960e-05  0.0000000000e+00
 8.1918975071e-05  0.0000000000e+00
 8.4862288611e-05  0.0000000000e+00
 8.5481776132e-05  0.0000000000e+00
 8.3960897371e-05  0.0000000000e+00
 8.0521863602e-05  0.0000000000e+00
 7.5417808922e-05  0.0000000000e+00
 6.8920557130e-05  0.0000000000e+00
 6.1314261151e-05  0.0000000000e+00
 5.2891116646e-05  0.0000000000e+00
 4.3930623114e-05  0.0000000000e+00
 3.4711361973e-05  0.0000000000e+00
 2.5486647334e-05  0.0000000000e+00
 1.6490743572e-05  0.0000000000e+00
 7.9316465625e-06  0.0000000000e+00
-1.3360088939e-08  0.0000000000e+00
-7.1992523408e-06  0.0000000000e+00
-1.3511246730e-05  0.0000000000e+00
-1.8868787538e-05  0.0000000000e+00
-2.3226619135e-05  0.0000000000e+00
-2.6561311384e-05  0.0000000000e+00
-2.8890404884e-05  0.0000000000e+00
-3.0245517521e-05  0.0000000000e+00
-3.0687568853e-05  0.0000000000e+00
-3.0294195962e-05  0.0000000000e+00
-2.9157464250e-05  0.0000000000e+00
-2.7379404025e-05  0.0000000000e+00
-2.5072729570e-05  0.0000000000e+00
-2.2349975153e-05  0.0000000000e+00
-1.9323701043e-05  0.0000000000e+00
-1.6110848911e-05  0.0000000000e+00
-1.2809597714e-05  0.0000000000e+00
-9.5242780700e-06  0.0000000000e+00
-6.3388028356e-06  0.0000000000e+00
-3.3294065663e-06  0.0000000000e+00
-5.5992897644e-07  0.0000000000e+00
 1.9189369787e-06  0.0000000000e+00
 4.0727445865e-06  0.0000000000e+00
 5.8749273129e-06  0.0000000000e+00
 7.3129532146e-06  0.0000000000e+00
 8.3913172016e-06  0.0000000000e+00
 9.1105812254e-06  0.0000000000e+00
 9.4988071461e-06  0.0000000000e+00
 9.5760338921e-06  0.0000000000e+00
 9.3771174434e-06  0.0000000000e+00
 8.9391039803e-06  0.0000000000e+00
 8.3024504937e-06  0.0000000000e+00
 7.5052829622e-06  0.0000000000e+00
 6.5930325309e-06  0.0000000000e+00
 5.6038130771e-06  0.0000000000e+00
 4.5717407136e-06  0.0000000000e+00
 3.5407405478e-06  0.0000000000e+00
 2.5304776741e-06  0.0000000000e+00
 1.5773266111e-06  0.0000000000e+00
 6.9937104877e-07  0.0000000000e+00
-8.6055315460e-08  0.0000000000e+00
-7.6683681417e-07  0.0000000000e+00
-1.3333778539e-06  0.0000000000e+00
-1.7877256074e-06  0.0000000000e+00
-2.1268832512e-06  0.0000000000e+00
-2.3528846710e-06  0.0000000000e+00
-2.4826630116e-06  0.0000000000e+00
-2.5101206168e-06  0.0000000000e+00
-2.4600715504e-06  0.0000000000e+00
-2.3355580902e-06  0.0000000000e+00
-2.1525578937e-06  0.0000000000e+00
-1.9253255616e-06  0.0000000000e+00
-1.6709208504e-06  0.0000000000e+00
-1.3953671096e-06  0.0000000000e+00
-1.1174782558e-06  0.0000000000e+00
-8.4550721185e-07  0.0000000000e+00
-5.7953549529e-07  0.0000000000e+00
-3.4450013128e-07  0.0000000000e+00
-1.2506470057e-07  0.0000000000e+00
 6.1749154830e-08  0.0000000000e+00
 2.1875753886e-07  0.0000000000e+00
 3.4427953116e-07  0.0000000000e+00
 4.3752065823e-07  0.0000000000e+00
 4.9318069651e-07  0.0000000000e+00
 5.2556689134e-07  0.0000000000e+00
 5.3452406857e-07  0.0000000000e+00
 5.1366296525e-07  0.0000000000e+00
 4.9034258756e-07  0.0000000000e+00
 4.3495971458e-07  0.0000000000e+00
 3.8202052454e-07  0.0000000000e+00
 3.2239623458e-07  0.0000000000e+00
 2.6025467495e-07  0.0000000000e+00
 1.9364928805e-07  0.0000000000e+00
 1.3383729096e-07  0.0000000000e+00
 6.8678729066e-08  0.0000000000e+00
 2.1445649644e-08  0.0000000000e+00
-1.9673145926e-09  0.0000000000e+00
-4.7526514194e-08  0.0000000000e+00
-6.2724775843e-08  0.0000000000e+00
-1.0191594854e-07  0.0000000000e+00
-1.2016382343e-07  0.0000000000e+00
-1.1037577039e-07  0.0000000000e+00
-1.0295821364e-07  0.0000000000e+00
-1.1967085845e-07  0.0000000000e+00
-1.3613527062e-07  0.0000000000e+00
-1.4640515762e-07  0.0000000000e+00
-1.4753697088e-07  0.0000000000e+00
 3.9805907786e-07  0.0000000000e+00
       0
theoretical   3 FIR_filter   fir    seed
2.0000000000e+03     5            79.5
     160
 4.0330930091e-05  0.0000000000e+00
 7.4544480857e-05  0.0000000000e+00
 1.2347468308e-04  0.0000000000e+00
 1.7021534529e-04  0.0000000000e+00
 1.9734144477e-04  0.0000000000e+00
 1.8551816258e-04  0.0000000000e+00
 1.1936433917e-04  0.0000000000e+00
-5.7239979999e-06  0.0000000000e+00
-1.7795106714e-04  0.0000000000e+00
-3.6738341290e-04  0.0000000000e+00
-5.2959340410e-04  0.0000000000e+00
-6.1510482000e-04  0.0000000000e+00
-5.8332676177e-04  0.0000000000e+00
-4.1734909033e-04  0.0000000000e+00
-1.3497275432e-04  0.0000000000e+00
 2.0836562177e-04  0.0000000000e+00
 5.2779170186e-04  0.0000000000e+00
 7.2830400336e-04  0.0000000000e+00
 7.3137330418e-04  0.0000000000e+00
 5.0199883124e-04  0.0000000000e+00
 6.7842386932e-05  0.0000000000e+00
-4.7722405012e-04  0.0000000000e+00
-9.8931303205e-04  0.0000000000e+00
-1.3091232823e-03  0.0000000000e+00
-1.3075633379e-03  0.0000000000e+00
-9.3016246574e-04  0.0000000000e+00
-2.2628949966e-04  0.0000000000e+00
 6.4844913359e-04  0.0000000000e+00
 1.4619374216e-03  0.0000000000e+00
 1.9635300992e-03  0.0000000000e+00
 1.9569311654e-03  0.0000000000e+00
 1.3679390962e-03  0.0000000000e+00
 2.8550752653e-04  0.0000000000e+00
-1.0405502087e-03  0.0000000000e+00
-2.2510313381e-03  0.0000000000e+00
-2.9695345961e-03  0.0000000000e+00
-2.9131930698e-03  0.0000000000e+00
-1.9908946860e-03  0.0000000000e+00
-3.5740973046e-04  0.0000000000e+00
 1.5990901074e-03  0.0000000000e+00
 3.3414951660e-03  0.0000000000e+00
 4.3244415507e-03  0.0000000000e+00
 4.1562870082e-03  0.0000000000e+00
 2.7364306789e-03  0.0000000000e+00
 3.2348166542e-04  0.0000000000e+00
-2.4951427796e-03  0.0000000000e+00
-4.9357158106e-03  0.0000000000e+00
-6.2261721686e-03  0.0000000000e+00
-5.8370505103e-03  0.0000000000e+00
-3.6695411565e-03  0.0000000000e+00
-1.3943105274e-04  0.0000000000e+00
 3.8808359571e-03  0.0000000000e+00
 7.2623691953e-03  0.0000000000e+00
 8.9207534916e-03  0.0000000000e+00
 8.1415272209e-03  0.0000000000e+00
 4.8378074727e-03  0.0000000000e+00
-3.4353227647e-04  0.0000000000e+00
-6.1166234071e-03  0.0000000000e+00
-1.0849475638e-02  0.0000000000e+00
-1.2994758710e-02  0.0000000000e+00
-1.1551759655e-02  0.0000000000e+00
-6.4313840163e-03  0.0000000000e+00
 1.3914164741e-03  0.0000000000e+00
 1.0007274702e-02  0.0000000000e+00
 1.6983231529e-02  0.0000000000e+00
 1.9976533448e-02  0.0000000000e+00
 1.7409372287e-02  0.0000000000e+00
 9.0308778432e-03  0.0000000000e+00
-3.7955639987e-03  0.0000000000e+00
-1.8185886932e-02  0.0000000000e+00
-3.0227682355e-02  0.0000000000e+00
-3.5788932559e-02  0.0000000000e+00
-3.1473909584e-02  0.0000000000e+00
-1.5506873248e-02  0.0000000000e+00
 1.1674195835e-02  0.0000000000e+00
 4.7275738039e-02  0.0000000000e+00
 8.6521743170e-02  0.0000000000e+00
 1.2348609487e-01  0.0000000000e+00
 1.5221800590e-01  0.0000000000e+00
 1.6792016574e-01  0.0000000000e+00
 1.6792016574e-01  0.0000000000e+00
 1.5221800590e-01  0.0000000000e+00
 1.2348609487e-01  0.0000000000e+00
 8.6521743170e-02  0.0000000000e+00
 4.7275738039e-02  0.0000000000e+00
 1.1674195835e-02  0.0000000000e+00
-1.5506873248e-02  0.0000000000e+00
-3.1473909584e-02  0.0000000000e+00
-3.5788932559e-02  0.0000000000e+00
-3.0227682355e-02  0.0000000000e+00
-1.8185886932e-02  0.0000000000e+00
-3.7955639987e-03  0.0000000000e+00
 9.0308778432e-03  0.0000000000e+00
 1.7409372287e-02  0.0000000000e+00
 1.9976533448e-02  0.0000000000e+00
 1.6983231529e-02  0.0000000000e+00
 1.0007274702e-02  0.0000000000e+00
 1.3914164741e-03  0.0000000000e+00
-6.4313840163e-03  0.0000000000e+00
-1.1551759655e-02  0.0000000000e+00
-1.2994758710e-02  0.0000000000e+00
-1.0849475638e-02  0.0000000000e+00
-6.1166234071e-03  0.0000000000e+00
-3.4353227647e-04  0.0000000000e+00
 4.8378074727e-03  0.0000000000e+00
 8.1415272209e-03  0.0000000000e+00
 8.9207534916e-03  0.0000000000e+00
 7.2623691953e-03  0.0000000000e+00
 3.8808359571e-03  0.0000000000e+00
-1.3943105274e-04  0.0000000000e+00
-3.6695411565e-03  0.0000000000e+00
-5.8370505103e-03  0.0000000000e+00
-6.2261721686e-03  0.0000000000e+00
-4.9357158106e-03  0.0000000000e+00
-2.4951427796e-03  0.0000000000e+00
 3.2348166542e-04  0.0000000000e+00
 2.7364306789e-03  0.0000000000e+00
 4.1562870082e-03  0.0000000000e+00
 4.3244415507e-03  0.0000000000e+00
 3.3414951660e-03  0.0000000000e+00
 1.5990901074e-03  0.0000000000e+00
-3.5740973046e-04  0.0000000000e+00
-1.9908946860e-03  0.0000000000e+00
-2.9131930698e-03  0.0000000000e+00
-2.9695345961e-03  0.0000000000e+00
-2.2510313381e-03  0.0000000000e+00
-1.0405502087e-03  0.0000000000e+00
 2.8550752653e-04  0.0000000000e+00
 1.3679390962e-03  0.0000000000e+00
 1.9569311654e-03  0.0000000000e+00
 1.9635300992e-03  0.0000000000e+00
 1.4619374216e-03  0.0000000000e+00
 6.4844913359e-04  0.0000000000e+00
-2.2628949966e-04  0.0000000000e+00
-9.3016246574e-04  0.0000000000e+00
-1.3075633379e-03  0.0000000000e+00
-1.3091232823e-03  0.0000000000e+00
-9.8931303205e-04  0.0000000000e+00
-4.7722405012e-04  0.0000000000e+00
 6.7842386932e-05  0.0000000000e+00
 5.0199883124e-04  0.0000000000e+00
 7.3137330418e-04  0.0000000000e+00
 7.2830400336e-04  0.0000000000e+00
 5.2779170186e-04  0.0000000000e+00
 2.0836562177e-04  0.0000000000e+00
-1.3497275432e-04  0.0000000000e+00
-4.1734909033e-04  0.0000000000e+00
-5.8332676177e-04  0.0000000000e+00
-6.1510482000e-04  0.0000000000e+00
-5.2959340410e-04  0.0000000000e+00
-3.6738341290e-04  0.0000000000e+00
-1.7795106714e-04  0.0000000000e+00
-5.7239979999e-06  0.0000000000e+00
 1.1936433917e-04  0.0000000000e+00
 1.8551816258e-04  0.0000000000e+00
 1.9734144477e-04  0.0000000000e+00
 1.7021534529e-04  0.0000000000e+00
 1.2347468308e-04  0.0000000000e+00
 7.4544480857e-05  0.0000000000e+00
 4.0330930091e-05  0.0000000000e+00
       0
theoretical   4 FIR_filter   fir    seed
4.0000000000e+02     2            47.5
      96
-4.6276230681e-06  0.0000000000e+00
-8.2641169695e-05  0.0000000000e+00
-2.2617340156e-04  0.0000000000e+00
-2.5407975077e-04  0.0000000000e+00
 7.6710687968e-07  0.0000000000e+00
 3.0523352880e-04  0.0000000000e+00
 1.7139985481e-04  0.0000000000e+00
-3.4969316339e-04  0.0000000000e+00
-4.4941772071e-04  0.0000000000e+00
 2.6334308320e-04  0.0000000000e+00
 7.9032897065e-04  0.0000000000e+00
 3.8600190884e-05  0.0000000000e+00
-1.0925522799e-03  0.0000000000e+00
-6.0041840221e-04  0.0000000000e+00
 1.2072845644e-03  0.0000000000e+00
 1.3981384470e-03  0.0000000000e+00
-9.6314583319e-04  0.0000000000e+00
-2.3149027524e-03  0.0000000000e+00
 2.0797375696e-04  0.0000000000e+00
 3.1322797779e-03  0.0000000000e+00
 1.1378168513e-03  0.0000000000e+00
-3.5458442739e-03  0.0000000000e+00
-3.0263728075e-03  0.0000000000e+00
 3.2098961286e-03  0.0000000000e+00
 5.2416973455e-03  0.0000000000e+00
-1.8051103010e-03  0.0000000000e+00
-7.3811066307e-03  0.0000000000e+00
-8.7358785428e-04  0.0000000000e+00
 8.8771606213e-03  0.0000000000e+00
 4.8352516620e-03  0.0000000000e+00
-9.0486766880e-03  0.0000000000e+00
-9.8208201640e-03  0.0000000000e+00
 7.1841949828e-03  0.0000000000e+00
 1.5263744396e-02  0.0000000000e+00
-2.6305841276e-03  0.0000000000e+00
-2.0281865719e-02  0.0000000000e+00
-5.1465379426e-03  0.0000000000e+00
 2.3680296597e-02  0.0000000000e+00
 1.6590249405e-02  0.0000000000e+00
-2.3892300872e-02  0.0000000000e+00
-3.2302269437e-02  0.0000000000e+00
 1.8619890501e-02  0.0000000000e+00
 5.3980088064e-02  0.0000000000e+00
-3.1427313370e-03  0.0000000000e+00
-8.8558565208e-02  0.0000000000e+00
-4.0176850029e-02  0.0000000000e+00
 1.8489381608e-01  0.0000000000e+00
 4.0688761473e-01  0.0000000000e+00
 4.0688761473e-01  0.0000000000e+00
 1.8489381608e-01  0.0000000000e+00
-4.0176850029e-02  0.0000000000e+00
-8.8558565208e-02  0.0000000000e+00
-3.1427313370e-03  0.0000000000e+00
 5.3980088064e-02  0.0000000000e+00
 1.8619890501e-02  0.0000000000e+00
-3.2302269437e-02  0.0000000000e+00
-2.3892300872e-02  0.0000000000e+00
 1.6590249405e-02  0.0000000000e+00
 2.3680296597e-02  0.0000000000e+00
-5.1465379426e-03  0.0000000000e+00
-2.0281865719e-02  0.0000000000e+00
-2.6305841276e-03  0.0000000000e+00
 1.5263744396e-02  0.0000000000e+00
 7.1841949828e-03  0.0000000000e+00
-9.8208201640e-03  0.0000000000e+00
-9.0486766880e-03  0.0000000000e+00
 4.8352516620e-03  0.0000000000e+00
 8.8771606213e-03  0.0000000000e+00
-8.7358785428e-04  0.0000000000e+00
-7.3811066307e-03  0.0000000000e+00
-1.8051103010e-03  0.0000000000e+00
 5.2416973455e-03  0.0000000000e+00
 3.2098961286e-03  0.0000000000e+00
-3.0263728075e-03  0.0000000000e+00
-3.5458442739e-03  0.0000000000e+00
 1.1378168513e-03  0.0000000000e+00
 3.1322797779e-03  0.0000000000e+00
 2.0797375696e-04  0.0000000000e+00
-2.3149027524e-03  0.0000000000e+00
-9.6314583319e-04  0.0000000000e+00
 1.3981384470e-03  0.0000000000e+00
 1.2072845644e-03  0.0000000000e+00
-6.0041840221e-04  0.0000000000e+00
-1.0925522799e-03  0.0000000000e+00
 3.8600190884e-05  0.0000000000e+00
 7.9032897065e-04  0.0000000000e+00
 2.6334308320e-04  0.0000000000e+00
-4.4941772071e-04  0.0000000000e+00
-3.4969316339e-04  0.0000000000e+00
 1.7139985481e-04  0.0000000000e+00
 3.0523352880e-04  0.0000000000e+00
 7.6710687968e-07  0.0000000000e+00
-2.5407975077e-04  0.0000000000e+00
-2.2617340156e-04  0.0000000000e+00
-8.2641169695e-05  0.0000000000e+00
-4.6276230681e-06  0.0000000000e+00
       0
theoretical   5 FIR_filter   fir    seed
2.0000000000e+02     5            79.5
     160
 4.0296090783e-05  0.0000000000e+00
 7.4480086653e-05  0.0000000000e+00
 1.2336802120e-04  0.0000000000e+00
 1.7006830715e-04  0.0000000000e+00
 1.9717097413e-04  0.0000000000e+00
 1.8535790531e-04  0.0000000000e+00
 1.1926122796e-04  0.0000000000e+00
-5.7190534045e-06  0.0000000000e+00
-1.7779734661e-04  0.0000000000e+00
-3.6706605389e-04  0.0000000000e+00
-5.2913592227e-04  0.0000000000e+00
-6.1457347033e-04  0.0000000000e+00
-5.8282286313e-04  0.0000000000e+00
-4.1698856917e-04  0.0000000000e+00
-1.3485616000e-04  0.0000000000e+00
 2.0818562805e-04  0.0000000000e+00
 5.2733577640e-04  0.0000000000e+00
 7.2767486816e-04  0.0000000000e+00
 7.3074151761e-04  0.0000000000e+00
 5.0156518659e-04  0.0000000000e+00
 6.7783782238e-05  0.0000000000e+00
-4.7681180682e-04  0.0000000000e+00
-9.8845842786e-04  0.0000000000e+00
-1.3079924145e-03  0.0000000000e+00
-1.3064338177e-03  0.0000000000e+00
-9.2935895794e-04  0.0000000000e+00
-2.2609402265e-04  0.0000000000e+00
 6.4788897990e-04  0.0000000000e+00
 1.4606745475e-03  0.0000000000e+00
 1.9618339313e-03  0.0000000000e+00
 1.9552406979e-03  0.0000000000e+00
 1.3667574212e-03  0.0000000000e+00
 2.8526089486e-04  0.0000000000e+00
-1.0396513440e-03  0.0000000000e+00
-2.2490868162e-03  0.0000000000e+00
-2.9669694053e-03  0.0000000000e+00
-2.9106765489e-03  0.0000000000e+00
-1.9891748796e-03  0.0000000000e+00
-3.5710098708e-04  0.0000000000e+00
 1.5977087559e-03  0.0000000000e+00
 3.3386086623e-03  0.0000000000e+00
 4.3207059425e-03  0.0000000000e+00
 4.1526966580e-03  0.0000000000e+00
 2.7340668516e-03  0.0000000000e+00
 3.2320223032e-04  0.0000000000e+00
-2.4929873856e-03  0.0000000000e+00
-4.9314521617e-03  0.0000000000e+00
-6.2207937771e-03  0.0000000000e+00
-5.8320082561e-03  0.0000000000e+00
-3.6663712748e-03  0.0000000000e+00
-1.3931060718e-04  0.0000000000e+00
 3.8774835514e-03  0.0000000000e+00
 7.2560956996e-03  0.0000000000e+00
 8.9130474238e-03  0.0000000000e+00
 8.1344942768e-03  0.0000000000e+00
 4.8336284005e-03  0.0000000000e+00
-3.4323552093e-04  0.0000000000e+00
-6.1113396478e-03  0.0000000000e+00
-1.0840103471e-02  0.0000000000e+00
-1.2983533370e-02  0.0000000000e+00
-1.1541780829e-02  0.0000000000e+00
-6.4258283555e-03  0.0000000000e+00
 1.3902145184e-03  0.0000000000e+00
 9.9986300580e-03  0.0000000000e+00
 1.6968560803e-02  0.0000000000e+00
 1.9959277000e-02  0.0000000000e+00
 1.7394333444e-02  0.0000000000e+00
 9.0230766461e-03  0.0000000000e+00
-3.7922852540e-03  0.0000000000e+00
-1.8170177309e-02  0.0000000000e+00
-3.0201570595e-02  0.0000000000e+00
-3.5758016792e-02  0.0000000000e+00
-3.1446721288e-02  0.0000000000e+00
-1.5493477853e-02  0.0000000000e+00
 1.1664111245e-02  0.0000000000e+00
 4.7234899555e-02  0.0000000000e+00
 8.6447002575e-02  0.0000000000e+00
 1.2337942313e-01  0.0000000000e+00
 1.5208651451e-01  0.0000000000e+00
 1.6777511026e-01  0.0000000000e+00
 1.6777511026e-01  0.0000000000e+00
 1.5208651451e-01  0.0000000000e+00
 1.2337942313e-01  0.0000000000e+00
 8.6447002575e-02  0.0000000000e+00
 4.7234899555e-02  0.0000000000e+00
 1.1664111245e-02  0.0000000000e+00
-1.5493477853e-02  0.0000000000e+00
-3.1446721288e-02  0.0000000000e+00
-3.5758016792e-02  0.0000000000e+00
-3.0201570595e-02  0.0000000000e+00
-1.8170177309e-02  0.0000000000e+00
-3.7922852540e-03  0.0000000000e+00
 9.0230766461e-03  0.0000000000e+00
 1.7394333444e-02  0.0000000000e+00
 1.9959277000e-02  0.0000000000e+00
 1.6968560803e-02  0.0000000000e+00
 9.9986300580e-03  0.0000000000e+00
 1.3902145184e-03  0.0000000000e+00
-6.4258283555e-03  0.0000000000e+00
-1.1541780829e-02  0.0000000000e+00
-1.2983533370e-02  0.0000000000e+00
-1.0840103471e-02  0.0000000000e+00
-6.1113396478e-03  0.0000000000e+00
-3.4323552093e-04  0.0000000000e+00
 4.8336284005e-03  0.0000000000e+00
 8.1344942768e-03  0.0000000000e+00
 8.9130474238e-03  0.0000000000e+00
 7.2560956996e-03  0.0000000000e+00
 3.8774835514e-03  0.0000000000e+00
-1.3931060718e-04  0.0000000000e+00
-3.6663712748e-03  0.0000000000e+00
-5.8320082561e-03  0.0000000000e+00
-6.2207937771e-03  0.0000000000e+00
-4.9314521617e-03  0.0000000000e+00
-2.4929873856e-03  0.0000000000e+00
 3.2320223032e-04  0.0000000000e+00
 2.7340668516e-03  0.0000000000e+00
 4.1526966580e-03  0.0000000000e+00
 4.3207059425e-03  0.0000000000e+00
 3.3386086623e-03  0.0000000000e+00
 1.5977087559e-03  0.0000000000e+00
-3.5710098708e-04  0.0000000000e+00
-1.9891748796e-03  0.0000000000e+00
-2.9106765489e-03  0.0000000000e+00
-2.9669694053e-03  0.0000000000e+00
-2.2490868162e-03  0.0000000000e+00
-1.0396513440e-03  0.0000000000e+00
 2.8526089486e-04  0.0000000000e+00
 1.3667574212e-03  0.0000000000e+00
 1.9552406979e-03  0.0000000000e+00
 1.9618339313e-03  0.0000000000e+00
 1.4606745475e-03  0.0000000000e+00
 6.4788897990e-04  0.0000000000e+00
-2.2609402265e-04  0.0000000000e+00
-9.2935895794e-04  0.0000000000e+00
-1.3064338177e-03  0.0000000000e+00
-1.3079924145e-03  0.0000000000e+00
-9.8845842786e-04  0.0000000000e+00
-4.7681180682e-04  0.0000000000e+00
 6.7783782238e-05  0.0000000000e+00
 5.0156518659e-04  0.0000000000e+00
 7.3074151761e-04  0.0000000000e+00
 7.2767486816e-04  0.0000000000e+00
 5.2733577640e-04  0.0000000000e+00
 2.0818562805e-04  0.0000000000e+00
-1.3485616000e-04  0.0000000000e+00
-4.1698856917e-04  0.0000000000e+00
-5.8282286313e-04  0.0000000000e+00
-6.1457347033e-04  0.0000000000e+00
-5.2913592227e-04  0.0000000000e+00
-3.6706605389e-04  0.0000000000e+00
-1.7779734661e-04  0.0000000000e+00
-5.7190534045e-06  0.0000000000e+00
 1.1926122796e-04  0.0000000000e+00
 1.8535790531e-04  0.0000000000e+00
 1.9717097413e-04  0.0000000000e+00
 1.7006830715e-04  0.0000000000e+00
 1.2336802120e-04  0.0000000000e+00
 7.4480086653e-05  0.0000000000e+00
 4.0296090783e-05  0.0000000000e+00
       0
