theoretical   1 sensor       paz    seed
7.9539839161e+06 8.0000000000e+00
       3
-1.1799800000e+00  0.0000000000e+00  0.0000000000e+00  0.0000000000e+00
-1.9939500000e+03  1.9939800000e+03  0.0000000000e+00  0.0000000000e+00
-1.9939500000e+03 -1.9939800000e+03  0.0000000000e+00  0.0000000000e+00
       1
 0.0000000000e+00  0.0000000000e+00  0.0000000000e+00  0.0000000000e+00
theoretical   2 FIR_filter   fir    seed
3.2000000000e+04    16               0
     400
 1.0829302037e-06  0.0000000000e+00
 1.7809896928e-06  0.0000000000e+00
 3.2413344308e-06  0.0000000000e+00
 5.4632305507e-06  0.0000000000e+00
 8.6837372813e-06  0.0000000000e+00
 1.3242051170e-05  0.0000000000e+00
 1.9567079249e-05  0.0000000000e+00
 2.8187699771e-05  0.0000000000e+00
 3.9660519521e-05  0.0000000000e+00
 5.4693689108e-05  0.0000000000e+00
 7.4160314191e-05  0.0000000000e+00
 9.8998203335e-05  0.0000000000e+00
 1.3037950548e-04  0.0000000000e+00
 1.6956499066e-04  0.0000000000e+00
 2.1800211994e-04  0.0000000000e+00
 2.7734255400e-04  0.0000000000e+00
 3.4939678804e-04  0.0000000000e+00
 4.3617815574e-04  0.0000000000e+00
 5.3989242836e-04  0.0000000000e+00
 6.6292688370e-04  0.0000000000e+00
 8.0784429558e-04  0.0000000000e+00
 9.7742315751e-04  0.0000000000e+00
 1.1745382618e-03  0.0000000000e+00
 1.4022657390e-03  0.0000000000e+00
 1.6637504962e-03  0.0000000000e+00
 1.9622482303e-03  0.0000000000e+00
 2.3010568424e-03  0.0000000000e+00
 2.6834941349e-03  0.0000000000e+00
 3.1128188054e-03  0.0000000000e+00
 3.5922263453e-03  0.0000000000e+00
 4.1247458309e-03  0.0000000000e+00
 4.7131993199e-03  0.0000000000e+00
 5.3601531462e-03  0.0000000000e+00
 6.0677984099e-03  0.0000000000e+00
 6.8379383755e-03  0.0000000000e+00
 7.6718698612e-03  0.0000000000e+00
 8.5703354348e-03  0.0000000000e+00
 9.5334323052e-03  0.0000000000e+00
 1.0560565518e-02  0.0000000000e+00
 1.1650342947e-02  0.0000000000e+00
 1.2800554889e-02  0.0000000000e+00
 1.4008092061e-02  0.0000000000e+00
 1.5268897094e-02  0.0000000000e+00
 1.6577957529e-02  0.0000000000e+00
 1.7929233816e-02  0.0000000000e+00
 1.9315690313e-02  0.0000000000e+00
 2.0729263283e-02  0.0000000000e+00
 2.2160899902e-02  0.0000000000e+00
 2.3600569254e-02  0.0000000000e+00
 2.5037337341e-02  0.0000000000e+00
 2.6459401086e-02  0.0000000000e+00
 2.7854212345e-02  0.0000000000e+00
 2.9208551911e-02  0.0000000000e+00
 3.0508651529e-02  0.0000000000e+00
 3.1740353906e-02  0.0000000000e+00
 3.2889244728e-02  0.0000000000e+00
 3.3940826671e-02  0.0000000000e+00
 3.4880691422e-02  0.0000000000e+00
 3.5694733693e-02  0.0000000000e+00
 3.6369315240e-02  0.0000000000e+00
 3.6891510884e-02  0.0000000000e+00
 3.7249275526e-02  0.0000000000e+00
 3.7431675167e-02  0.0000000000e+00
 3.7429088931e-02  0.0000000000e+00
 3.7233397077e-02  0.0000000000e+00
 3.6838167017e-02  0.0000000000e+00
 3.6238825335e-02  0.0000000000e+00
 3.5432810796e-02  0.0000000000e+00
 3.4419704363e-02  0.0000000000e+00
 3.3201333202e-02  0.0000000000e+00
 3.1781846692e-02  0.0000000000e+00
 3.0167780429e-02  0.0000000000e+00
 2.8368049226e-02  0.0000000000e+00
 2.6393951114e-02  0.0000000000e+00
 2.4259104337e-02  0.0000000000e+00
 2.1979351338e-02  0.0000000000e+00
 1.9572650757e-02  0.0000000000e+00
 1.7058902409e-02  0.0000000000e+00
 1.4459760270e-02  0.0000000000e+00
 1.1798399455e-02  0.0000000000e+00
 9.0992631928e-03  0.0000000000e+00
 6.3877672030e-03  0.0000000000e+00
 3.6900071665e-03  0.0000000000e+00
 1.0324120946e-03  0.0000000000e+00
-1.5585904017e-03  0.0000000000e+00
-4.0569262432e-03  0.0000000000e+00
-6.4372407169e-03  0.0000000000e+00
-8.6752492068e-03  0.0000000000e+00
-1.0748092628e-02  0.0000000000e+00
-1.2634668754e-02  0.0000000000e+00
-1.4315967151e-02  0.0000000000e+00
-1.5775339300e-02  0.0000000000e+00
-1.6998790925e-02  0.0000000000e+00
-1.7975203010e-02  0.0000000000e+00
-1.8696514821e-02  0.0000000000e+00
-1.9157892916e-02  0.0000000000e+00
-1.9357816156e-02  0.0000000000e+00
-1.9298138711e-02  0.0000000000e+00
-1.8984100059e-02  0.0000000000e+00
-1.8424261981e-02  0.0000000000e+00
-1.7630416553e-02  0.0000000000e+00
-1.6617443132e-02  0.0000000000e+00
-1.5403086337e-02  0.0000000000e+00
-1.4007734029e-02  0.0000000000e+00
-1.2454109280e-02  0.0000000000e+00
-1.0766944348e-02  0.0000000000e+00
-8.9726215383e-03  0.0000000000e+00
-7.0987780738e-03  0.0000000000e+00
-5.1738902521e-03  0.0000000000e+00
-3.2268482091e-03  0.0000000000e+00
-1.2865164784e-03  0.0000000000e+00
 6.1870754924e-04  0.0000000000e+00
 2.4613163640e-03  0.0000000000e+00
 4.2151244768e-03  0.0000000000e+00
 5.8556526543e-03  0.0000000000e+00
 7.3605054531e-03  0.0000000000e+00
 8.7097047505e-03  0.0000000000e+00
 9.8859821709e-03  0.0000000000e+00
 1.0875032209e-02  0.0000000000e+00
 1.1665712349e-02  0.0000000000e+00
 1.2250184675e-02  0.0000000000e+00
 1.2624014782e-02  0.0000000000e+00
 1.2786201579e-02  0.0000000000e+00
 1.2739150286e-02  0.0000000000e+00
 1.2488601427e-02  0.0000000000e+00
 1.2043478815e-02  0.0000000000e+00
 1.1415715540e-02  0.0000000000e+00
 1.0620001941e-02  0.0000000000e+00
 9.6735112856e-03  0.0000000000e+00
 8.5955644366e-03  0.0000000000e+00
 7.4072798207e-03  0.0000000000e+00
 6.1311853932e-03  0.0000000000e+00
 4.7908089008e-03  0.0000000000e+00
 3.4102668437e-03  0.0000000000e+00
 2.0138307366e-03  0.0000000000e+00
 6.2551515035e-04  0.0000000000e+00
-7.3133952549e-04  0.0000000000e+00
-2.0344577186e-03  0.0000000000e+00
-3.2629982073e-03  0.0000000000e+00
-4.3978908520e-03  0.0000000000e+00
-5.4221392017e-03  0.0000000000e+00
-6.3210793186e-03  0.0000000000e+00
-7.0825892968e-03  0.0000000000e+00
-7.6972595776e-03  0.0000000000e+00
-8.1584958596e-03  0.0000000000e+00
-8.4625855040e-03  0.0000000000e+00
-8.6086963347e-03  0.0000000000e+00
-8.5988299345e-03  0.0000000000e+00
-8.4377253358e-03  0.0000000000e+00
-8.1327043065e-03  0.0000000000e+00
-7.6934841332e-03  0.0000000000e+00
-7.1319435997e-03  0.0000000000e+00
-6.4618517623e-03  0.0000000000e+00
-5.6985689224e-03  0.0000000000e+00
-4.8587303977e-03  0.0000000000e+00
-3.9599001908e-03  0.0000000000e+00
-3.0202279576e-03  0.0000000000e+00
-2.0580935750e-03  0.0000000000e+00
-1.0917601093e-03  0.0000000000e+00
-1.3903449514e-04  0.0000000000e+00
 7.8305156356e-04  0.0000000000e+00
 1.6585440212e-03  0.0000000000e+00
 2.4728353150e-03  0.0000000000e+00
 3.2129027368e-03  0.0000000000e+00
 3.8675136617e-03  0.0000000000e+00
 4.4273843429e-03  0.0000000000e+00
 4.8853039222e-03  0.0000000000e+00
 5.2362107380e-03  0.0000000000e+00
 5.4772264277e-03  0.0000000000e+00
 5.6076453268e-03  0.0000000000e+00
 5.6288874648e-03  0.0000000000e+00
 5.5444004565e-03  0.0000000000e+00
 5.3595355899e-03  0.0000000000e+00
 5.0813852122e-03  0.0000000000e+00
 4.7185870114e-03  0.0000000000e+00
 4.2811123974e-03  0.0000000000e+00
 3.7800246795e-03  0.0000000000e+00
 3.2272319441e-03  0.0000000000e+00
 2.6352237309e-03  0.0000000000e+00
 2.0168082083e-03  0.0000000000e+00
 1.3848493500e-03  0.0000000000e+00
 7.5201287167e-04  0.0000000000e+00
 1.3052142843e-04  0.0000000000e+00
-4.6807094556e-04  0.0000000000e+00
-1.0330838558e-03  0.0000000000e+00
-1.5548944645e-03  0.0000000000e+00
-2.0250891638e-03  0.0000000000e+00
-2.4365896080e-03  0.0000000000e+00
-2.7837466817e-03  0.0000000000e+00
-3.0623996053e-03  0.0000000000e+00
-3.2699064376e-03  0.0000000000e+00
-3.4051410761e-03  0.0000000000e+00
-3.4684574529e-03  0.0000000000e+00
-3.4616281298e-03  0.0000000000e+00
-3.3877550898e-03  0.0000000000e+00
-3.2511528266e-03  0.0000000000e+00
-3.0572179325e-03  0.0000000000e+00
-2.8122742845e-03  0.0000000000e+00
-2.5234089292e-03  0.0000000000e+00
-2.1982964668e-03  0.0000000000e+00
-1.8450195347e-03  0.0000000000e+00
-1.4718852909e-03  0.0000000000e+00
-1.0872470976e-03  0.0000000000e+00
-6.9932966499e-04  0.0000000000e+00
-3.1606491693e-04  0.0000000000e+00
 5.5057981345e-05  0.0000000000e+00
 4.0713072553e-04  0.0000000000e+00
 7.3394321304e-04  0.0000000000e+00
 1.0300817819e-03  0.0000000000e+00
 1.2910083882e-03  0.0000000000e+00
 1.5131163527e-03  0.0000000000e+00
 1.6937639346e-03  0.0000000000e+00
 1.8312876819e-03  0.0000000000e+00
 1.9249934313e-03  0.0000000000e+00
 1.9751259053e-03  0.0000000000e+00
 1.9828235076e-03  0.0000000000e+00
 1.9500505175e-03  0.0000000000e+00
 1.8795195824e-03  0.0000000000e+00
 1.7745989097e-03  0.0000000000e+00
 1.6392096572e-03  0.0000000000e+00
 1.4777165230e-03  0.0000000000e+00
 1.2948147355e-03  0.0000000000e+00
 1.0954131426e-03  0.0000000000e+00
 8.8451922120e-04  0.0000000000e+00
 6.6712874707e-04  0.0000000000e+00
 4.4811656497e-04  0.0000000000e+00
 2.3214121995e-04  0.0000000000e+00
 2.3553835990e-05  0.0000000000e+00
-1.7368055616e-04  0.0000000000e+00
-3.5604695478e-04  0.0000000000e+00
-5.2053568230e-04  0.0000000000e+00
-6.6468025367e-04  0.0000000000e+00
-7.8658316577e-04  0.0000000000e+00
-8.8492658837e-04  0.0000000000e+00
-9.5897325419e-04  0.0000000000e+00
-1.0085467171e-03  0.0000000000e+00
-1.0340111404e-03  0.0000000000e+00
-1.0362297429e-03  0.0000000000e+00
-1.0165208447e-03  0.0000000000e+00
-9.7660422279e-04  0.0000000000e+00
-9.1854010517e-04  0.0000000000e+00
-8.4466568507e-04  0.0000000000e+00
-7.5752790485e-04  0.0000000000e+00
-6.5981550983e-04  0.0000000000e+00
-5.5428937190e-04  0.0000000000e+00
-4.4372116395e-04  0.0000000000e+00
-3.3082545364e-04  0.0000000000e+00
-2.1820688862e-04  0.0000000000e+00
-1.0830648160e-04  0.0000000000e+00
-3.3551183121e-06  0.0000000000e+00
 9.4661467662e-05  0.0000000000e+00
 1.8403513088e-04  0.0000000000e+00
 2.6335644795e-04  0.0000000000e+00
 3.3152916785e-04  0.0000000000e+00
 3.8777371945e-04  0.0000000000e+00
 4.3163132090e-04  0.0000000000e+00
 4.6294657802e-04  0.0000000000e+00
 4.8186026366e-04  0.0000000000e+00
 4.8878289526e-04  0.0000000000e+00
 4.8436953260e-04  0.0000000000e+00
 4.6949082510e-04  0.0000000000e+00
 4.4519772867e-04  0.0000000000e+00
 4.1268605239e-04  0.0000000000e+00
 3.7325985524e-04  0.0000000000e+00
 3.2829537280e-04  0.0000000000e+00
 2.7919977345e-04  0.0000000000e+00
 2.2738446596e-04  0.0000000000e+00
 1.7422299565e-04  0.0000000000e+00
 1.2102809228e-04  0.0000000000e+00
 6.9022924469e-05  0.0000000000e+00
 1.9316677403e-05  0.0000000000e+00
-2.7111134548e-05  0.0000000000e+00
-6.9426529293e-05  0.0000000000e+00
-1.0695098793e-04  0.0000000000e+00
-1.3916768729e-04  0.0000000000e+00
-1.6571813969e-04  0.0000000000e+00
-1.8640889746e-04  0.0000000000e+00
-2.0119270629e-04  0.0000000000e+00
-2.1016975533e-04  0.0000000000e+00
-2.1356901547e-04  0.0000000000e+00
-2.1173437809e-04  0.0000000000e+00
-2.0510985368e-04  0.0000000000e+00
-1.9422089020e-04  0.0000000000e+00
-1.7965463121e-04  0.0000000000e+00
-1.6204263434e-04  0.0000000000e+00
-1.4204421974e-04  0.0000000000e+00
-1.2032069774e-04  0.0000000000e+00
-9.7531345503e-05  0.0000000000e+00
-7.4304660361e-05  0.0000000000e+00
-5.1233800437e-05  0.0000000000e+00
-2.8862199311e-05  0.0000000000e+00
-7.6721586875e-06  0.0000000000e+00
 1.1920327579e-05  0.0000000000e+00
 2.9570672950e-05  0.0000000000e+00
 4.5010262618e-05  0.0000000000e+00
 5.8048324176e-05  0.0000000000e+00
 6.8563304535e-05  0.0000000000e+00
 7.6514264960e-05  0.0000000000e+00
 8.1918975071e-05  0.0000000000e+00
 8.4862288611e-05  0.0000000000e+00
 8.5481776132e-05  0.0000000000e+00
 8.3960897371e-05  0.0000000000e+00
 8.0521863602e-05  0.0000000000e+00
 7.5417808922e-05  0.0000000000e+00
 6.8920557130e-05  0.0000000000e+00
 6.1314261151e-05  0.0000000000e+00
 5.2891116646e-05  0.0000000000e+00
 4.3930623114e-05  0.0000000000e+00
 3.4711361973e-05  0.0000000000e+00
 2.5486647334e-05  0.0000000000e+00
 1.6490743572e-05  0.0000000000e+00
 7.9316465625e-06  0.0000000000e+00
-1.3360088939e-08  0.0000000000e+00
-7.1992523408e-06  0.0000000000e+00
-1.3511246730e-05  0.0000000000e+00
-1.8868787538e-05  0.0000000000e+00
-2.3226619135e-05  0.0000000000e+00
-2.6561311384e-05  0.0000000000e+00
-2.8890404884e-05  0.0000000000e+00
-3.0245517521e-05  0.0000000000e+00
-3.0687568853e-05  0.0000000000e+00
-3.0294195962e-05  0.0000000000e+00
-2.9157464250e-05  0.0000000000e+00
-2.7379404025e-05  0.0000000000e+00
-2.5072729570e-05  0.0000000000e+00
-2.2349975153e-05  0.0000000000e+00
-1.9323701043e-05  0.0000000000e+00
-1.6110848911e-05  0.0000000000e+00
-1.2809597714e-05  0.0000000000e+00
-9.5242780700e-06  0.0000000000e+00
-6.3388028356e-06  0.0000000000e+00
-3.3294065663e-06  0.0000000000e+00
-5.5992897644e-07  0.0000000000e+00
 1.9189369787e-06  0.0000000000e+00
 4.0727445865e-06  0.0000000000e+00
 5.8749273129e-06  0.0000000000e+00
 7.3129532146e-06  0.0000000000e+00
 8.3913172016e-06  0.0000000000e+00
 9.1105812254e-06  0.0000000000e+00
 9.4988071461e-06  0.0000000000e+00
 9.5760338921e-06  0.0000000000e+00
 9.3771174434e-06  0.0000000000e+00
 8.9391039803e-06  0.0000000000e+00
 8.3024504937e-06  0.0000000000e+00
 7.5052829622e-06  0.0000000000e+00
 6.5930325309e-06  0.0000000000e+00
 5.6038130771e-06  0.0000000000e+00
 4.5717407136e-06  0.0000000000e+00
 3.5407405478e-06  0.0000000000e+00
 2.5304776741e-06  0.0000000000e+00
 1.5773266111e-06  0.0000000000e+00
 6.9937104877e-07  0.0000000000e+00
-8.6055315460e-08  0.0000000000e+00
-7.6683681417e-07  0.0000000000e+00
-1.3333778539e-06  0.0000000000e+00
-1.7877256074e-06  0.0000000000e+00
-2.1268832512e-06  0.0000000000e+00
-2.3528846710e-06  0.0000000000e+00
-2.4826630116e-06  0.0000000000e+00
-2.5101206168e-06  0.0000000000e+00
-2.4600715504e-06  0.0000000000e+00
-2.3355580902e-06  0.0000000000e+00
-2.1525578937e-06  0.0000000000e+00
-1.9253255616e-06  0.0000000000e+00
-1.6709208504e-06  0.0000000000e+00
-1.3953671096e-06  0.0000000000e+00
-1.1174782558e-06  0.0000000000e+00
-8.4550721185e-07  0.0000000000e+00
-5.7953549529e-07  0.0000000000e+00
-3.4450013128e-07  0.0000000000e+00
-1.2506470057e-07  0.0000000000e+00
 6.1749154830e-08  0.0000000000e+00
 2.1875753886e-07  0.0000000000e+00
 3.4427953116e-07  0.0000000000e+00
 4.3752065823e-07  0.0000000000e+00
 4.9318069651e-07  0.0000000000e+00
 5.2556689134e-07  0.0000000000e+00
 5.3452406857e-07  0.0000000000e+00
 5.1366296525e-07  0.0000000000e+00
 4.9034258756e-07  0.0000000000e+00
 4.3495971458e-07  0.0000000000e+00
 3.8202052454e-07  0.0000000000e+00
 3.2239623458e-07  0.0000000000e+00
 2.6025467495e-07  0.0000000000e+00
 1.9364928805e-07  0.0000000000e+00
 1.3383729096e-07  0.0000000000e+00
 6.8678729066e-08  0.0000000000e+00
 2.1445649644e-08  0.0000000000e+00
-1.9673145926e-09  0.0000000000e+00
-4.7526514194e-08  0.0000000000e+00
-6.2724775843e-08  0.0000000000e+00
-1.0191594854e-07  0.0000000000e+00
-1.2016382343e-07  0.0000000000e+00
-1.1037577039e-07  0.0000000000e+00
-1.0295821364e-07  0.0000000000e+00
-1.1967085845e-07  0.0000000000e+00
-1.3613527062e-07  0.0000000000e+00
-1.4640515762e-07  0.0000000000e+00
-1.4753697088e-07  0.0000000000e+00
 3.9805907786e-07  0.0000000000e+00
       0
theoretical   3 FIR_filter   fir    seed
2.0000000000e+03     5            79.5
     160
 4.0330930091e-05  0.0000000000e+00
 7.4544480857e-05  0.0000000000e+00
 1.2347468308e-04  0.0000000000e+00
 1.7021534529e-04  0.0000000000e+00
 1.9734144477e-04  0.0000000000e+00
 1.8551816258e-04  0.0000000000e+00
 1.1936433917e-04  0.0000000000e+00
-5.7239979999e-06  0.0000000000e+00
-1.7795106714e-04  0.0000000000e+00
-3.6738341290e-04  0.0000000000e+00
-5.2959340410e-04  0.0000000000e+00
-6.1510482000e-04  0.0000000000e+00
-5.8332676177e-04  0.0000000000e+00
-4.1734909033e-04  0.0000000000e+00
-1.3497275432e-04  0.0000000000e+00
 2.0836562177e-04  0.0000000000e+00
 5.2779170186e-04  0.0000000000e+00
 7.2830400336e-04  0.0000000000e+00
 7.3137330418e-04  0.0000000000e+00
 5.0199883124e-04  0.0000000000e+00
 6.7842386932e-05  0.0000000000e+00
-4.7722405012e-04  0.0000000000e+00
-9.8931303205e-04  0.0000000000e+00
-1.3091232823e-03  0.0000000000e+00
-1.3075633379e-03  0.0000000000e+00
-9.3016246574e-04  0.0000000000e+00
-2.2628949966e-04  0.0000000000e+00
 6.4844913359e-04  0.0000000000e+00
 1.4619374216e-03  0.0000000000e+00
 1.9635300992e-03  0.0000000000e+00
 1.9569311654e-03  0.0000000000e+00
 1.3679390962e-03  0.0000000000e+00
 2.8550752653e-04  0.0000000000e+00
-1.0405502087e-03  0.0000000000e+00
-2.2510313381e-03  0.0000000000e+00
-2.9695345961e-03  0.0000000000e+00
-2.9131930698e-03  0.0000000000e+00
-1.9908946860e-03  0.0000000000e+00
-3.5740973046e-04  0.0000000000e+00
 1.5990901074e-03  0.0000000000e+00
 3.3414951660e-03  0.0000000000e+00
 4.3244415507e-03  0.0000000000e+00
 4.1562870082e-03  0.0000000000e+00
 2.7364306789e-03  0.0000000000e+00
 3.2348166542e-04  0.0000000000e+00
-2.4951427796e-03  0.0000000000e+00
-4.9357158106e-03  0.0000000000e+00
-6.2261721686e-03  0.0000000000e+00
-5.8370505103e-03  0.0000000000e+00
-3.6695411565e-03  0.0000000000e+00
-1.3943105274e-04  0.0000000000e+00
 3.8808359571e-03  0.0000000000e+00
 7.2623691953e-03  0.0000000000e+00
 8.9207534916e-03  0.0000000000e+00
 8.1415272209e-03  0.0000000000e+00
 4.8378074727e-03  0.0000000000e+00
-3.4353227647e-04  0.0000000000e+00
-6.1166234071e-03  0.0000000000e+00
-1.0849475638e-02  0.0000000000e+00
-1.2994758710e-02  0.0000000000e+00
-1.1551759655e-02  0.0000000000e+00
-6.4313840163e-03  0.0000000000e+00
 1.3914164741e-03  0.0000000000e+00
 1.0007274702e-02  0.0000000000e+00
 1.6983231529e-02  0.0000000000e+00
 1.9976533448e-02  0.0000000000e+00
 1.7409372287e-02  0.0000000000e+00
 9.0308778432e-03  0.0000000000e+00
-3.7955639987e-03  0.0000000000e+00
-1.8185886932e-02  0.0000000000e+00
-3.0227682355e-02  0.0000000000e+00
-3.5788932559e-02  0.0000000000e+00
-3.1473909584e-02  0.0000000000e+00
-1.5506873248e-02  0.0000000000e+00
 1.1674195835e-02  0.0000000000e+00
 4.7275738039e-02  0.0000000000e+00
 8.6521743170e-02  0.0000000000e+00
 1.2348609487e-01  0.0000000000e+00
 1.5221800590e-01  0.0000000000e+00
 1.6792016574e-01  0.0000000000e+00
 1.6792016574e-01  0.0000000000e+00
 1.5221800590e-01  0.0000000000e+00
 1.2348609487e-01  0.0000000000e+00
 8.6521743170e-02  0.0000000000e+00
 4.7275738039e-02  0.0000000000e+00
 1.1674195835e-02  0.0000000000e+00
-1.5506873248e-02  0.0000000000e+00
-3.1473909584e-02  0.0000000000e+00
-3.5788932559e-02  0.0000000000e+00
-3.0227682355e-02  0.0000000000e+00
-1.8185886932e-02  0.0000000000e+00
-3.7955639987e-03  0.0000000000e+00
 9.0308778432e-03  0.0000000000e+00
 1.7409372287e-02  0.0000000000e+00
 1.9976533448e-02  0.0000000000e+00
 1.6983231529e-02  0.0000000000e+00
 1.0007274702e-02  0.0000000000e+00
 1.3914164741e-03  0.0000000000e+00
-6.4313840163e-03  0.0000000000e+00
-1.1551759655e-02  0.0000000000e+00
-1.2994758710e-02  0.0000000000e+00
-1.0849475638e-02  0.0000000000e+00
-6.1166234071e-03  0.0000000000e+00
-3.4353227647e-04  0.0000000000e+00
 4.8378074727e-03  0.0000000000e+00
 8.1415272209e-03  0.0000000000e+00
 8.9207534916e-03  0.0000000000e+00
 7.2623691953e-03  0.0000000000e+00
 3.8808359571e-03  0.0000000000e+00
-1.3943105274e-04  0.0000000000e+00
-3.6695411565e-03  0.0000000000e+00
-5.8370505103e-03  0.0000000000e+00
-6.2261721686e-03  0.0000000000e+00
-4.9357158106e-03  0.0000000000e+00
-2.4951427796e-03  0.0000000000e+00
 3.2348166542e-04  0.0000000000e+00
 2.7364306789e-03  0.0000000000e+00
 4.1562870082e-03  0.0000000000e+00
 4.3244415507e-03  0.0000000000e+00
 3.3414951660e-03  0.0000000000e+00
 1.5990901074e-03  0.0000000000e+00
-3.5740973046e-04  0.0000000000e+00
-1.9908946860e-03  0.0000000000e+00
-2.9131930698e-03  0.0000000000e+00
-2.9695345961e-03  0.0000000000e+00
-2.2510313381e-03  0.0000000000e+00
-1.0405502087e-03  0.0000000000e+00
 2.8550752653e-04  0.0000000000e+00
 1.3679390962e-03  0.0000000000e+00
 1.9569311654e-03  0.0000000000e+00
 1.9635300992e-03  0.0000000000e+00
 1.4619374216e-03  0.0000000000e+00
 6.4844913359e-04  0.0000000000e+00
-2.2628949966e-04  0.0000000000e+00
-9.3016246574e-04  0.0000000000e+00
-1.3075633379e-03  0.0000000000e+00
-1.3091232823e-03  0.0000000000e+00
-9.8931303205e-04  0.0000000000e+00
-4.7722405012e-04  0.0000000000e+00
 6.7842386932e-05  0.0000000000e+00
 5.0199883124e-04  0.0000000000e+00
 7.3137330418e-04  0.0000000000e+00
 7.2830400336e-04  0.0000000000e+00
 5.2779170186e-04  0.0000000000e+00
 2.0836562177e-04  0.0000000000e+00
-1.3497275432e-04  0.0000000000e+00
-4.1734909033e-04  0.0000000000e+00
-5.8332676177e-04  0.0000000000e+00
-6.1510482000e-04  0.0000000000e+00
-5.2959340410e-04  0.0000000000e+00
-3.6738341290e-04  0.0000000000e+00
-1.7795106714e-04  0.0000000000e+00
-5.7239979999e-06  0.0000000000e+00
 1.1936433917e-04  0.0000000000e+00
 1.8551816258e-04  0.0000000000e+00
 1.9734144477e-04  0.0000000000e+00
 1.7021534529e-04  0.0000000000e+00
 1.2347468308e-04  0.0000000000e+00
 7.4544480857e-05  0.0000000000e+00
 4.0330930091e-05  0.0000000000e+00
       0
theoretical   4 FIR_filter   fir    seed
4.0000000000e+02     2            47.5
      96
-4.6276230681e-06  0.0000000000e+00
-8.2641169695e-05  0.0000000000e+00
-2.2617340156e-04  0.0000000000e+00
-2.5407975077e-04  0.0000000000e+00
 7.6710687968e-07  0.0000000000e+00
 3.0523352880e-04  0.0000000000e+00
 1.7139985481e-04  0.0000000000e+00
-3.4969316339e-04  0.0000000000e+00
-4.4941772071e-04  0.0000000000e+00
 2.6334308320e-04  0.0000000000e+00
 7.9032897065e-04  0.0000000000e+00
 3.8600190884e-05  0.0000000000e+00
-1.0925522799e-03  0.0000000000e+00
-6.0041840221e-04  0.0000000000e+00
 1.2072845644e-03  0.0000000000e+00
 1.3981384470e-03  0.0000000000e+00
-9.6314583319e-04  0.0000000000e+00
-2.3149027524e-03  0.0000000000e+00
 2.0797375696e-04  0.0000000000e+00
 3.1322797779e-03  0.0000000000e+00
 1.1378168513e-03  0.0000000000e+00
-3.5458442739e-03  0.0000000000e+00
-3.0263728075e-03  0.0000000000e+00
 3.2098961286e-03  0.0000000000e+00
 5.2416973455e-03  0.0000000000e+00
-1.8051103010e-03  0.0000000000e+00
-7.3811066307e-03  0.0000000000e+00
-8.7358785428e-04  0.0000000000e+00
 8.8771606213e-03  0.0000000000e+00
 4.8352516620e-03  0.0000000000e+00
-9.0486766880e-03  0.0000000000e+00
-9.8208201640e-03  0.0000000000e+00
 7.1841949828e-03  0.0000000000e+00
 1.5263744396e-02  0.0000000000e+00
-2.6305841276e-03  0.0000000000e+00
-2.0281865719e-02  0.0000000000e+00
-5.1465379426e-03  0.0000000000e+00
 2.3680296597e-02  0.0000000000e+00
 1.6590249405e-02  0.0000000000e+00
-2.3892300872e-02  0.0000000000e+00
-3.2302269437e-02  0.0000000000e+00
 1.8619890501e-02  0.0000000000e+00
 5.3980088064e-02  0.0000000000e+00
-3.1427313370e-03  0.0000000000e+00
-8.8558565208e-02  0.0000000000e+00
-4.0176850029e-02  0.0000000000e+00
 1.8489381608e-01  0.0000000000e+00
 4.0688761473e-01  0.0000000000e+00
 4.0688761473e-01  0.0000000000e+00
 1.8489381608e-01  0.0000000000e+00
-4.0176850029e-02  0.0000000000e+00
-8.8558565208e-02  0.0000000000e+00
-3.1427313370e-03  0.0000000000e+00
 5.3980088064e-02  0.0000000000e+00
 1.8619890501e-02  0.0000000000e+00
-3.2302269437e-02  0.0000000000e+00
-2.3892300872e-02  0.0000000000e+00
 1.6590249405e-02  0.0000000000e+00
 2.3680296597e-02  0.0000000000e+00
-5.1465379426e-03  0.0000000000e+00
-2.0281865719e-02  0.0000000000e+00
-2.6305841276e-03  0.0000000000e+00
 1.5263744396e-02  0.0000000000e+00
 7.1841949828e-03  0.0000000000e+00
-9.8208201640e-03  0.0000000000e+00
-9.0486766880e-03  0.0000000000e+00
 4.8352516620e-03  0.0000000000e+00
 8.8771606213e-03  0.0000000000e+00
-8.7358785428e-04  0.0000000000e+00
-7.3811066307e-03  0.0000000000e+00
-1.8051103010e-03  0.0000000000e+00
 5.2416973455e-03  0.0000000000e+00
 3.2098961286e-03  0.0000000000e+00
-3.0263728075e-03  0.0000000000e+00
-3.5458442739e-03  0.0000000000e+00
 1.1378168513e-03  0.0000000000e+00
 3.1322797779e-03  0.0000000000e+00
 2.0797375696e-04  0.0000000000e+00
-2.3149027524e-03  0.0000000000e+00
-9.6314583319e-04  0.0000000000e+00
 1.3981384470e-03  0.0000000000e+00
 1.2072845644e-03  0.0000000000e+00
-6.0041840221e-04  0.0000000000e+00
-1.0925522799e-03  0.0000000000e+00
 3.8600190884e-05  0.0000000000e+00
 7.9032897065e-04  0.0000000000e+00
 2.6334308320e-04  0.0000000000e+00
-4.4941772071e-04  0.0000000000e+00
-3.4969316339e-04  0.0000000000e+00
 1.7139985481e-04  0.0000000000e+00
 3.0523352880e-04  0.0000000000e+00
 7.6710687968e-07  0.0000000000e+00
-2.5407975077e-04  0.0000000000e+00
-2.2617340156e-04  0.0000000000e+00
-8.2641169695e-05  0.0000000000e+00
-4.6276230681e-06  0.0000000000e+00
       0
theoretical   5 FIR_filter   fir    seed
2.0000000000e+02     2            47.5
      96
-4.6262129699e-06  0.0000000000e+00
-8.2615987833e-05  0.0000000000e+00
-2.2610448352e-04  0.0000000000e+00
-2.5400232930e-04  0.0000000000e+00
 7.6687313202e-07  0.0000000000e+00
 3.0514052009e-04  0.0000000000e+00
 1.7134762700e-04  0.0000000000e+00
-3.4958660724e-04  0.0000000000e+00
-4.4928077717e-04  0.0000000000e+00
 2.6326283907e-04  0.0000000000e+00
 7.9008814691e-04  0.0000000000e+00
 3.8588428893e-05  0.0000000000e+00
-1.0922193647e-03  0.0000000000e+00
-6.0023544675e-04  0.0000000000e+00
 1.2069166887e-03  0.0000000000e+00
 1.3977124157e-03  0.0000000000e+00
-9.6285234986e-04  0.0000000000e+00
-2.3141973708e-03  0.0000000000e+00
 2.0791038459e-04  0.0000000000e+00
 3.1313253307e-03  0.0000000000e+00
 1.1374701434e-03  0.0000000000e+00
-3.5447638081e-03  0.0000000000e+00
-3.0254506315e-03  0.0000000000e+00
 3.2089180306e-03  0.0000000000e+00
 5.2401001308e-03  0.0000000000e+00
-1.8045602600e-03  0.0000000000e+00
-7.3788575095e-03  0.0000000000e+00
-8.7332166046e-04  0.0000000000e+00
 8.8744556326e-03  0.0000000000e+00
 4.8337782966e-03  0.0000000000e+00
-9.0459194360e-03  0.0000000000e+00
-9.8178276296e-03  0.0000000000e+00
 7.1820058631e-03  0.0000000000e+00
 1.5259093330e-02  0.0000000000e+00
-2.6297825537e-03  0.0000000000e+00
-2.0275685565e-02  0.0000000000e+00
-5.1449697241e-03  0.0000000000e+00
 2.3673080896e-02  0.0000000000e+00
 1.6585194136e-02  0.0000000000e+00
-2.3885020571e-02  0.0000000000e+00
-3.2292426507e-02  0.0000000000e+00
 1.8614216773e-02  0.0000000000e+00
 5.3963639615e-02  0.0000000000e+00
-3.1417737050e-03  0.0000000000e+00
-8.8531580238e-02  0.0000000000e+00
-4.0164607610e-02  0.0000000000e+00
 1.8483747648e-01  0.0000000000e+00
 4.0676363067e-01  0.0000000000e+00
 4.0676363067e-01  0.0000000000e+00
 1.8483747648e-01  0.0000000000e+00
-4.0164607610e-02  0.0000000000e+00
-8.8531580238e-02  0.0000000000e+00
-3.1417737050e-03  0.0000000000e+00
 5.3963639615e-02  0.0000000000e+00
 1.8614216773e-02  0.0000000000e+00
-3.2292426507e-02  0.0000000000e+00
-2.3885020571e-02  0.0000000000e+00
 1.6585194136e-02  0.0000000000e+00
 2.3673080896e-02  0.0000000000e+00
-5.1449697241e-03  0.0000000000e+00
-2.0275685565e-02  0.0000000000e+00
-2.6297825537e-03  0.0000000000e+00
 1.5259093330e-02  0.0000000000e+00
 7.1820058631e-03  0.0000000000e+00
-9.8178276296e-03  0.0000000000e+00
-9.0459194360e-03  0.0000000000e+00
 4.8337782966e-03  0.0000000000e+00
 8.8744556326e-03  0.0000000000e+00
-8.7332166046e-04  0.0000000000e+00
-7.3788575095e-03  0.0000000000e+00
-1.8045602600e-03  0.0000000000e+00
 5.2401001308e-03  0.0000000000e+00
 3.2089180306e-03  0.0000000000e+00
-3.0254506315e-03  0.0000000000e+00
-3.5447638081e-03  0.0000000000e+00
 1.1374701434e-03  0.0000000000e+00
 3.1313253307e-03  0.0000000000e+00
 2.0791038459e-04  0.0000000000e+00
-2.3141973708e-03  0.0000000000e+00
-9.6285234986e-04  0.0000000000e+00
 1.3977124157e-03  0.0000000000e+00
 1.2069166887e-03  0.0000000000e+00
-6.0023544675e-04  0.0000000000e+00
-1.0922193647e-03  0.0000000000e+00
 3.8588428893e-05  0.0000000000e+00
 7.9008814691e-04  0.0000000000e+00
 2.6326283907e-04  0.0000000000e+00
-4.4928077717e-04  0.0000000000e+00
-3.4958660724e-04  0.0000000000e+00
 1.7134762700e-04  0.0000000000e+00
 3.0514052009e-04  0.0000000000e+00
 7.6687313202e-07  0.0000000000e+00
-2.5400232930e-04  0.0000000000e+00
-2.2610448352e-04  0.0000000000e+00
-8.2615987833e-05  0.0000000000e+00
-4.6262129699e-06  0.0000000000e+00
       0
theoretical   6 FIR_filter   fir    seed
1.0000000000e+02     5            79.5
     160
 4.7439793675e-05  0.0000000000e+00
 8.7683938444e-05  0.0000000000e+00
 1.4523874049e-04  0.0000000000e+00
 2.0021806695e-04  0.0000000000e+00
 2.3212550274e-04  0.0000000000e+00
 2.1821820959e-04  0.0000000000e+00
 1.4040389372e-04  0.0000000000e+00
-6.7329288836e-06  0.0000000000e+00
-2.0931731280e-04  0.0000000000e+00
-4.3213963249e-04  0.0000000000e+00
-6.2294129507e-04  0.0000000000e+00
-7.2352523692e-04  0.0000000000e+00
-6.8614587268e-04  0.0000000000e+00
-4.9091242605e-04  0.0000000000e+00
-1.5876349993e-04  0.0000000000e+00
 2.4509283777e-04  0.0000000000e+00
 6.2082201881e-04  0.0000000000e+00
 8.5667728401e-04  0.0000000000e+00
 8.6028758998e-04  0.0000000000e+00
 5.9048281122e-04  0.0000000000e+00
 7.9800511201e-05  0.0000000000e+00
-5.6134114496e-04  0.0000000000e+00
-1.1636926303e-03  0.0000000000e+00
-1.5398736966e-03  0.0000000000e+00
-1.5380387913e-03  0.0000000000e+00
-1.0941159889e-03  0.0000000000e+00
-2.6617603786e-04  0.0000000000e+00
 7.6274692989e-04  0.0000000000e+00
 1.7196233633e-03  0.0000000000e+00
 2.3096284309e-03  0.0000000000e+00
 2.3018663471e-03  0.0000000000e+00
 1.6090565810e-03  0.0000000000e+00
 3.3583203067e-04  0.0000000000e+00
-1.2239610417e-03  0.0000000000e+00
-2.6478055922e-03  0.0000000000e+00
-3.4929546190e-03  0.0000000000e+00
-3.4266821483e-03  0.0000000000e+00
-2.3418163906e-03  0.0000000000e+00
-4.2040795569e-04  0.0000000000e+00
 1.8809510367e-03  0.0000000000e+00
 3.9304781934e-03  0.0000000000e+00
 5.0866819699e-03  0.0000000000e+00
 4.8888879498e-03  0.0000000000e+00
 3.2187630318e-03  0.0000000000e+00
 3.8049961730e-04  0.0000000000e+00
-2.9349449266e-03  0.0000000000e+00
-5.8057014595e-03  0.0000000000e+00
-7.3236179379e-03  0.0000000000e+00
-6.8659084047e-03  0.0000000000e+00
-4.3163466588e-03  0.0000000000e+00
-1.6400763283e-04  0.0000000000e+00
 4.5648849822e-03  0.0000000000e+00
 8.5424584913e-03  0.0000000000e+00
 1.0493155107e-02  0.0000000000e+00
 9.5765798282e-03  0.0000000000e+00
 5.6905354730e-03  0.0000000000e+00
-4.0408441560e-04  0.0000000000e+00
-7.1947597481e-03  0.0000000000e+00
-1.2761840220e-02  0.0000000000e+00
-1.5285258006e-02  0.0000000000e+00
-1.3587911149e-02  0.0000000000e+00
-7.5650011069e-03  0.0000000000e+00
 1.6366721595e-03  0.0000000000e+00
 1.1771190152e-02  0.0000000000e+00
 1.9976752280e-02  0.0000000000e+00
 2.3497663530e-02  0.0000000000e+00
 2.0478006022e-02  0.0000000000e+00
 1.0622690343e-02  0.0000000000e+00
-4.4645827055e-03  0.0000000000e+00
-2.1391391717e-02  0.0000000000e+00
-3.5555713963e-02  0.0000000000e+00
-4.2097208585e-02  0.0000000000e+00
-3.7021605340e-02  0.0000000000e+00
-1.8240166190e-02  0.0000000000e+00
 1.3731928337e-02  0.0000000000e+00
 5.5608716519e-02  0.0000000000e+00
 1.0177235276e-01  0.0000000000e+00
 1.4525216376e-01  0.0000000000e+00
 1.7904845678e-01  0.0000000000e+00
 1.9751833143e-01  0.0000000000e+00
 1.9751833143e-01  0.0000000000e+00
 1.7904845678e-01  0.0000000000e+00
 1.4525216376e-01  0.0000000000e+00
 1.0177235276e-01  0.0000000000e+00
 5.5608716519e-02  0.0000000000e+00
 1.3731928337e-02  0.0000000000e+00
-1.8240166190e-02  0.0000000000e+00
-3.7021605340e-02  0.0000000000e+00
-4.2097208585e-02  0.0000000000e+00
-3.5555713963e-02  0.0000000000e+00
-2.1391391717e-02  0.0000000000e+00
-4.4645827055e-03  0.0000000000e+00
 1.0622690343e-02  0.0000000000e+00
 2.0478006022e-02  0.0000000000e+00
 2.3497663530e-02  0.0000000000e+00
 1.9976752280e-02  0.0000000000e+00
 1.1771190152e-02  0.0000000000e+00
 1.6366721595e-03  0.0000000000e+00
-7.5650011069e-03  0.0000000000e+00
-1.3587911149e-02  0.0000000000e+00
-1.5285258006e-02  0.0000000000e+00
-1.2761840220e-02  0.0000000000e+00
-7.1947597481e-03  0.0000000000e+00
-4.0408441560e-04  0.0000000000e+00
 5.6905354730e-03  0.0000000000e+00
 9.5765798282e-03  0.0000000000e+00
 1.0493155107e-02  0.0000000000e+00
 8.5424584913e-03  0.0000000000e+00
 4.5648849822e-03  0.0000000000e+00
-1.6400763283e-04  0.0000000000e+00
-4.3163466588e-03  0.0000000000e+00
-6.8659084047e-03  0.0000000000e+00
-7.3236179379e-03  0.0000000000e+00
-5.8057014595e-03  0.0000000000e+00
-2.9349449266e-03  0.0000000000e+00
 3.8049961730e-04  0.0000000000e+00
 3.2187630318e-03  0.0000000000e+00
 4.8888879498e-03  0.0000000000e+00
 5.0866819699e-03  0.0000000000e+00
 3.9304781934e-03  0.0000000000e+00
 1.8809510367e-03  0.0000000000e+00
-4.2040795569e-04  0.0000000000e+00
-2.3418163906e-03  0.0000000000e+00
-3.4266821483e-03  0.0000000000e+00
-3.4929546190e-03  0.0000000000e+00
-2.6478055922e-03  0.0000000000e+00
-1.2239610417e-03  0.0000000000e+00
 3.3583203067e-04  0.0000000000e+00
 1.6090565810e-03  0.0000000000e+00
 2.3018663471e-03  0.0000000000e+00
 2.3096284309e-03  0.0000000000e+00
 1.7196233633e-03  0.0000000000e+00
 7.6274692989e-04  0.0000000000e+00
-2.6617603786e-04  0.0000000000e+00
-1.0941159889e-03  0.0000000000e+00
-1.5380387913e-03  0.0000000000e+00
-1.5398736966e-03  0.0000000000e+00
-1.1636926303e-03  0.0000000000e+00
-5.6134114496e-04  0.0000000000e+00
 7.9800511201e-05  0.0000000000e+00
 5.9048281122e-04  0.0000000000e+00
 8.6028758998e-04  0.0000000000e+00
 8.5667728401e-04  0.0000000000e+00
 6.2082201881e-04  0.0000000000e+00
 2.4509283777e-04  0.0000000000e+00
-1.5876349993e-04  0.0000000000e+00
-4.9091242605e-04  0.0000000000e+00
-6.8614587268e-04  0.0000000000e+00
-7.2352523692e-04  0.0000000000e+00
-6.2294129507e-04  0.0000000000e+00
-4.3213963249e-04  0.0000000000e+00
-2.0931731280e-04  0.0000000000e+00
-6.7329288836e-06  0.0000000000e+00
 1.4040389372e-04  0.0000000000e+00
 2.1821820959e-04  0.0000000000e+00
 2.3212550274e-04  0.0000000000e+00
 2.0021806695e-04  0.0000000000e+00
 1.4523874049e-04  0.0000000000e+00
 8.7683938444e-05  0.0000000000e+00
 4.7439793675e-05  0.0000000000e+00
       0
theoretical   7 FIR_filter   fir    seed
2.0000000000e+01     2            47.5
      96
-6.8183546591e-01  0.0000000000e+00
-1.2176376428e+01  0.0000000000e+00
-3.3324461470e+01  0.0000000000e+00
-3.7436191907e+01  0.0000000000e+00
 1.1302577349e-01  0.0000000000e+00
 4.4973205954e+01  0.0000000000e+00
 2.5254109538e+01  0.0000000000e+00
-5.1523902764e+01  0.0000000000e+00
-6.6217351000e+01  0.0000000000e+00
 3.8801054276e+01  0.0000000000e+00
 1.1644732382e+02  0.0000000000e+00
 5.6873644954e+00  0.0000000000e+00
-1.6097700306e+02  0.0000000000e+00
-8.8465839804e+01  0.0000000000e+00
 1.7788169463e+02  0.0000000000e+00
 2.0600216686e+02  0.0000000000e+00
-1.4191021573e+02  0.0000000000e+00
-3.4107851342e+02  0.0000000000e+00
 3.0642920002e+01  0.0000000000e+00
 4.6151110631e+02  0.0000000000e+00
 1.6764629951e+02  0.0000000000e+00
-5.2244583169e+02  0.0000000000e+00
-4.4590673934e+02  0.0000000000e+00
 4.7294712429e+02  0.0000000000e+00
 7.7231336676e+02  0.0000000000e+00
-2.6596553026e+02  0.0000000000e+00
-1.0875346165e+03  0.0000000000e+00
-1.2871471442e+02  0.0000000000e+00
 1.3079636909e+03  0.0000000000e+00
 7.1242752948e+02  0.0000000000e+00
-1.3332349231e+03  0.0000000000e+00
-1.4470027903e+03  0.0000000000e+00
 1.0585215912e+03  0.0000000000e+00
 2.2489649910e+03  0.0000000000e+00
-3.8759110842e+02  0.0000000000e+00
-2.9883365949e+03  0.0000000000e+00
-7.5829254983e+02  0.0000000000e+00
 3.4890624897e+03  0.0000000000e+00
 2.4444126642e+03  0.0000000000e+00
-3.5202992675e+03  0.0000000000e+00
-4.7594267312e+03  0.0000000000e+00
 2.7434606337e+03  0.0000000000e+00
 7.9534434750e+03  0.0000000000e+00
-4.6305104237e+02  0.0000000000e+00
-1.3048247379e+04  0.0000000000e+00
-5.9196699592e+03  0.0000000000e+00
 2.7242314116e+04  0.0000000000e+00
 5.9950951554e+04  0.0000000000e+00
 5.9950951554e+04  0.0000000000e+00
 2.7242314116e+04  0.0000000000e+00
-5.9196699592e+03  0.0000000000e+00
-1.3048247379e+04  0.0000000000e+00
-4.6305104237e+02  0.0000000000e+00
 7.9534434750e+03  0.0000000000e+00
 2.7434606337e+03  0.0000000000e+00
-4.7594267312e+03  0.0000000000e+00
-3.5202992675e+03  0.0000000000e+00
 2.4444126642e+03  0.0000000000e+00
 3.4890624897e+03  0.0000000000e+00
-7.5829254983e+02  0.0000000000e+00
-2.9883365949e+03  0.0000000000e+00
-3.8759110842e+02  0.0000000000e+00
 2.2489649910e+03  0.0000000000e+00
 1.0585215912e+03  0.0000000000e+00
-1.4470027903e+03  0.0000000000e+00
-1.3332349231e+03  0.0000000000e+00
 7.1242752948e+02  0.0000000000e+00
 1.3079636909e+03  0.0000000000e+00
-1.2871471442e+02  0.0000000000e+00
-1.0875346165e+03  0.0000000000e+00
-2.6596553026e+02  0.0000000000e+00
 7.7231336676e+02  0.0000000000e+00
 4.7294712429e+02  0.0000000000e+00
-4.4590673934e+02  0.0000000000e+00
-5.2244583169e+02  0.0000000000e+00
 1.6764629951e+02  0.0000000000e+00
 4.6151110631e+02  0.0000000000e+00
 3.0642920002e+01  0.0000000000e+00
-3.4107851342e+02  0.0000000000e+00
-1.4191021573e+02  0.0000000000e+00
 2.0600216686e+02  0.0000000000e+00
 1.7788169463e+02  0.0000000000e+00
-8.8465839804e+01  0.0000000000e+00
-1.6097700306e+02  0.0000000000e+00
 5.6873644954e+00  0.0000000000e+00
 1.1644732382e+02  0.0000000000e+00
 3.8801054276e+01  0.0000000000e+00
-6.6217351000e+01  0.0000000000e+00
-5.1523902764e+01  0.0000000000e+00
 2.5254109538e+01  0.0000000000e+00
 4.4973205954e+01  0.0000000000e+00
 1.1302577349e-01  0.0000000000e+00
-3.7436191907e+01  0.0000000000e+00
-3.3324461470e+01  0.0000000000e+00
-1.2176376428e+01  0.0000000000e+00
-6.8183546591e-01  0.0000000000e+00
       0
theoretical   8 FIR_filter   fir    seed
1.0000000000e+01    10           129.5
     260
-6.6094697757e+10  0.0000000000e+00
-1.1479861923e+11  0.0000000000e+00
-1.3071594848e+11  0.0000000000e+00
-2.1904430856e+11  0.0000000000e+00
-2.7298995111e+11  0.0000000000e+00
-3.7000234443e+11  0.0000000000e+00
-4.4760259242e+11  0.0000000000e+00
-5.4598850011e+11  0.0000000000e+00
-6.2649388265e+11  0.0000000000e+00
-7.0779445143e+11  0.0000000000e+00
-7.6440854149e+11  0.0000000000e+00
-8.0332424454e+11  0.0000000000e+00
-8.0744526530e+11  0.0000000000e+00
-7.7889125458e+11  0.0000000000e+00
-7.0759652063e+11  0.0000000000e+00
-5.9581039922e+11  0.0000000000e+00
-4.4067635783e+11  0.0000000000e+00
-2.4802224944e+11  0.0000000000e+00
-2.2526794254e+10  0.0000000000e+00
 2.2479567309e+11  0.0000000000e+00
 4.8242647173e+11  0.0000000000e+00
 7.3463980885e+11  0.0000000000e+00
 9.6541255325e+11  0.0000000000e+00
 1.1570306447e+12  0.0000000000e+00
 1.2929899980e+12  0.0000000000e+00
 1.3579292724e+12  0.0000000000e+00
 1.3399458412e+12  0.0000000000e+00
 1.2310649737e+12  0.0000000000e+00
 1.0288518227e+12  0.0000000000e+00
 7.3684406535e+11  0.0000000000e+00
 3.6529293480e+11  0.0000000000e+00
-6.9046013169e+10  0.0000000000e+00
-5.4319355600e+11  0.0000000000e+00
-1.0289852394e+12  0.0000000000e+00
-1.4944589531e+12  0.0000000000e+00
-1.9057650670e+12  0.0000000000e+00
-2.2293024246e+12  0.0000000000e+00
-2.4341792824e+12  0.0000000000e+00
-2.4946649347e+12  0.0000000000e+00
-2.3925137443e+12  0.0000000000e+00
-2.1190125765e+12  0.0000000000e+00
-1.6765615586e+12  0.0000000000e+00
-1.0795417215e+12  0.0000000000e+00
-3.5448743566e+11  0.0000000000e+00
 4.6064393341e+11  0.0000000000e+00
 1.3180964602e+12  0.0000000000e+00
 2.1627636424e+12  0.0000000000e+00
 2.9353904021e+12  0.0000000000e+00
 3.5764050614e+12  0.0000000000e+00
 4.0300690234e+12  0.0000000000e+00
 4.2487276266e+12  0.0000000000e+00
 4.1969470783e+12  0.0000000000e+00
 3.8549987828e+12  0.0000000000e+00
 3.2216632116e+12  0.0000000000e+00
 2.3158805809e+12  0.0000000000e+00
 1.1771520570e+12  0.0000000000e+00
-1.3552835974e+11  0.0000000000e+00
-1.5461288034e+12  0.0000000000e+00
-2.9655485479e+12  0.0000000000e+00
-4.2967465941e+12  0.0000000000e+00
-5.4408970785e+12  0.0000000000e+00
-6.3041771896e+12  0.0000000000e+00
-6.8046889538e+12  0.0000000000e+00
-6.8791727321e+12  0.0000000000e+00
-6.4888818537e+12  0.0000000000e+00
-5.6242126446e+12  0.0000000000e+00
-4.3076763747e+12  0.0000000000e+00
-2.5948294134e+12  0.0000000000e+00
-5.7295151142e+11  0.0000000000e+00
 1.6425431054e+12  0.0000000000e+00
 3.9139863408e+12  0.0000000000e+00
 6.0893174844e+12  0.0000000000e+00
 8.0114837901e+12  0.0000000000e+00
 9.5290156530e+12  0.0000000000e+00
 1.0506838885e+13  0.0000000000e+00
 1.0836912527e+13  0.0000000000e+00
 1.0447668323e+13  0.0000000000e+00
 9.3116795738e+12  0.0000000000e+00
 7.4508539039e+12  0.0000000000e+00
 4.9385699037e+12  0.0000000000e+00
 1.8984801089e+12  0.0000000000e+00
-1.5002475483e+12  0.0000000000e+00
-5.0511659592e+12  0.0000000000e+00
-8.5218691069e+12  0.0000000000e+00
-1.1667969026e+13  0.0000000000e+00
-1.4248857991e+13  0.0000000000e+00
-1.6044341718e+13  0.0000000000e+00
-1.6871142257e+13  0.0000000000e+00
-1.6598048206e+13  0.0000000000e+00
-1.5158683485e+13  0.0000000000e+00
-1.2560861137e+13  0.0000000000e+00
-8.8916127979e+12  0.0000000000e+00
-4.3173690131e+12  0.0000000000e+00
 9.2116597369e+11  0.0000000000e+00
 6.5193936478e+12  0.0000000000e+00
 1.2124116229e+13  0.0000000000e+00
 1.7353231530e+13  0.0000000000e+00
 2.1818571281e+13  0.0000000000e+00
 2.5151011555e+13  0.0000000000e+00
 2.7025987934e+13  0.0000000000e+00
 2.7188208196e+13  0.0000000000e+00
 2.5473699960e+13  0.0000000000e+00
 2.1827780586e+13  0.0000000000e+00
 1.6317577277e+13  0.0000000000e+00
 9.1379649950e+12  0.0000000000e+00
 6.1020453604e+11  0.0000000000e+00
-8.8270461587e+12  0.0000000000e+00
-1.8634291018e+13  0.0000000000e+00
-2.8194671389e+13  0.0000000000e+00
-3.6843418318e+13  0.0000000000e+00
-4.3901809777e+13  0.0000000000e+00
-4.8713910557e+13  0.0000000000e+00
-5.0684089262e+13  0.0000000000e+00
-4.9313213972e+13  0.0000000000e+00
-4.4231404862e+13  0.0000000000e+00
-3.5225320592e+13  0.0000000000e+00
-2.2258304557e+13  0.0000000000e+00
-5.4818983094e+12  0.0000000000e+00
 1.4762144502e+13  0.0000000000e+00
 3.7949812681e+13  0.0000000000e+00
 6.3392599015e+13  0.0000000000e+00
 9.0264457667e+13  0.0000000000e+00
 1.1763661851e+14  0.0000000000e+00
 1.4451871404e+14  0.0000000000e+00
 1.6990402282e+14  0.0000000000e+00
 1.9281659375e+14  0.0000000000e+00
 2.1235766876e+14  0.0000000000e+00
 2.2774904244e+14  0.0000000000e+00
 2.3837092271e+14  0.0000000000e+00
 2.4379233689e+14  0.0000000000e+00
 2.4379233689e+14  0.0000000000e+00
 2.3837092271e+14  0.0000000000e+00
 2.2774904244e+14  0.0000000000e+00
 2.1235766876e+14  0.0000000000e+00
 1.9281659375e+14  0.0000000000e+00
 1.6990402282e+14  0.0000000000e+00
 1.4451871404e+14  0.0000000000e+00
 1.1763661851e+14  0.0000000000e+00
 9.0264457667e+13  0.0000000000e+00
 6.3392599015e+13  0.0000000000e+00
 3.7949812681e+13  0.0000000000e+00
 1.4762144502e+13  0.0000000000e+00
-5.4818983094e+12  0.0000000000e+00
-2.2258304557e+13  0.0000000000e+00
-3.5225320592e+13  0.0000000000e+00
-4.4231404862e+13  0.0000000000e+00
-4.9313213972e+13  0.0000000000e+00
-5.0684089262e+13  0.0000000000e+00
-4.8713910557e+13  0.0000000000e+00
-4.3901809777e+13  0.0000000000e+00
-3.6843418318e+13  0.0000000000e+00
-2.8194671389e+13  0.0000000000e+00
-1.8634291018e+13  0.0000000000e+00
-8.8270461587e+12  0.0000000000e+00
 6.1020453604e+11  0.0000000000e+00
 9.1379649950e+12  0.0000000000e+00
 1.6317577277e+13  0.0000000000e+00
 2.1827780586e+13  0.0000000000e+00
 2.5473699960e+13  0.0000000000e+00
 2.7188208196e+13  0.0000000000e+00
 2.7025987934e+13  0.0000000000e+00
 2.5151011555e+13  0.0000000000e+00
 2.1818571281e+13  0.0000000000e+00
 1.7353231530e+13  0.0000000000e+00
 1.2124116229e+13  0.0000000000e+00
 6.5193936478e+12  0.0000000000e+00
 9.2116597369e+11  0.0000000000e+00
-4.3173690131e+12  0.0000000000e+00
-8.8916127979e+12  0.0000000000e+00
-1.2560861137e+13  0.0000000000e+00
-1.5158683485e+13  0.0000000000e+00
-1.6598048206e+13  0.0000000000e+00
-1.6871142257e+13  0.0000000000e+00
-1.6044341718e+13  0.0000000000e+00
-1.4248857991e+13  0.0000000000e+00
-1.1667969026e+13  0.0000000000e+00
-8.5218691069e+12  0.0000000000e+00
-5.0511659592e+12  0.0000000000e+00
-1.5002475483e+12  0.0000000000e+00
 1.8984801089e+12  0.0000000000e+00
 4.9385699037e+12  0.0000000000e+00
 7.4508539039e+12  0.0000000000e+00
 9.3116795738e+12  0.0000000000e+00
 1.0447668323e+13  0.0000000000e+00
 1.0836912527e+13  0.0000000000e+00
 1.0506838885e+13  0.0000000000e+00
 9.5290156530e+12  0.0000000000e+00
 8.0114837901e+12  0.0000000000e+00
 6.0893174844e+12  0.0000000000e+00
 3.9139863408e+12  0.0000000000e+00
 1.6425431054e+12  0.0000000000e+00
-5.7295151142e+11  0.0000000000e+00
-2.5948294134e+12  0.0000000000e+00
-4.3076763747e+12  0.0000000000e+00
-5.6242126446e+12  0.0000000000e+00
-6.4888818537e+12  0.0000000000e+00
-6.8791727321e+12  0.0000000000e+00
-6.8046889538e+12  0.0000000000e+00
-6.3041771896e+12  0.0000000000e+00
-5.4408970785e+12  0.0000000000e+00
-4.2967465941e+12  0.0000000000e+00
-2.9655485479e+12  0.0000000000e+00
-1.5461288034e+12  0.0000000000e+00
-1.3552835974e+11  0.0000000000e+00
 1.1771520570e+12  0.0000000000e+00
 2.3158805809e+12  0.0000000000e+00
 3.2216632116e+12  0.0000000000e+00
 3.8549987828e+12  0.0000000000e+00
 4.1969470783e+12  0.0000000000e+00
 4.2487276266e+12  0.0000000000e+00
 4.0300690234e+12  0.0000000000e+00
 3.5764050614e+12  0.0000000000e+00
 2.9353904021e+12  0.0000000000e+00
 2.1627636424e+12  0.0000000000e+00
 1.3180964602e+12  0.0000000000e+00
 4.6064393341e+11  0.0000000000e+00
-3.5448743566e+11  0.0000000000e+00
-1.0795417215e+12  0.0000000000e+00
-1.6765615586e+12  0.0000000000e+00
-2.1190125765e+12  0.0000000000e+00
-2.3925137443e+12  0.0000000000e+00
-2.4946649347e+12  0.0000000000e+00
-2.4341792824e+12  0.0000000000e+00
-2.2293024246e+12  0.0000000000e+00
-1.9057650670e+12  0.0000000000e+00
-1.4944589531e+12  0.0000000000e+00
-1.0289852394e+12  0.0000000000e+00
-5.4319355600e+11  0.0000000000e+00
-6.9046013169e+10  0.0000000000e+00
 3.6529293480e+11  0.0000000000e+00
 7.3684406535e+11  0.0000000000e+00
 1.0288518227e+12  0.0000000000e+00
 1.2310649737e+12  0.0000000000e+00
 1.3399458412e+12  0.0000000000e+00
 1.3579292724e+12  0.0000000000e+00
 1.2929899980e+12  0.0000000000e+00
 1.1570306447e+12  0.0000000000e+00
 9.6541255325e+11  0.0000000000e+00
 7.3463980885e+11  0.0000000000e+00
 4.8242647173e+11  0.0000000000e+00
 2.2479567309e+11  0.0000000000e+00
-2.2526794254e+10  0.0000000000e+00
-2.4802224944e+11  0.0000000000e+00
-4.4067635783e+11  0.0000000000e+00
-5.9581039922e+11  0.0000000000e+00
-7.0759652063e+11  0.0000000000e+00
-7.7889125458e+11  0.0000000000e+00
-8.0744526530e+11  0.0000000000e+00
-8.0332424454e+11  0.0000000000e+00
-7.6440854149e+11  0.0000000000e+00
-7.0779445143e+11  0.0000000000e+00
-6.2649388265e+11  0.0000000000e+00
-5.4598850011e+11  0.0000000000e+00
-4.4760259242e+11  0.0000000000e+00
-3.7000234443e+11  0.0000000000e+00
-2.7298995111e+11  0.0000000000e+00
-2.1904430856e+11  0.0000000000e+00
-1.3071594848e+11  0.0000000000e+00
-1.1479861923e+11  0.0000000000e+00
-6.6094697757e+10  0.0000000000e+00
       0
theoretical   9 FIR_filter   fir    seed
1.0000000000e+00    10           199.5
     400
-2.9980974892e+06  0.0000000000e+00
 2.1282395613e+07  0.0000000000e+00
 6.6901851304e+07  0.0000000000e+00
 1.6552074667e+08  0.0000000000e+00
 3.5212996713e+08  0.0000000000e+00
 6.7867004928e+08  0.0000000000e+00
 1.2175707381e+09  0.0000000000e+00
 2.0661957332e+09  0.0000000000e+00
 3.3512994614e+09  0.0000000000e+00
 5.2330986205e+09  0.0000000000e+00
 7.9084689250e+09  0.0000000000e+00
 1.1612758815e+10  0.0000000000e+00
 1.6619620247e+10  0.0000000000e+00
 2.3238284926e+10  0.0000000000e+00
 3.1807667863e+10  0.0000000000e+00
 4.2686822560e+10  0.0000000000e+00
 5.6241328480e+10  0.0000000000e+00
 7.2825465788e+10  0.0000000000e+00
 9.2760168090e+10  0.0000000000e+00
 1.1630716482e+11  0.0000000000e+00
 1.4363997494e+11  0.0000000000e+00
 1.7481289452e+11  0.0000000000e+00
 2.0972933978e+11  0.0000000000e+00
 2.4811147702e+11  0.0000000000e+00
 2.8947319904e+11  0.0000000000e+00
 3.3309896853e+11  0.0000000000e+00
 3.7803069729e+11  0.0000000000e+00
 4.2306568425e+11  0.0000000000e+00
 4.6676694837e+11  0.0000000000e+00
 5.0748924675e+11  0.0000000000e+00
 5.4342035931e+11  0.0000000000e+00
 5.7263966466e+11  0.0000000000e+00
 5.9319268050e+11  0.0000000000e+00
 6.0318024229e+11  0.0000000000e+00
 6.0085971348e+11  0.0000000000e+00
 5.8475485300e+11  0.0000000000e+00
 5.5376800998e+11  0.0000000000e+00
 5.0729001448e+11  0.0000000000e+00
 4.4530043361e+11  0.0000000000e+00
 3.6845074596e+11  0.0000000000e+00
 2.7812349919e+11  0.0000000000e+00
 1.7646052746e+11  0.0000000000e+00
 6.6354038200e+10  0.0000000000e+00
-4.8603995333e+10  0.0000000000e+00
-1.6421683768e+11  0.0000000000e+00
-2.7582286800e+11  0.0000000000e+00
-3.7847817282e+11  0.0000000000e+00
-4.6717672314e+11  0.0000000000e+00
-5.3710038409e+11  0.0000000000e+00
-5.8388736298e+11  0.0000000000e+00
-6.0390712241e+11  0.0000000000e+00
-5.9452458813e+11  0.0000000000e+00
-5.5433961878e+11  0.0000000000e+00
-4.8338277062e+11  0.0000000000e+00
-3.8325227692e+11  0.0000000000e+00
-2.5717774374e+11  0.0000000000e+00
-1.0999864644e+11  0.0000000000e+00
 5.1950329463e+10  0.0000000000e+00
 2.2104955390e+11  0.0000000000e+00
 3.8869845540e+11  0.0000000000e+00
 5.4570460696e+11  0.0000000000e+00
 6.8274338454e+11  0.0000000000e+00
 7.9086820973e+11  0.0000000000e+00
 8.6204609610e+11  0.0000000000e+00
 8.8968881118e+11  0.0000000000e+00
 8.6914812954e+11  0.0000000000e+00
 7.9814187475e+11  0.0000000000e+00
 6.7707926305e+11  0.0000000000e+00
 5.0925664479e+11  0.0000000000e+00
 3.0090006909e+11  0.0000000000e+00
 6.1039328355e+10  0.0000000000e+00
-1.9879517222e+11  0.0000000000e+00
-4.6504870096e+11  0.0000000000e+00
-7.2277829552e+11  0.0000000000e+00
-9.5642396458e+11  0.0000000000e+00
-1.1506792429e+12  0.0000000000e+00
-1.2914167916e+12  0.0000000000e+00
-1.3666170474e+12  0.0000000000e+00
-1.3672446488e+12  0.0000000000e+00
-1.2880126450e+12  0.0000000000e+00
-1.1279814024e+12  0.0000000000e+00
-8.9094019741e+11  0.0000000000e+00
-5.8553232661e+11  0.0000000000e+00
-2.2509485329e+11  0.0000000000e+00
 1.7279882175e+11  0.0000000000e+00
 5.8708839091e+11  0.0000000000e+00
 9.9424490959e+11  0.0000000000e+00
 1.3695148401e+12  0.0000000000e+00
 1.6883313382e+12  0.0000000000e+00
 1.9278161348e+12  0.0000000000e+00
 2.0682894058e+12  0.0000000000e+00
 2.0946903925e+12  0.0000000000e+00
 1.9978183390e+12  0.0000000000e+00
 1.7753018435e+12  0.0000000000e+00
 1.4322163605e+12  0.0000000000e+00
 9.8128850541e+11  0.0000000000e+00
 4.4264250620e+11  0.0000000000e+00
-1.5692573489e+11  0.0000000000e+00
-7.8513650611e+11  0.0000000000e+00
-1.4058337819e+12  0.0000000000e+00
-1.9809416367e+12  0.0000000000e+00
-2.4726721254e+12  0.0000000000e+00
-2.8458643480e+12  0.0000000000e+00
-3.0703174993e+12  0.0000000000e+00
-3.1229726725e+12  0.0000000000e+00
-2.9897986658e+12  0.0000000000e+00
-2.6672409018e+12  0.0000000000e+00
-2.1631180079e+12  0.0000000000e+00
-1.4968722001e+12  0.0000000000e+00
-6.9911457069e+11  0.0000000000e+00
 1.8955095089e+11  0.0000000000e+00
 1.1203988238e+12  0.0000000000e+00
 2.0390766166e+12  0.0000000000e+00
 2.8886074773e+12  0.0000000000e+00
 3.6127452113e+12  0.0000000000e+00
 4.1594954793e+12  0.0000000000e+00
 4.4845943216e+12  0.0000000000e+00
 4.5547214736e+12  0.0000000000e+00
 4.3502355334e+12  0.0000000000e+00
 3.8672302824e+12  0.0000000000e+00
 3.1187362233e+12  0.0000000000e+00
 2.1349481569e+12  0.0000000000e+00
 9.6239767454e+11  0.0000000000e+00
-3.3793728030e+11  0.0000000000e+00
-1.6935356266e+12  0.0000000000e+00
-3.0241289386e+12  0.0000000000e+00
-4.2462049185e+12  0.0000000000e+00
-5.2779874356e+12  0.0000000000e+00
-6.0445992737e+12  0.0000000000e+00
-6.4831162221e+12  0.0000000000e+00
-6.5471688960e+12  0.0000000000e+00
-6.2108005495e+12  0.0000000000e+00
-5.4712850911e+12  0.0000000000e+00
-4.3506697904e+12  0.0000000000e+00
-2.8958795366e+12  0.0000000000e+00
-1.1772828829e+12  0.0000000000e+00
 7.1427472439e+11  0.0000000000e+00
 2.6718801908e+12  0.0000000000e+00
 4.5782130084e+12  0.0000000000e+00
 6.3121821036e+12  0.0000000000e+00
 7.7561817926e+12  0.0000000000e+00
 8.8035633514e+12  0.0000000000e+00
 9.3658644881e+12  0.0000000000e+00
 9.3793434435e+12  0.0000000000e+00
 8.8103781143e+12  0.0000000000e+00
 7.6593292177e+12  0.0000000000e+00
 5.9625444830e+12  0.0000000000e+00
 3.7922704505e+12  0.0000000000e+00
 1.2543683866e+12  0.0000000000e+00
-1.5161693382e+12  0.0000000000e+00
-4.3617414820e+12  0.0000000000e+00
-7.1104279115e+12  0.0000000000e+00
-9.5856422787e+12  0.0000000000e+00
-1.1616642227e+13  0.0000000000e+00
-1.3049317024e+13  0.0000000000e+00
-1.3756613686e+13  0.0000000000e+00
-1.3647952160e+13  0.0000000000e+00
-1.2677017286e+13  0.0000000000e+00
-1.0847368296e+13  0.0000000000e+00
-8.2153897137e+12  0.0000000000e+00
-4.8902780901e+12  0.0000000000e+00
-1.0308836563e+12  0.0000000000e+00
 3.1605901265e+12  0.0000000000e+00
 7.4478409416e+12  0.0000000000e+00
 1.1572300771e+13  0.0000000000e+00
 1.5267020485e+13  0.0000000000e+00
 1.8271916912e+13  0.0000000000e+00
 2.0349588084e+13  0.0000000000e+00
 2.1300836641e+13  0.0000000000e+00
 2.0979006362e+13  0.0000000000e+00
 1.9302255396e+13  0.0000000000e+00
 1.6262977731e+13  0.0000000000e+00
 1.1933714995e+13  0.0000000000e+00
 6.4690228838e+12  0.0000000000e+00
 1.0300153517e+11  0.0000000000e+00
-6.8575937616e+12  0.0000000000e+00
-1.4044510248e+13  0.0000000000e+00
-2.1043035298e+13  0.0000000000e+00
-2.7410287519e+13  0.0000000000e+00
-3.2695949155e+13  0.0000000000e+00
-3.6464459744e+13  0.0000000000e+00
-3.8317585142e+13  0.0000000000e+00
-3.7916185996e+13  0.0000000000e+00
-3.5000092099e+13  0.0000000000e+00
-2.9404921120e+13  0.0000000000e+00
-2.1074947835e+13  0.0000000000e+00
-1.0071193262e+13  0.0000000000e+00
 3.4257761650e+12  0.0000000000e+00
 1.9118697571e+13  0.0000000000e+00
 3.6602093146e+13  0.0000000000e+00
 5.5376105163e+13  0.0000000000e+00
 7.4865189042e+13  0.0000000000e+00
 9.4440812475e+13  0.0000000000e+00
 1.1344714035e+14  0.0000000000e+00
 1.3122857027e+14  0.0000000000e+00
 1.4715778240e+14  0.0000000000e+00
 1.6066289101e+14  0.0000000000e+00
 1.7125264809e+14  0.0000000000e+00
 1.7853801432e+14  0.0000000000e+00
 1.8224959209e+14  0.0000000000e+00
 1.8224959209e+14  0.0000000000e+00
 1.7853801432e+14  0.0000000000e+00
 1.7125264809e+14  0.0000000000e+00
 1.6066289101e+14  0.0000000000e+00
 1.4715778240e+14  0.0000000000e+00
 1.3122857027e+14  0.0000000000e+00
 1.1344714035e+14  0.0000000000e+00
 9.4440812475e+13  0.0000000000e+00
 7.4865189042e+13  0.0000000000e+00
 5.5376105163e+13  0.0000000000e+00
 3.6602093146e+13  0.0000000000e+00
 1.9118697571e+13  0.0000000000e+00
 3.4257761650e+12  0.0000000000e+00
-1.0071193262e+13  0.0000000000e+00
-2.1074947835e+13  0.0000000000e+00
-2.9404921120e+13  0.0000000000e+00
-3.5000092099e+13  0.0000000000e+00
-3.7916185996e+13  0.0000000000e+00
-3.8317585142e+13  0.0000000000e+00
-3.6464459744e+13  0.0000000000e+00
-3.2695949155e+13  0.0000000000e+00
-2.7410287519e+13  0.0000000000e+00
-2.1043035298e+13  0.0000000000e+00
-1.4044510248e+13  0.0000000000e+00
-6.8575937616e+12  0.0000000000e+00
 1.0300153517e+11  0.0000000000e+00
 6.4690228838e+12  0.0000000000e+00
 1.1933714995e+13  0.0000000000e+00
 1.6262977731e+13  0.0000000000e+00
 1.9302255396e+13  0.0000000000e+00
 2.0979006362e+13  0.0000000000e+00
 2.1300836641e+13  0.0000000000e+00
 2.0349588084e+13  0.0000000000e+00
 1.8271916912e+13  0.0000000000e+00
 1.5267020485e+13  0.0000000000e+00
 1.1572300771e+13  0.0000000000e+00
 7.4478409416e+12  0.0000000000e+00
 3.1605901265e+12  0.0000000000e+00
-1.0308836563e+12  0.0000000000e+00
-4.8902780901e+12  0.0000000000e+00
-8.2153897137e+12  0.0000000000e+00
-1.0847368296e+13  0.0000000000e+00
-1.2677017286e+13  0.0000000000e+00
-1.3647952160e+13  0.0000000000e+00
-1.3756613686e+13  0.0000000000e+00
-1.3049317024e+13  0.0000000000e+00
-1.1616642227e+13  0.0000000000e+00
-9.5856422787e+12  0.0000000000e+00
-7.1104279115e+12  0.0000000000e+00
-4.3617414820e+12  0.0000000000e+00
-1.5161693382e+12  0.0000000000e+00
 1.2543683866e+12  0.0000000000e+00
 3.7922704505e+12  0.0000000000e+00
 5.9625444830e+12  0.0000000000e+00
 7.6593292177e+12  0.0000000000e+00
 8.8103781143e+12  0.0000000000e+00
 9.3793434435e+12  0.0000000000e+00
 9.3658644881e+12  0.0000000000e+00
 8.8035633514e+12  0.0000000000e+00
 7.7561817926e+12  0.0000000000e+00
 6.3121821036e+12  0.0000000000e+00
 4.5782130084e+12  0.0000000000e+00
 2.6718801908e+12  0.0000000000e+00
 7.1427472439e+11  0.0000000000e+00
-1.1772828829e+12  0.0000000000e+00
-2.8958795366e+12  0.0000000000e+00
-4.3506697904e+12  0.0000000000e+00
-5.4712850911e+12  0.0000000000e+00
-6.2108005495e+12  0.0000000000e+00
-6.5471688960e+12  0.0000000000e+00
-6.4831162221e+12  0.0000000000e+00
-6.0445992737e+12  0.0000000000e+00
-5.2779874356e+12  0.0000000000e+00
-4.2462049185e+12  0.0000000000e+00
-3.0241289386e+12  0.0000000000e+00
-1.6935356266e+12  0.0000000000e+00
-3.3793728030e+11  0.0000000000e+00
 9.6239767454e+11  0.0000000000e+00
 2.1349481569e+12  0.0000000000e+00
 3.1187362233e+12  0.0000000000e+00
 3.8672302824e+12  0.0000000000e+00
 4.3502355334e+12  0.0000000000e+00
 4.5547214736e+12  0.0000000000e+00
 4.4845943216e+12  0.0000000000e+00
 4.1594954793e+12  0.0000000000e+00
 3.6127452113e+12  0.0000000000e+00
 2.8886074773e+12  0.0000000000e+00
 2.0390766166e+12  0.0000000000e+00
 1.1203988238e+12  0.0000000000e+00
 1.8955095089e+11  0.0000000000e+00
-6.9911457069e+11  0.0000000000e+00
-1.4968722001e+12  0.0000000000e+00
-2.1631180079e+12  0.0000000000e+00
-2.6672409018e+12  0.0000000000e+00
-2.9897986658e+12  0.0000000000e+00
-3.1229726725e+12  0.0000000000e+00
-3.0703174993e+12  0.0000000000e+00
-2.8458643480e+12  0.0000000000e+00
-2.4726721254e+12  0.0000000000e+00
-1.9809416367e+12  0.0000000000e+00
-1.4058337819e+12  0.0000000000e+00
-7.8513650611e+11  0.0000000000e+00
-1.5692573489e+11  0.0000000000e+00
 4.4264250620e+11  0.0000000000e+00
 9.8128850541e+11  0.0000000000e+00
 1.4322163605e+12  0.0000000000e+00
 1.7753018435e+12  0.0000000000e+00
 1.9978183390e+12  0.0000000000e+00
 2.0946903925e+12  0.0000000000e+00
 2.0682894058e+12  0.0000000000e+00
 1.9278161348e+12  0.0000000000e+00
 1.6883313382e+12  0.0000000000e+00
 1.3695148401e+12  0.0000000000e+00
 9.9424490959e+11  0.0000000000e+00
 5.8708839091e+11  0.0000000000e+00
 1.7279882175e+11  0.0000000000e+00
-2.2509485329e+11  0.0000000000e+00
-5.8553232661e+11  0.0000000000e+00
-8.9094019741e+11  0.0000000000e+00
-1.1279814024e+12  0.0000000000e+00
-1.2880126450e+12  0.0000000000e+00
-1.3672446488e+12  0.0000000000e+00
-1.3666170474e+12  0.0000000000e+00
-1.2914167916e+12  0.0000000000e+00
-1.1506792429e+12  0.0000000000e+00
-9.5642396458e+11  0.0000000000e+00
-7.2277829552e+11  0.0000000000e+00
-4.6504870096e+11  0.0000000000e+00
-1.9879517222e+11  0.0000000000e+00
 6.1039328355e+10  0.0000000000e+00
 3.0090006909e+11  0.0000000000e+00
 5.0925664479e+11  0.0000000000e+00
 6.7707926305e+11  0.0000000000e+00
 7.9814187475e+11  0.0000000000e+00
 8.6914812954e+11  0.0000000000e+00
 8.8968881118e+11  0.0000000000e+00
 8.6204609610e+11  0.0000000000e+00
 7.9086820973e+11  0.0000000000e+00
 6.8274338454e+11  0.0000000000e+00
 5.4570460696e+11  0.0000000000e+00
 3.8869845540e+11  0.0000000000e+00
 2.2104955390e+11  0.0000000000e+00
 5.1950329463e+10  0.0000000000e+00
-1.0999864644e+11  0.0000000000e+00
-2.5717774374e+11  0.0000000000e+00
-3.8325227692e+11  0.0000000000e+00
-4.8338277062e+11  0.0000000000e+00
-5.5433961878e+11  0.0000000000e+00
-5.9452458813e+11  0.0000000000e+00
-6.0390712241e+11  0.0000000000e+00
-5.8388736298e+11  0.0000000000e+00
-5.3710038409e+11  0.0000000000e+00
-4.6717672314e+11  0.0000000000e+00
-3.7847817282e+11  0.0000000000e+00
-2.7582286800e+11  0.0000000000e+00
-1.6421683768e+11  0.0000000000e+00
-4.8603995333e+10  0.0000000000e+00
 6.6354038200e+10  0.0000000000e+00
 1.7646052746e+11  0.0000000000e+00
 2.7812349919e+11  0.0000000000e+00
 3.6845074596e+11  0.0000000000e+00
 4.4530043361e+11  0.0000000000e+00
 5.0729001448e+11  0.0000000000e+00
 5.5376800998e+11  0.0000000000e+00
 5.8475485300e+11  0.0000000000e+00
 6.0085971348e+11  0.0000000000e+00
 6.0318024229e+11  0.0000000000e+00
 5.9319268050e+11  0.0000000000e+00
 5.7263966466e+11  0.0000000000e+00
 5.4342035931e+11  0.0000000000e+00
 5.0748924675e+11  0.0000000000e+00
 4.6676694837e+11  0.0000000000e+00
 4.2306568425e+11  0.0000000000e+00
 3.7803069729e+11  0.0000000000e+00
 3.3309896853e+11  0.0000000000e+00
 2.8947319904e+11  0.0000000000e+00
 2.4811147702e+11  0.0000000000e+00
 2.0972933978e+11  0.0000000000e+00
 1.7481289452e+11  0.0000000000e+00
 1.4363997494e+11  0.0000000000e+00
 1.1630716482e+11  0.0000000000e+00
 9.2760168090e+10  0.0000000000e+00
 7.2825465788e+10  0.0000000000e+00
 5.6241328480e+10  0.0000000000e+00
 4.2686822560e+10  0.0000000000e+00
 3.1807667863e+10  0.0000000000e+00
 2.3238284926e+10  0.0000000000e+00
 1.6619620247e+10  0.0000000000e+00
 1.1612758815e+10  0.0000000000e+00
 7.9084689250e+09  0.0000000000e+00
 5.2330986205e+09  0.0000000000e+00
 3.3512994614e+09  0.0000000000e+00
 2.0661957332e+09  0.0000000000e+00
 1.2175707381e+09  0.0000000000e+00
 6.7867004928e+08  0.0000000000e+00
 3.5212996713e+08  0.0000000000e+00
 1.6552074667e+08  0.0000000000e+00
 6.6901851304e+07  0.0000000000e+00
 2.1282395613e+07  0.0000000000e+00
-2.9980974892e+06  0.0000000000e+00
       0
