theoretical   1 sensor       paz    seed
7.9894578656e+06 8.0000000000e+00
       3
-1.1724400000e+00  0.0000000000e+00  0.0000000000e+00  0.0000000000e+00
-1.9983900000e+03  1.9984300000e+03  0.0000000000e+00  0.0000000000e+00
-1.9983900000e+03 -1.9984300000e+03  0.0000000000e+00  0.0000000000e+00
       1
 0.0000000000e+00  0.0000000000e+00  0.0000000000e+00  0.0000000000e+00
theoretical   2 FIR_filter   fir    seed
3.2000000000e+03    16               0
     400
 1.0827279619e-06  0.0000000000e+00
 1.7806570854e-06  0.0000000000e+00
 3.2407290978e-06  0.0000000000e+00
 5.4622102692e-06  0.0000000000e+00
 8.6821155565e-06  0.0000000000e+00
 1.3239578161e-05  0.0000000000e+00
 1.9563425014e-05  0.0000000000e+00
 2.8182435599e-05  0.0000000000e+00
 3.9653112751e-05  0.0000000000e+00
 5.4683474829e-05  0.0000000000e+00
 7.4146464438e-05  0.0000000000e+00
 9.8979715000e-05  0.0000000000e+00
 1.3035515656e-04  0.0000000000e+00
 1.6953332368e-04  0.0000000000e+00
 2.1796140712e-04  0.0000000000e+00
 2.7729075910e-04  0.0000000000e+00
 3.4933153671e-04  0.0000000000e+00
 4.3609669762e-04  0.0000000000e+00
 5.3979160116e-04  0.0000000000e+00
 6.6280307929e-04  0.0000000000e+00
 8.0769342723e-04  0.0000000000e+00
 9.7724061958e-04  0.0000000000e+00
 1.1743189118e-03  0.0000000000e+00
 1.4020038599e-03  0.0000000000e+00
 1.6634397837e-03  0.0000000000e+00
 1.9618817722e-03  0.0000000000e+00
 2.3006271102e-03  0.0000000000e+00
 2.6829929810e-03  0.0000000000e+00
 3.1122374732e-03  0.0000000000e+00
 3.5915554817e-03  0.0000000000e+00
 4.1239755171e-03  0.0000000000e+00
 4.7123191099e-03  0.0000000000e+00
 5.3591521149e-03  0.0000000000e+00
 6.0666652228e-03  0.0000000000e+00
 6.8366613614e-03  0.0000000000e+00
 7.6704371069e-03  0.0000000000e+00
 8.5687348883e-03  0.0000000000e+00
 9.5316518962e-03  0.0000000000e+00
 1.0558593288e-02  0.0000000000e+00
 1.1648167196e-02  0.0000000000e+00
 1.2798164331e-02  0.0000000000e+00
 1.4005475991e-02  0.0000000000e+00
 1.5266045563e-02  0.0000000000e+00
 1.6574861525e-02  0.0000000000e+00
 1.7925885455e-02  0.0000000000e+00
 1.9312083025e-02  0.0000000000e+00
 2.0725392005e-02  0.0000000000e+00
 2.2156761260e-02  0.0000000000e+00
 2.3596161747e-02  0.0000000000e+00
 2.5032661512e-02  0.0000000000e+00
 2.6454459680e-02  0.0000000000e+00
 2.7849010452e-02  0.0000000000e+00
 2.9203097090e-02  0.0000000000e+00
 3.0502953909e-02  0.0000000000e+00
 3.1734426260e-02  0.0000000000e+00
 3.2883102522e-02  0.0000000000e+00
 3.3934488078e-02  0.0000000000e+00
 3.4874177305e-02  0.0000000000e+00
 3.5688067550e-02  0.0000000000e+00
 3.6362523116e-02  0.0000000000e+00
 3.6884621238e-02  0.0000000000e+00
 3.7242319065e-02  0.0000000000e+00
 3.7424684643e-02  0.0000000000e+00
 3.7422098890e-02  0.0000000000e+00
 3.7226443582e-02  0.0000000000e+00
 3.6831287333e-02  0.0000000000e+00
 3.6232057580e-02  0.0000000000e+00
 3.5426193568e-02  0.0000000000e+00
 3.4413276337e-02  0.0000000000e+00
 3.3195132712e-02  0.0000000000e+00
 3.1775911297e-02  0.0000000000e+00
 3.0162146468e-02  0.0000000000e+00
 2.8362751372e-02  0.0000000000e+00
 2.6389021932e-02  0.0000000000e+00
 2.4254573846e-02  0.0000000000e+00
 2.1975246601e-02  0.0000000000e+00
 1.9568995481e-02  0.0000000000e+00
 1.7055716587e-02  0.0000000000e+00
 1.4457059849e-02  0.0000000000e+00
 1.1796196054e-02  0.0000000000e+00
 9.0975638667e-03  0.0000000000e+00
 6.3865742604e-03  0.0000000000e+00
 3.6893180420e-03  0.0000000000e+00
 1.0322192872e-03  0.0000000000e+00
-1.5582993283e-03  0.0000000000e+00
-4.0561685950e-03  0.0000000000e+00
-6.4360385348e-03  0.0000000000e+00
-8.6736290672e-03  0.0000000000e+00
-1.0746085376e-02  0.0000000000e+00
-1.2632309176e-02  0.0000000000e+00
-1.4313293583e-02  0.0000000000e+00
-1.5772393189e-02  0.0000000000e+00
-1.6995616328e-02  0.0000000000e+00
-1.7971846065e-02  0.0000000000e+00
-1.8693023167e-02  0.0000000000e+00
-1.9154315098e-02  0.0000000000e+00
-1.9354201002e-02  0.0000000000e+00
-1.9294534702e-02  0.0000000000e+00
-1.8980554698e-02  0.0000000000e+00
-1.8420821172e-02  0.0000000000e+00
-1.7627123998e-02  0.0000000000e+00
-1.6614339754e-02  0.0000000000e+00
-1.5400209745e-02  0.0000000000e+00
-1.4005118025e-02  0.0000000000e+00
-1.2451783422e-02  0.0000000000e+00
-1.0764933575e-02  0.0000000000e+00
-8.9709458631e-03  0.0000000000e+00
-7.0974523468e-03  0.0000000000e+00
-5.1729240061e-03  0.0000000000e+00
-3.2262455815e-03  0.0000000000e+00
-1.2862762160e-03  0.0000000000e+00
 6.1859200298e-04  0.0000000000e+00
 2.4608567027e-03  0.0000000000e+00
 4.2143372844e-03  0.0000000000e+00
 5.8545590863e-03  0.0000000000e+00
 7.3591308474e-03  0.0000000000e+00
 8.7080781761e-03  0.0000000000e+00
 9.8841359218e-03  0.0000000000e+00
 1.0873001251e-02  0.0000000000e+00
 1.1663533727e-02  0.0000000000e+00
 1.2247896901e-02  0.0000000000e+00
 1.2621657193e-02  0.0000000000e+00
 1.2783813702e-02  0.0000000000e+00
 1.2736771196e-02  0.0000000000e+00
 1.2486269128e-02  0.0000000000e+00
 1.2041229644e-02  0.0000000000e+00
 1.1413583606e-02  0.0000000000e+00
 1.0618018610e-02  0.0000000000e+00
 9.6717047163e-03  0.0000000000e+00
 8.5939591785e-03  0.0000000000e+00
 7.4058964797e-03  0.0000000000e+00
 6.1300403683e-03  0.0000000000e+00
 4.7899141969e-03  0.0000000000e+00
 3.4096299619e-03  0.0000000000e+00
 2.0134546452e-03  0.0000000000e+00
 6.2539833274e-04  0.0000000000e+00
-7.3120294473e-04  0.0000000000e+00
-2.0340777749e-03  0.0000000000e+00
-3.2623888286e-03  0.0000000000e+00
-4.3970695272e-03  0.0000000000e+00
-5.4211265942e-03  0.0000000000e+00
-6.3198988302e-03  0.0000000000e+00
-7.0812665931e-03  0.0000000000e+00
-7.6958220817e-03  0.0000000000e+00
-8.1569722259e-03  0.0000000000e+00
-8.4610050802e-03  0.0000000000e+00
-8.6070886241e-03  0.0000000000e+00
-8.5972240665e-03  0.0000000000e+00
-8.4361495548e-03  0.0000000000e+00
-8.1311854894e-03  0.0000000000e+00
-7.6920473424e-03  0.0000000000e+00
-7.1306116790e-03  0.0000000000e+00
-6.4606449840e-03  0.0000000000e+00
-5.6975046904e-03  0.0000000000e+00
-4.8578230092e-03  0.0000000000e+00
-3.9591606627e-03  0.0000000000e+00
-3.0196639172e-03  0.0000000000e+00
-2.0577092173e-03  0.0000000000e+00
-1.0915562185e-03  0.0000000000e+00
-1.3900852986e-04  0.0000000000e+00
 7.8290532535e-04  0.0000000000e+00
 1.6582342810e-03  0.0000000000e+00
 2.4723735025e-03  0.0000000000e+00
 3.2123027135e-03  0.0000000000e+00
 3.8667913871e-03  0.0000000000e+00
 4.4265575100e-03  0.0000000000e+00
 4.8843915710e-03  0.0000000000e+00
 5.2352328535e-03  0.0000000000e+00
 5.4762035324e-03  0.0000000000e+00
 5.6065980752e-03  0.0000000000e+00
 5.6278362462e-03  0.0000000000e+00
 5.5433650161e-03  0.0000000000e+00
 5.3585346739e-03  0.0000000000e+00
 5.0804362419e-03  0.0000000000e+00
 4.7177057953e-03  0.0000000000e+00
 4.2803128815e-03  0.0000000000e+00
 3.7793187438e-03  0.0000000000e+00
 3.2266292449e-03  0.0000000000e+00
 2.6347315916e-03  0.0000000000e+00
 2.0164315608e-03  0.0000000000e+00
 1.3845907235e-03  0.0000000000e+00
 7.5187243007e-04  0.0000000000e+00
 1.3049705300e-04  0.0000000000e+00
-4.6798353132e-04  0.0000000000e+00
-1.0328909230e-03  0.0000000000e+00
-1.5546040813e-03  0.0000000000e+00
-2.0247109698e-03  0.0000000000e+00
-2.4361345645e-03  0.0000000000e+00
-2.7832268052e-03  0.0000000000e+00
-3.0618276891e-03  0.0000000000e+00
-3.2692957687e-03  0.0000000000e+00
-3.4045051515e-03  0.0000000000e+00
-3.4678097037e-03  0.0000000000e+00
-3.4609816561e-03  0.0000000000e+00
-3.3871224122e-03  0.0000000000e+00
-3.2505456600e-03  0.0000000000e+00
-3.0566469841e-03  0.0000000000e+00
-2.8117490803e-03  0.0000000000e+00
-2.5229376718e-03  0.0000000000e+00
-2.1978859256e-03  0.0000000000e+00
-1.8446749695e-03  0.0000000000e+00
-1.4716104101e-03  0.0000000000e+00
-1.0870440495e-03  0.0000000000e+00
-6.9919906221e-04  0.0000000000e+00
-3.1600589046e-04  0.0000000000e+00
 5.5047699033e-05  0.0000000000e+00
 4.0705469214e-04  0.0000000000e+00
 7.3380614603e-04  0.0000000000e+00
 1.0298894098e-03  0.0000000000e+00
 1.2907672869e-03  0.0000000000e+00
 1.5128337718e-03  0.0000000000e+00
 1.6934476169e-03  0.0000000000e+00
 1.8309456811e-03  0.0000000000e+00
 1.9246339306e-03  0.0000000000e+00
 1.9747570421e-03  0.0000000000e+00
 1.9824532069e-03  0.0000000000e+00
 1.9496863372e-03  0.0000000000e+00
 1.8791685741e-03  0.0000000000e+00
 1.7742674958e-03  0.0000000000e+00
 1.6389035278e-03  0.0000000000e+00
 1.4774405531e-03  0.0000000000e+00
 1.2945729233e-03  0.0000000000e+00
 1.0952085695e-03  0.0000000000e+00
 8.8435403348e-04  0.0000000000e+00
 6.6700415794e-04  0.0000000000e+00
 4.4803287730e-04  0.0000000000e+00
 2.3209786659e-04  0.0000000000e+00
 2.3549437211e-05  0.0000000000e+00
-1.7364812057e-04  0.0000000000e+00
-3.5598046150e-04  0.0000000000e+00
-5.2043847005e-04  0.0000000000e+00
-6.6455612181e-04  0.0000000000e+00
-7.8643626803e-04  0.0000000000e+00
-8.8476132457e-04  0.0000000000e+00
-9.5879416186e-04  0.0000000000e+00
-1.0083583668e-03  0.0000000000e+00
-1.0338180345e-03  0.0000000000e+00
-1.0360362226e-03  0.0000000000e+00
-1.0163310051e-03  0.0000000000e+00
-9.7642183781e-04  0.0000000000e+00
-9.1836856391e-04  0.0000000000e+00
-8.4450794016e-04  0.0000000000e+00
-7.5738643329e-04  0.0000000000e+00
-6.5969228648e-04  0.0000000000e+00
-5.5418585601e-04  0.0000000000e+00
-4.4363829714e-04  0.0000000000e+00
-3.3076367058e-04  0.0000000000e+00
-2.1816613756e-04  0.0000000000e+00
-1.0828625490e-04  0.0000000000e+00
-3.3544917295e-06  0.0000000000e+00
 9.4643789231e-05  0.0000000000e+00
 1.8400076154e-04  0.0000000000e+00
 2.6330726501e-04  0.0000000000e+00
 3.3146725337e-04  0.0000000000e+00
 3.8770130106e-04  0.0000000000e+00
 4.3155071192e-04  0.0000000000e+00
 4.6286012078e-04  0.0000000000e+00
 4.8177027421e-04  0.0000000000e+00
 4.8869161298e-04  0.0000000000e+00
 4.8427907453e-04  0.0000000000e+00
 4.6940314570e-04  0.0000000000e+00
 4.4511458610e-04  0.0000000000e+00
 4.1260898151e-04  0.0000000000e+00
 3.7319014738e-04  0.0000000000e+00
 3.2823406225e-04  0.0000000000e+00
 2.7914763171e-04  0.0000000000e+00
 2.2734200094e-04  0.0000000000e+00
 1.7419045876e-04  0.0000000000e+00
 1.2100548977e-04  0.0000000000e+00
 6.9010034145e-05  0.0000000000e+00
 1.9313069931e-05  0.0000000000e+00
-2.7106071429e-05  0.0000000000e+00
-6.9413563594e-05  0.0000000000e+00
-1.0693101437e-04  0.0000000000e+00
-1.3914169714e-04  0.0000000000e+00
-1.6568719112e-04  0.0000000000e+00
-1.8637408480e-04  0.0000000000e+00
-2.0115513270e-04  0.0000000000e+00
-2.1013050524e-04  0.0000000000e+00
-2.1352913055e-04  0.0000000000e+00
-2.1169483579e-04  0.0000000000e+00
-2.0507154855e-04  0.0000000000e+00
-1.9418461863e-04  0.0000000000e+00
-1.7962107995e-04  0.0000000000e+00
-1.6201237219e-04  0.0000000000e+00
-1.4201769238e-04  0.0000000000e+00
-1.2029822734e-04  0.0000000000e+00
-9.7513131110e-05  0.0000000000e+00
-7.4290783650e-05  0.0000000000e+00
-5.1224232307e-05  0.0000000000e+00
-2.8856809173e-05  0.0000000000e+00
-7.6707258793e-06  0.0000000000e+00
 1.1918101407e-05  0.0000000000e+00
 2.9565150501e-05  0.0000000000e+00
 4.5001856760e-05  0.0000000000e+00
 5.8037483405e-05  0.0000000000e+00
 6.8550500047e-05  0.0000000000e+00
 7.6499975596e-05  0.0000000000e+00
 8.1903676355e-05  0.0000000000e+00
 8.4846440218e-05  0.0000000000e+00
 8.5465812047e-05  0.0000000000e+00
 8.3945217317e-05  0.0000000000e+00
 8.0506825802e-05  0.0000000000e+00
 7.5403724326e-05  0.0000000000e+00
 6.8907685923e-05  0.0000000000e+00
 6.1302810453e-05  0.0000000000e+00
 5.2881239005e-05  0.0000000000e+00
 4.3922418884e-05  0.0000000000e+00
 3.4704879479e-05  0.0000000000e+00
 2.5481887595e-05  0.0000000000e+00
 1.6487663856e-05  0.0000000000e+00
 7.9301652938e-06  0.0000000000e+00
-1.3357593886e-08  0.0000000000e+00
-7.1979078498e-06  0.0000000000e+00
-1.3508723448e-05  0.0000000000e+00
-1.8865263712e-05  0.0000000000e+00
-2.3222281466e-05  0.0000000000e+00
-2.6556350946e-05  0.0000000000e+00
-2.8885009479e-05  0.0000000000e+00
-3.0239869042e-05  0.0000000000e+00
-3.0681837819e-05  0.0000000000e+00
-3.0288538393e-05  0.0000000000e+00
-2.9152018970e-05  0.0000000000e+00
-2.7374290805e-05  0.0000000000e+00
-2.5068047131e-05  0.0000000000e+00
-2.2345801200e-05  0.0000000000e+00
-1.9320092260e-05  0.0000000000e+00
-1.6107840142e-05  0.0000000000e+00
-1.2807205467e-05  0.0000000000e+00
-9.5224993706e-06  0.0000000000e+00
-6.3376190373e-06  0.0000000000e+00
-3.3287847855e-06  0.0000000000e+00
-5.5982440733e-07  0.0000000000e+00
 1.9185786091e-06  0.0000000000e+00
 4.0719839841e-06  0.0000000000e+00
 5.8738301452e-06  0.0000000000e+00
 7.3115874895e-06  0.0000000000e+00
 8.3897500875e-06  0.0000000000e+00
 9.1088797857e-06  0.0000000000e+00
 9.4970332035e-06  0.0000000000e+00
 9.5742455271e-06  0.0000000000e+00
 9.3753662269e-06  0.0000000000e+00
 8.9374345646e-06  0.0000000000e+00
 8.3008999758e-06  0.0000000000e+00
 7.5038813187e-06  0.0000000000e+00
 6.5918012541e-06  0.0000000000e+00
 5.6027665412e-06  0.0000000000e+00
 4.5708869216e-06  0.0000000000e+00
 3.5400792995e-06  0.0000000000e+00
 2.5300050967e-06  0.0000000000e+00
 1.5770320387e-06  0.0000000000e+00
 6.9924043826e-07  0.0000000000e+00
-8.6039244264e-08  0.0000000000e+00
-7.6669360414e-07  0.0000000000e+00
-1.3331288399e-06  0.0000000000e+00
-1.7873917420e-06  0.0000000000e+00
-2.1264860467e-06  0.0000000000e+00
-2.3524452598e-06  0.0000000000e+00
-2.4821993638e-06  0.0000000000e+00
-2.5096518411e-06  0.0000000000e+00
-2.4596121216e-06  0.0000000000e+00
-2.3351219148e-06  0.0000000000e+00
-2.1521558944e-06  0.0000000000e+00
-1.9249659989e-06  0.0000000000e+00
-1.6706087988e-06  0.0000000000e+00
-1.3951065189e-06  0.0000000000e+00
-1.1172695620e-06  0.0000000000e+00
-8.4534930978e-07  0.0000000000e+00
-5.7942726457e-07  0.0000000000e+00
-3.4443579442e-07  0.0000000000e+00
-1.2504134421e-07  0.0000000000e+00
 6.1737622913e-08  0.0000000000e+00
 2.1871668496e-07  0.0000000000e+00
 3.4421523549e-07  0.0000000000e+00
 4.3743894939e-07  0.0000000000e+00
 4.9308859292e-07  0.0000000000e+00
 5.2546873949e-07  0.0000000000e+00
 5.3442424393e-07  0.0000000000e+00
 5.1356703651e-07  0.0000000000e+00
 4.9025101400e-07  0.0000000000e+00
 4.3487848400e-07  0.0000000000e+00
 3.8194918059e-07  0.0000000000e+00
 3.2233602572e-07  0.0000000000e+00
 2.6020607128e-07  0.0000000000e+00
 1.9361312322e-07  0.0000000000e+00
 1.3381229628e-07  0.0000000000e+00
 6.8665903022e-08  0.0000000000e+00
 2.1441644578e-08  0.0000000000e+00
-1.9669471882e-09  0.0000000000e+00
-4.7517638415e-08  0.0000000000e+00
-6.2713061725e-08  0.0000000000e+00
-1.0189691531e-07  0.0000000000e+00
-1.2014138233e-07  0.0000000000e+00
-1.1035515725e-07  0.0000000000e+00
-1.0293898575e-07  0.0000000000e+00
-1.1964850941e-07  0.0000000000e+00
-1.3610984678e-07  0.0000000000e+00
-1.4637781584e-07  0.0000000000e+00
-1.4750941773e-07  0.0000000000e+00
 3.9798473864e-07  0.0000000000e+00
       0
theoretical   3 FIR_filter   fir    seed
2.0000000000e+02     5            79.5
     160
 4.0296090783e-05  0.0000000000e+00
 7.4480086653e-05  0.0000000000e+00
 1.2336802120e-04  0.0000000000e+00
 1.7006830715e-04  0.0000000000e+00
 1.9717097413e-04  0.0000000000e+00
 1.8535790531e-04  0.0000000000e+00
 1.1926122796e-04  0.0000000000e+00
-5.7190534045e-06  0.0000000000e+00
-1.7779734661e-04  0.0000000000e+00
-3.6706605389e-04  0.0000000000e+00
-5.2913592227e-04  0.0000000000e+00
-6.1457347033e-04  0.0000000000e+00
-5.8282286313e-04  0.0000000000e+00
-4.1698856917e-04  0.0000000000e+00
-1.3485616000e-04  0.0000000000e+00
 2.0818562805e-04  0.0000000000e+00
 5.2733577640e-04  0.0000000000e+00
 7.2767486816e-04  0.0000000000e+00
 7.3074151761e-04  0.0000000000e+00
 5.0156518659e-04  0.0000000000e+00
 6.7783782238e-05  0.0000000000e+00
-4.7681180682e-04  0.0000000000e+00
-9.8845842786e-04  0.0000000000e+00
-1.3079924145e-03  0.0000000000e+00
-1.3064338177e-03  0.0000000000e+00
-9.2935895794e-04  0.0000000000e+00
-2.2609402265e-04  0.0000000000e+00
 6.4788897990e-04  0.0000000000e+00
 1.4606745475e-03  0.0000000000e+00
 1.9618339313e-03  0.0000000000e+00
 1.9552406979e-03  0.0000000000e+00
 1.3667574212e-03  0.0000000000e+00
 2.8526089486e-04  0.0000000000e+00
-1.0396513440e-03  0.0000000000e+00
-2.2490868162e-03  0.0000000000e+00
-2.9669694053e-03  0.0000000000e+00
-2.9106765489e-03  0.0000000000e+00
-1.9891748796e-03  0.0000000000e+00
-3.5710098708e-04  0.0000000000e+00
 1.5977087559e-03  0.0000000000e+00
 3.3386086623e-03  0.0000000000e+00
 4.3207059425e-03  0.0000000000e+00
 4.1526966580e-03  0.0000000000e+00
 2.7340668516e-03  0.0000000000e+00
 3.2320223032e-04  0.0000000000e+00
-2.4929873856e-03  0.0000000000e+00
-4.9314521617e-03  0.0000000000e+00
-6.2207937771e-03  0.0000000000e+00
-5.8320082561e-03  0.0000000000e+00
-3.6663712748e-03  0.0000000000e+00
-1.3931060718e-04  0.0000000000e+00
 3.8774835514e-03  0.0000000000e+00
 7.2560956996e-03  0.0000000000e+00
 8.9130474238e-03  0.0000000000e+00
 8.1344942768e-03  0.0000000000e+00
 4.8336284005e-03  0.0000000000e+00
-3.4323552093e-04  0.0000000000e+00
-6.1113396478e-03  0.0000000000e+00
-1.0840103471e-02  0.0000000000e+00
-1.2983533370e-02  0.0000000000e+00
-1.1541780829e-02  0.0000000000e+00
-6.4258283555e-03  0.0000000000e+00
 1.3902145184e-03  0.0000000000e+00
 9.9986300580e-03  0.0000000000e+00
 1.6968560803e-02  0.0000000000e+00
 1.9959277000e-02  0.0000000000e+00
 1.7394333444e-02  0.0000000000e+00
 9.0230766461e-03  0.0000000000e+00
-3.7922852540e-03  0.0000000000e+00
-1.8170177309e-02  0.0000000000e+00
-3.0201570595e-02  0.0000000000e+00
-3.5758016792e-02  0.0000000000e+00
-3.1446721288e-02  0.0000000000e+00
-1.5493477853e-02  0.0000000000e+00
 1.1664111245e-02  0.0000000000e+00
 4.7234899555e-02  0.0000000000e+00
 8.6447002575e-02  0.0000000000e+00
 1.2337942313e-01  0.0000000000e+00
 1.5208651451e-01  0.0000000000e+00
 1.6777511026e-01  0.0000000000e+00
 1.6777511026e-01  0.0000000000e+00
 1.5208651451e-01  0.0000000000e+00
 1.2337942313e-01  0.0000000000e+00
 8.6447002575e-02  0.0000000000e+00
 4.7234899555e-02  0.0000000000e+00
 1.1664111245e-02  0.0000000000e+00
-1.5493477853e-02  0.0000000000e+00
-3.1446721288e-02  0.0000000000e+00
-3.5758016792e-02  0.0000000000e+00
-3.0201570595e-02  0.0000000000e+00
-1.8170177309e-02  0.0000000000e+00
-3.7922852540e-03  0.0000000000e+00
 9.0230766461e-03  0.0000000000e+00
 1.7394333444e-02  0.0000000000e+00
 1.9959277000e-02  0.0000000000e+00
 1.6968560803e-02  0.0000000000e+00
 9.9986300580e-03  0.0000000000e+00
 1.3902145184e-03  0.0000000000e+00
-6.4258283555e-03  0.0000000000e+00
-1.1541780829e-02  0.0000000000e+00
-1.2983533370e-02  0.0000000000e+00
-1.0840103471e-02  0.0000000000e+00
-6.1113396478e-03  0.0000000000e+00
-3.4323552093e-04  0.0000000000e+00
 4.8336284005e-03  0.0000000000e+00
 8.1344942768e-03  0.0000000000e+00
 8.9130474238e-03  0.0000000000e+00
 7.2560956996e-03  0.0000000000e+00
 3.8774835514e-03  0.0000000000e+00
-1.3931060718e-04  0.0000000000e+00
-3.6663712748e-03  0.0000000000e+00
-5.8320082561e-03  0.0000000000e+00
-6.2207937771e-03  0.0000000000e+00
-4.9314521617e-03  0.0000000000e+00
-2.4929873856e-03  0.0000000000e+00
 3.2320223032e-04  0.0000000000e+00
 2.7340668516e-03  0.0000000000e+00
 4.1526966580e-03  0.0000000000e+00
 4.3207059425e-03  0.0000000000e+00
 3.3386086623e-03  0.0000000000e+00
 1.5977087559e-03  0.0000000000e+00
-3.5710098708e-04  0.0000000000e+00
-1.9891748796e-03  0.0000000000e+00
-2.9106765489e-03  0.0000000000e+00
-2.9669694053e-03  0.0000000000e+00
-2.2490868162e-03  0.0000000000e+00
-1.0396513440e-03  0.0000000000e+00
 2.8526089486e-04  0.0000000000e+00
 1.3667574212e-03  0.0000000000e+00
 1.9552406979e-03  0.0000000000e+00
 1.9618339313e-03  0.0000000000e+00
 1.4606745475e-03  0.0000000000e+00
 6.4788897990e-04  0.0000000000e+00
-2.2609402265e-04  0.0000000000e+00
-9.2935895794e-04  0.0000000000e+00
-1.3064338177e-03  0.0000000000e+00
-1.3079924145e-03  0.0000000000e+00
-9.8845842786e-04  0.0000000000e+00
-4.7681180682e-04  0.0000000000e+00
 6.7783782238e-05  0.0000000000e+00
 5.0156518659e-04  0.0000000000e+00
 7.3074151761e-04  0.0000000000e+00
 7.2767486816e-04  0.0000000000e+00
 5.2733577640e-04  0.0000000000e+00
 2.0818562805e-04  0.0000000000e+00
-1.3485616000e-04  0.0000000000e+00
-4.1698856917e-04  0.0000000000e+00
-5.8282286313e-04  0.0000000000e+00
-6.1457347033e-04  0.0000000000e+00
-5.2913592227e-04  0.0000000000e+00
-3.6706605389e-04  0.0000000000e+00
-1.7779734661e-04  0.0000000000e+00
-5.7190534045e-06  0.0000000000e+00
 1.1926122796e-04  0.0000000000e+00
 1.8535790531e-04  0.0000000000e+00
 1.9717097413e-04  0.0000000000e+00
 1.7006830715e-04  0.0000000000e+00
 1.2336802120e-04  0.0000000000e+00
 7.4480086653e-05  0.0000000000e+00
 4.0296090783e-05  0.0000000000e+00
       0
theoretical   4 FIR_filter   fir    seed
4.0000000000e+01     2            47.5
      96
-4.6281211087e-06  0.0000000000e+00
-8.2650063820e-05  0.0000000000e+00
-2.2619774311e-04  0.0000000000e+00
-2.5410709571e-04  0.0000000000e+00
 7.6718943834e-07  0.0000000000e+00
 3.0526637907e-04  0.0000000000e+00
 1.7141830145e-04  0.0000000000e+00
-3.4973079856e-04  0.0000000000e+00
-4.4946608859e-04  0.0000000000e+00
 2.6337142509e-04  0.0000000000e+00
 7.9041402855e-04  0.0000000000e+00
 3.8604345168e-05  0.0000000000e+00
-1.0926698641e-03  0.0000000000e+00
-6.0048302129e-04  0.0000000000e+00
 1.2074144965e-03  0.0000000000e+00
 1.3982889194e-03  0.0000000000e+00
-9.6324949024e-04  0.0000000000e+00
-2.3151518901e-03  0.0000000000e+00
 2.0799613981e-04  0.0000000000e+00
 3.1326168846e-03  0.0000000000e+00
 1.1379393070e-03  0.0000000000e+00
-3.5462258898e-03  0.0000000000e+00
-3.0266985160e-03  0.0000000000e+00
 3.2102415886e-03  0.0000000000e+00
 5.2422614749e-03  0.0000000000e+00
-1.8053045732e-03  0.0000000000e+00
-7.3819010107e-03  0.0000000000e+00
-8.7368187279e-04  0.0000000000e+00
 8.8781160117e-03  0.0000000000e+00
 4.8357720483e-03  0.0000000000e+00
-9.0496505375e-03  0.0000000000e+00
-9.8218771142e-03  0.0000000000e+00
 7.1849681704e-03  0.0000000000e+00
 1.5265387132e-02  0.0000000000e+00
-2.6308672401e-03  0.0000000000e+00
-2.0284048523e-02  0.0000000000e+00
-5.1470918306e-03  0.0000000000e+00
 2.3682845152e-02  0.0000000000e+00
 1.6592034904e-02  0.0000000000e+00
-2.3894872243e-02  0.0000000000e+00
-3.2305745918e-02  0.0000000000e+00
 1.8621894437e-02  0.0000000000e+00
 5.3985897586e-02  0.0000000000e+00
-3.1430695685e-03  0.0000000000e+00
-8.8568096184e-02  0.0000000000e+00
-4.0181173999e-02  0.0000000000e+00
 1.8491371498e-01  0.0000000000e+00
 4.0693140536e-01  0.0000000000e+00
 4.0693140536e-01  0.0000000000e+00
 1.8491371498e-01  0.0000000000e+00
-4.0181173999e-02  0.0000000000e+00
-8.8568096184e-02  0.0000000000e+00
-3.1430695685e-03  0.0000000000e+00
 5.3985897586e-02  0.0000000000e+00
 1.8621894437e-02  0.0000000000e+00
-3.2305745918e-02  0.0000000000e+00
-2.3894872243e-02  0.0000000000e+00
 1.6592034904e-02  0.0000000000e+00
 2.3682845152e-02  0.0000000000e+00
-5.1470918306e-03  0.0000000000e+00
-2.0284048523e-02  0.0000000000e+00
-2.6308672401e-03  0.0000000000e+00
 1.5265387132e-02  0.0000000000e+00
 7.1849681704e-03  0.0000000000e+00
-9.8218771142e-03  0.0000000000e+00
-9.0496505375e-03  0.0000000000e+00
 4.8357720483e-03  0.0000000000e+00
 8.8781160117e-03  0.0000000000e+00
-8.7368187279e-04  0.0000000000e+00
-7.3819010107e-03  0.0000000000e+00
-1.8053045732e-03  0.0000000000e+00
 5.2422614749e-03  0.0000000000e+00
 3.2102415886e-03  0.0000000000e+00
-3.0266985160e-03  0.0000000000e+00
-3.5462258898e-03  0.0000000000e+00
 1.1379393070e-03  0.0000000000e+00
 3.1326168846e-03  0.0000000000e+00
 2.0799613981e-04  0.0000000000e+00
-2.3151518901e-03  0.0000000000e+00
-9.6324949024e-04  0.0000000000e+00
 1.3982889194e-03  0.0000000000e+00
 1.2074144965e-03  0.0000000000e+00
-6.0048302129e-04  0.0000000000e+00
-1.0926698641e-03  0.0000000000e+00
 3.8604345168e-05  0.0000000000e+00
 7.9041402855e-04  0.0000000000e+00
 2.6337142509e-04  0.0000000000e+00
-4.4946608859e-04  0.0000000000e+00
-3.4973079856e-04  0.0000000000e+00
 1.7141830145e-04  0.0000000000e+00
 3.0526637907e-04  0.0000000000e+00
 7.6718943834e-07  0.0000000000e+00
-2.5410709571e-04  0.0000000000e+00
-2.2619774311e-04  0.0000000000e+00
-8.2650063820e-05  0.0000000000e+00
-4.6281211087e-06  0.0000000000e+00
       0
theoretical   5 FIR_filter   fir    seed
2.0000000000e+01     2            47.5
      96
-6.8183546591e-01  0.0000000000e+00
-1.2176376428e+01  0.0000000000e+00
-3.3324461470e+01  0.0000000000e+00
-3.7436191907e+01  0.0000000000e+00
 1.1302577349e-01  0.0000000000e+00
 4.4973205954e+01  0.0000000000e+00
 2.5254109538e+01  0.0000000000e+00
-5.1523902764e+01  0.0000000000e+00
-6.6217351000e+01  0.0000000000e+00
 3.8801054276e+01  0.0000000000e+00
 1.1644732382e+02  0.0000000000e+00
 5.6873644954e+00  0.0000000000e+00
-1.6097700306e+02  0.0000000000e+00
-8.8465839804e+01  0.0000000000e+00
 1.7788169463e+02  0.0000000000e+00
 2.0600216686e+02  0.0000000000e+00
-1.4191021573e+02  0.0000000000e+00
-3.4107851342e+02  0.0000000000e+00
 3.0642920002e+01  0.0000000000e+00
 4.6151110631e+02  0.0000000000e+00
 1.6764629951e+02  0.0000000000e+00
-5.2244583169e+02  0.0000000000e+00
-4.4590673934e+02  0.0000000000e+00
 4.7294712429e+02  0.0000000000e+00
 7.7231336676e+02  0.0000000000e+00
-2.6596553026e+02  0.0000000000e+00
-1.0875346165e+03  0.0000000000e+00
-1.2871471442e+02  0.0000000000e+00
 1.3079636909e+03  0.0000000000e+00
 7.1242752948e+02  0.0000000000e+00
-1.3332349231e+03  0.0000000000e+00
-1.4470027903e+03  0.0000000000e+00
 1.0585215912e+03  0.0000000000e+00
 2.2489649910e+03  0.0000000000e+00
-3.8759110842e+02  0.0000000000e+00
-2.9883365949e+03  0.0000000000e+00
-7.5829254983e+02  0.0000000000e+00
 3.4890624897e+03  0.0000000000e+00
 2.4444126642e+03  0.0000000000e+00
-3.5202992675e+03  0.0000000000e+00
-4.7594267312e+03  0.0000000000e+00
 2.7434606337e+03  0.0000000000e+00
 7.9534434750e+03  0.0000000000e+00
-4.6305104237e+02  0.0000000000e+00
-1.3048247379e+04  0.0000000000e+00
-5.9196699592e+03  0.0000000000e+00
 2.7242314116e+04  0.0000000000e+00
 5.9950951554e+04  0.0000000000e+00
 5.9950951554e+04  0.0000000000e+00
 2.7242314116e+04  0.0000000000e+00
-5.9196699592e+03  0.0000000000e+00
-1.3048247379e+04  0.0000000000e+00
-4.6305104237e+02  0.0000000000e+00
 7.9534434750e+03  0.0000000000e+00
 2.7434606337e+03  0.0000000000e+00
-4.7594267312e+03  0.0000000000e+00
-3.5202992675e+03  0.0000000000e+00
 2.4444126642e+03  0.0000000000e+00
 3.4890624897e+03  0.0000000000e+00
-7.5829254983e+02  0.0000000000e+00
-2.9883365949e+03  0.0000000000e+00
-3.8759110842e+02  0.0000000000e+00
 2.2489649910e+03  0.0000000000e+00
 1.0585215912e+03  0.0000000000e+00
-1.4470027903e+03  0.0000000000e+00
-1.3332349231e+03  0.0000000000e+00
 7.1242752948e+02  0.0000000000e+00
 1.3079636909e+03  0.0000000000e+00
-1.2871471442e+02  0.0000000000e+00
-1.0875346165e+03  0.0000000000e+00
-2.6596553026e+02  0.0000000000e+00
 7.7231336676e+02  0.0000000000e+00
 4.7294712429e+02  0.0000000000e+00
-4.4590673934e+02  0.0000000000e+00
-5.2244583169e+02  0.0000000000e+00
 1.6764629951e+02  0.0000000000e+00
 4.6151110631e+02  0.0000000000e+00
 3.0642920002e+01  0.0000000000e+00
-3.4107851342e+02  0.0000000000e+00
-1.4191021573e+02  0.0000000000e+00
 2.0600216686e+02  0.0000000000e+00
 1.7788169463e+02  0.0000000000e+00
-8.8465839804e+01  0.0000000000e+00
-1.6097700306e+02  0.0000000000e+00
 5.6873644954e+00  0.0000000000e+00
 1.1644732382e+02  0.0000000000e+00
 3.8801054276e+01  0.0000000000e+00
-6.6217351000e+01  0.0000000000e+00
-5.1523902764e+01  0.0000000000e+00
 2.5254109538e+01  0.0000000000e+00
 4.4973205954e+01  0.0000000000e+00
 1.1302577349e-01  0.0000000000e+00
-3.7436191907e+01  0.0000000000e+00
-3.3324461470e+01  0.0000000000e+00
-1.2176376428e+01  0.0000000000e+00
-6.8183546591e-01  0.0000000000e+00
       0
theoretical   6 FIR_filter   fir    seed
1.0000000000e+01     5            79.5
     160
 1.4159197468e+11  0.0000000000e+00
 2.6170733534e+11  0.0000000000e+00
 4.3348923916e+11  0.0000000000e+00
 5.9758420662e+11  0.0000000000e+00
 6.9281726921e+11  0.0000000000e+00
 6.5130863381e+11  0.0000000000e+00
 4.1905883278e+11  0.0000000000e+00
-2.0095548951e+10  0.0000000000e+00
-6.2474242315e+11  0.0000000000e+00
-1.2897927913e+12  0.0000000000e+00
-1.8592721689e+12  0.0000000000e+00
-2.1594817155e+12  0.0000000000e+00
-2.0479167700e+12  0.0000000000e+00
-1.4652099939e+12  0.0000000000e+00
-4.7385613893e+11  0.0000000000e+00
 7.3152044288e+11  0.0000000000e+00
 1.8529468355e+12  0.0000000000e+00
 2.5568962027e+12  0.0000000000e+00
 2.5676717629e+12  0.0000000000e+00
 1.7623944115e+12  0.0000000000e+00
 2.3817793220e+11  0.0000000000e+00
-1.6754162492e+12  0.0000000000e+00
-3.4732346977e+12  0.0000000000e+00
-4.5960098174e+12  0.0000000000e+00
-4.5905332364e+12  0.0000000000e+00
-3.2655716097e+12  0.0000000000e+00
-7.9444676911e+11  0.0000000000e+00
 2.2765453982e+12  0.0000000000e+00
 5.1325026702e+12  0.0000000000e+00
 6.8934711762e+12  0.0000000000e+00
 6.8703039430e+12  0.0000000000e+00
 4.8024976719e+12  0.0000000000e+00
 1.0023466946e+12  0.0000000000e+00
-3.6531158212e+12  0.0000000000e+00
-7.9028173043e+12  0.0000000000e+00
-1.0425305501e+13  0.0000000000e+00
-1.0227504262e+13  0.0000000000e+00
-6.9895415092e+12  0.0000000000e+00
-1.2547776456e+12  0.0000000000e+00
 5.6140120124e+12  0.0000000000e+00
 1.1731167565e+13  0.0000000000e+00
 1.5182050530e+13  0.0000000000e+00
 1.4591701295e+13  0.0000000000e+00
 9.6069349882e+12  0.0000000000e+00
 1.1356645551e+12  0.0000000000e+00
-8.7598325276e+12  0.0000000000e+00
-1.7328084091e+13  0.0000000000e+00
-2.1858558929e+13  0.0000000000e+00
-2.0492448505e+13  0.0000000000e+00
-1.2882856342e+13  0.0000000000e+00
-4.8950812800e+11  0.0000000000e+00
 1.3624660412e+13  0.0000000000e+00
 2.5496391799e+13  0.0000000000e+00
 3.1318571123e+13  0.0000000000e+00
 2.8582899366e+13  0.0000000000e+00
 1.6984352001e+13  0.0000000000e+00
-1.2060573183e+12  0.0000000000e+00
-2.1473960175e+13  0.0000000000e+00
-3.8089840139e+13  0.0000000000e+00
-4.5621401293e+13  0.0000000000e+00
-4.0555386570e+13  0.0000000000e+00
-2.2579007247e+13  0.0000000000e+00
 4.8849209705e+12  0.0000000000e+00
 3.5133079822e+13  0.0000000000e+00
 5.9623948250e+13  0.0000000000e+00
 7.0132694977e+13  0.0000000000e+00
 6.1120023625e+13  0.0000000000e+00
 3.1705190632e+13  0.0000000000e+00
-1.3325291542e+13  0.0000000000e+00
-6.3846175534e+13  0.0000000000e+00
-1.0612195714e+14  0.0000000000e+00
-1.2564613862e+14  0.0000000000e+00
-1.1049715439e+14  0.0000000000e+00
-5.4440817491e+13  0.0000000000e+00
 4.0985229882e+13  0.0000000000e+00
 1.6597348705e+14  0.0000000000e+00
 3.0375655708e+14  0.0000000000e+00
 4.3352930314e+14  0.0000000000e+00
 5.3439997511e+14  0.0000000000e+00
 5.8952639579e+14  0.0000000000e+00
 5.8952639579e+14  0.0000000000e+00
 5.3439997511e+14  0.0000000000e+00
 4.3352930314e+14  0.0000000000e+00
 3.0375655708e+14  0.0000000000e+00
 1.6597348705e+14  0.0000000000e+00
 4.0985229882e+13  0.0000000000e+00
-5.4440817491e+13  0.0000000000e+00
-1.1049715439e+14  0.0000000000e+00
-1.2564613862e+14  0.0000000000e+00
-1.0612195714e+14  0.0000000000e+00
-6.3846175534e+13  0.0000000000e+00
-1.3325291542e+13  0.0000000000e+00
 3.1705190632e+13  0.0000000000e+00
 6.1120023625e+13  0.0000000000e+00
 7.0132694977e+13  0.0000000000e+00
 5.9623948250e+13  0.0000000000e+00
 3.5133079822e+13  0.0000000000e+00
 4.8849209705e+12  0.0000000000e+00
-2.2579007247e+13  0.0000000000e+00
-4.0555386570e+13  0.0000000000e+00
-4.5621401293e+13  0.0000000000e+00
-3.8089840139e+13  0.0000000000e+00
-2.1473960175e+13  0.0000000000e+00
-1.2060573183e+12  0.0000000000e+00
 1.6984352001e+13  0.0000000000e+00
 2.8582899366e+13  0.0000000000e+00
 3.1318571123e+13  0.0000000000e+00
 2.5496391799e+13  0.0000000000e+00
 1.3624660412e+13  0.0000000000e+00
-4.8950812800e+11  0.0000000000e+00
-1.2882856342e+13  0.0000000000e+00
-2.0492448505e+13  0.0000000000e+00
-2.1858558929e+13  0.0000000000e+00
-1.7328084091e+13  0.0000000000e+00
-8.7598325276e+12  0.0000000000e+00
 1.1356645551e+12  0.0000000000e+00
 9.6069349882e+12  0.0000000000e+00
 1.4591701295e+13  0.0000000000e+00
 1.5182050530e+13  0.0000000000e+00
 1.1731167565e+13  0.0000000000e+00
 5.6140120124e+12  0.0000000000e+00
-1.2547776456e+12  0.0000000000e+00
-6.9895415092e+12  0.0000000000e+00
-1.0227504262e+13  0.0000000000e+00
-1.0425305501e+13  0.0000000000e+00
-7.9028173043e+12  0.0000000000e+00
-3.6531158212e+12  0.0000000000e+00
 1.0023466946e+12  0.0000000000e+00
 4.8024976719e+12  0.0000000000e+00
 6.8703039430e+12  0.0000000000e+00
 6.8934711762e+12  0.0000000000e+00
 5.1325026702e+12  0.0000000000e+00
 2.2765453982e+12  0.0000000000e+00
-7.9444676911e+11  0.0000000000e+00
-3.2655716097e+12  0.0000000000e+00
-4.5905332364e+12  0.0000000000e+00
-4.5960098174e+12  0.0000000000e+00
-3.4732346977e+12  0.0000000000e+00
-1.6754162492e+12  0.0000000000e+00
 2.3817793220e+11  0.0000000000e+00
 1.7623944115e+12  0.0000000000e+00
 2.5676717629e+12  0.0000000000e+00
 2.5568962027e+12  0.0000000000e+00
 1.8529468355e+12  0.0000000000e+00
 7.3152044288e+11  0.0000000000e+00
-4.7385613893e+11  0.0000000000e+00
-1.4652099939e+12  0.0000000000e+00
-2.0479167700e+12  0.0000000000e+00
-2.1594817155e+12  0.0000000000e+00
-1.8592721689e+12  0.0000000000e+00
-1.2897927913e+12  0.0000000000e+00
-6.2474242315e+11  0.0000000000e+00
-2.0095548951e+10  0.0000000000e+00
 4.1905883278e+11  0.0000000000e+00
 6.5130863381e+11  0.0000000000e+00
 6.9281726921e+11  0.0000000000e+00
 5.9758420662e+11  0.0000000000e+00
 4.3348923916e+11  0.0000000000e+00
 2.6170733534e+11  0.0000000000e+00
 1.4159197468e+11  0.0000000000e+00
       0
theoretical   7 FIR_filter   fir    seed
2.0000000000e+00     2            47.5
      96
-3.6457778378e+11  0.0000000000e+00
-6.5107149077e+12  0.0000000000e+00
-1.7818607151e+13  0.0000000000e+00
-2.0017151587e+13  0.0000000000e+00
 6.0434940790e+10  0.0000000000e+00
 2.4047196980e+13  0.0000000000e+00
 1.3503385710e+13  0.0000000000e+00
-2.7549858024e+13  0.0000000000e+00
-3.5406452557e+13  0.0000000000e+00
 2.0746944217e+13  0.0000000000e+00
 6.2264445557e+13  0.0000000000e+00
 3.0410367999e+12  0.0000000000e+00
-8.6074488570e+13  0.0000000000e+00
-4.7302731273e+13  0.0000000000e+00
 9.5113436077e+13  0.0000000000e+00
 1.1014946743e+14  0.0000000000e+00
-7.5879467312e+13  0.0000000000e+00
-1.8237486129e+14  0.0000000000e+00
 1.6384785511e+13  0.0000000000e+00
 2.4677023232e+14  0.0000000000e+00
 8.9640564904e+13  0.0000000000e+00
-2.7935206217e+14  0.0000000000e+00
-2.3842656906e+14  0.0000000000e+00
 2.5288507718e+14  0.0000000000e+00
 4.1295636516e+14  0.0000000000e+00
-1.4221190952e+14  0.0000000000e+00
-5.8150533389e+14  0.0000000000e+00
-6.8823825789e+13  0.0000000000e+00
 6.9936887642e+14  0.0000000000e+00
 3.8093537633e+14  0.0000000000e+00
-7.1288141764e+14  0.0000000000e+00
-7.7371315633e+14  0.0000000000e+00
 5.6599205392e+14  0.0000000000e+00
 1.2025227687e+15  0.0000000000e+00
-2.0724517040e+14  0.0000000000e+00
-1.5978651558e+15  0.0000000000e+00
-4.0545942694e+14  0.0000000000e+00
 1.8656035562e+15  0.0000000000e+00
 1.3070287427e+15  0.0000000000e+00
-1.8823058778e+15  0.0000000000e+00
-2.5448679872e+15  0.0000000000e+00
 1.4669298500e+15  0.0000000000e+00
 4.2527104272e+15  0.0000000000e+00
-2.4759363695e+14  0.0000000000e+00
-6.9769047660e+15  0.0000000000e+00
-3.1652506541e+15  0.0000000000e+00
 1.4566479748e+16  0.0000000000e+00
 3.2055805463e+16  0.0000000000e+00
 3.2055805463e+16  0.0000000000e+00
 1.4566479748e+16  0.0000000000e+00
-3.1652506541e+15  0.0000000000e+00
-6.9769047660e+15  0.0000000000e+00
-2.4759363695e+14  0.0000000000e+00
 4.2527104272e+15  0.0000000000e+00
 1.4669298500e+15  0.0000000000e+00
-2.5448679872e+15  0.0000000000e+00
-1.8823058778e+15  0.0000000000e+00
 1.3070287427e+15  0.0000000000e+00
 1.8656035562e+15  0.0000000000e+00
-4.0545942694e+14  0.0000000000e+00
-1.5978651558e+15  0.0000000000e+00
-2.0724517040e+14  0.0000000000e+00
 1.2025227687e+15  0.0000000000e+00
 5.6599205392e+14  0.0000000000e+00
-7.7371315633e+14  0.0000000000e+00
-7.1288141764e+14  0.0000000000e+00
 3.8093537633e+14  0.0000000000e+00
 6.9936887642e+14  0.0000000000e+00
-6.8823825789e+13  0.0000000000e+00
-5.8150533389e+14  0.0000000000e+00
-1.4221190952e+14  0.0000000000e+00
 4.1295636516e+14  0.0000000000e+00
 2.5288507718e+14  0.0000000000e+00
-2.3842656906e+14  0.0000000000e+00
-2.7935206217e+14  0.0000000000e+00
 8.9640564904e+13  0.0000000000e+00
 2.4677023232e+14  0.0000000000e+00
 1.6384785511e+13  0.0000000000e+00
-1.8237486129e+14  0.0000000000e+00
-7.5879467312e+13  0.0000000000e+00
 1.1014946743e+14  0.0000000000e+00
 9.5113436077e+13  0.0000000000e+00
-4.7302731273e+13  0.0000000000e+00
-8.6074488570e+13  0.0000000000e+00
 3.0410367999e+12  0.0000000000e+00
 6.2264445557e+13  0.0000000000e+00
 2.0746944217e+13  0.0000000000e+00
-3.5406452557e+13  0.0000000000e+00
-2.7549858024e+13  0.0000000000e+00
 1.3503385710e+13  0.0000000000e+00
 2.4047196980e+13  0.0000000000e+00
 6.0434940790e+10  0.0000000000e+00
-2.0017151587e+13  0.0000000000e+00
-1.7818607151e+13  0.0000000000e+00
-6.5107149077e+12  0.0000000000e+00
-3.6457778378e+11  0.0000000000e+00
       0
theoretical   8 FIR_filter   fir    seed
1.0000000000e+00    10           129.5
     260
-6.6094697757e+10  0.0000000000e+00
-1.1479861923e+11  0.0000000000e+00
-1.3071594848e+11  0.0000000000e+00
-2.1904430856e+11  0.0000000000e+00
-2.7298995111e+11  0.0000000000e+00
-3.7000234443e+11  0.0000000000e+00
-4.4760259242e+11  0.0000000000e+00
-5.4598850011e+11  0.0000000000e+00
-6.2649388265e+11  0.0000000000e+00
-7.0779445143e+11  0.0000000000e+00
-7.6440854149e+11  0.0000000000e+00
-8.0332424454e+11  0.0000000000e+00
-8.0744526530e+11  0.0000000000e+00
-7.7889125458e+11  0.0000000000e+00
-7.0759652063e+11  0.0000000000e+00
-5.9581039922e+11  0.0000000000e+00
-4.4067635783e+11  0.0000000000e+00
-2.4802224944e+11  0.0000000000e+00
-2.2526794254e+10  0.0000000000e+00
 2.2479567309e+11  0.0000000000e+00
 4.8242647173e+11  0.0000000000e+00
 7.3463980885e+11  0.0000000000e+00
 9.6541255325e+11  0.0000000000e+00
 1.1570306447e+12  0.0000000000e+00
 1.2929899980e+12  0.0000000000e+00
 1.3579292724e+12  0.0000000000e+00
 1.3399458412e+12  0.0000000000e+00
 1.2310649737e+12  0.0000000000e+00
 1.0288518227e+12  0.0000000000e+00
 7.3684406535e+11  0.0000000000e+00
 3.6529293480e+11  0.0000000000e+00
-6.9046013169e+10  0.0000000000e+00
-5.4319355600e+11  0.0000000000e+00
-1.0289852394e+12  0.0000000000e+00
-1.4944589531e+12  0.0000000000e+00
-1.9057650670e+12  0.0000000000e+00
-2.2293024246e+12  0.0000000000e+00
-2.4341792824e+12  0.0000000000e+00
-2.4946649347e+12  0.0000000000e+00
-2.3925137443e+12  0.0000000000e+00
-2.1190125765e+12  0.0000000000e+00
-1.6765615586e+12  0.0000000000e+00
-1.0795417215e+12  0.0000000000e+00
-3.5448743566e+11  0.0000000000e+00
 4.6064393341e+11  0.0000000000e+00
 1.3180964602e+12  0.0000000000e+00
 2.1627636424e+12  0.0000000000e+00
 2.9353904021e+12  0.0000000000e+00
 3.5764050614e+12  0.0000000000e+00
 4.0300690234e+12  0.0000000000e+00
 4.2487276266e+12  0.0000000000e+00
 4.1969470783e+12  0.0000000000e+00
 3.8549987828e+12  0.0000000000e+00
 3.2216632116e+12  0.0000000000e+00
 2.3158805809e+12  0.0000000000e+00
 1.1771520570e+12  0.0000000000e+00
-1.3552835974e+11  0.0000000000e+00
-1.5461288034e+12  0.0000000000e+00
-2.9655485479e+12  0.0000000000e+00
-4.2967465941e+12  0.0000000000e+00
-5.4408970785e+12  0.0000000000e+00
-6.3041771896e+12  0.0000000000e+00
-6.8046889538e+12  0.0000000000e+00
-6.8791727321e+12  0.0000000000e+00
-6.4888818537e+12  0.0000000000e+00
-5.6242126446e+12  0.0000000000e+00
-4.3076763747e+12  0.0000000000e+00
-2.5948294134e+12  0.0000000000e+00
-5.7295151142e+11  0.0000000000e+00
 1.6425431054e+12  0.0000000000e+00
 3.9139863408e+12  0.0000000000e+00
 6.0893174844e+12  0.0000000000e+00
 8.0114837901e+12  0.0000000000e+00
 9.5290156530e+12  0.0000000000e+00
 1.0506838885e+13  0.0000000000e+00
 1.0836912527e+13  0.0000000000e+00
 1.0447668323e+13  0.0000000000e+00
 9.3116795738e+12  0.0000000000e+00
 7.4508539039e+12  0.0000000000e+00
 4.9385699037e+12  0.0000000000e+00
 1.8984801089e+12  0.0000000000e+00
-1.5002475483e+12  0.0000000000e+00
-5.0511659592e+12  0.0000000000e+00
-8.5218691069e+12  0.0000000000e+00
-1.1667969026e+13  0.0000000000e+00
-1.4248857991e+13  0.0000000000e+00
-1.6044341718e+13  0.0000000000e+00
-1.6871142257e+13  0.0000000000e+00
-1.6598048206e+13  0.0000000000e+00
-1.5158683485e+13  0.0000000000e+00
-1.2560861137e+13  0.0000000000e+00
-8.8916127979e+12  0.0000000000e+00
-4.3173690131e+12  0.0000000000e+00
 9.2116597369e+11  0.0000000000e+00
 6.5193936478e+12  0.0000000000e+00
 1.2124116229e+13  0.0000000000e+00
 1.7353231530e+13  0.0000000000e+00
 2.1818571281e+13  0.0000000000e+00
 2.5151011555e+13  0.0000000000e+00
 2.7025987934e+13  0.0000000000e+00
 2.7188208196e+13  0.0000000000e+00
 2.5473699960e+13  0.0000000000e+00
 2.1827780586e+13  0.0000000000e+00
 1.6317577277e+13  0.0000000000e+00
 9.1379649950e+12  0.0000000000e+00
 6.1020453604e+11  0.0000000000e+00
-8.8270461587e+12  0.0000000000e+00
-1.8634291018e+13  0.0000000000e+00
-2.8194671389e+13  0.0000000000e+00
-3.6843418318e+13  0.0000000000e+00
-4.3901809777e+13  0.0000000000e+00
-4.8713910557e+13  0.0000000000e+00
-5.0684089262e+13  0.0000000000e+00
-4.9313213972e+13  0.0000000000e+00
-4.4231404862e+13  0.0000000000e+00
-3.5225320592e+13  0.0000000000e+00
-2.2258304557e+13  0.0000000000e+00
-5.4818983094e+12  0.0000000000e+00
 1.4762144502e+13  0.0000000000e+00
 3.7949812681e+13  0.0000000000e+00
 6.3392599015e+13  0.0000000000e+00
 9.0264457667e+13  0.0000000000e+00
 1.1763661851e+14  0.0000000000e+00
 1.4451871404e+14  0.0000000000e+00
 1.6990402282e+14  0.0000000000e+00
 1.9281659375e+14  0.0000000000e+00
 2.1235766876e+14  0.0000000000e+00
 2.2774904244e+14  0.0000000000e+00
 2.3837092271e+14  0.0000000000e+00
 2.4379233689e+14  0.0000000000e+00
 2.4379233689e+14  0.0000000000e+00
 2.3837092271e+14  0.0000000000e+00
 2.2774904244e+14  0.0000000000e+00
 2.1235766876e+14  0.0000000000e+00
 1.9281659375e+14  0.0000000000e+00
 1.6990402282e+14  0.0000000000e+00
 1.4451871404e+14  0.0000000000e+00
 1.1763661851e+14  0.0000000000e+00
 9.0264457667e+13  0.0000000000e+00
 6.3392599015e+13  0.0000000000e+00
 3.7949812681e+13  0.0000000000e+00
 1.4762144502e+13  0.0000000000e+00
-5.4818983094e+12  0.0000000000e+00
-2.2258304557e+13  0.0000000000e+00
-3.5225320592e+13  0.0000000000e+00
-4.4231404862e+13  0.0000000000e+00
-4.9313213972e+13  0.0000000000e+00
-5.0684089262e+13  0.0000000000e+00
-4.8713910557e+13  0.0000000000e+00
-4.3901809777e+13  0.0000000000e+00
-3.6843418318e+13  0.0000000000e+00
-2.8194671389e+13  0.0000000000e+00
-1.8634291018e+13  0.0000000000e+00
-8.8270461587e+12  0.0000000000e+00
 6.1020453604e+11  0.0000000000e+00
 9.1379649950e+12  0.0000000000e+00
 1.6317577277e+13  0.0000000000e+00
 2.1827780586e+13  0.0000000000e+00
 2.5473699960e+13  0.0000000000e+00
 2.7188208196e+13  0.0000000000e+00
 2.7025987934e+13  0.0000000000e+00
 2.5151011555e+13  0.0000000000e+00
 2.1818571281e+13  0.0000000000e+00
 1.7353231530e+13  0.0000000000e+00
 1.2124116229e+13  0.0000000000e+00
 6.5193936478e+12  0.0000000000e+00
 9.2116597369e+11  0.0000000000e+00
-4.3173690131e+12  0.0000000000e+00
-8.8916127979e+12  0.0000000000e+00
-1.2560861137e+13  0.0000000000e+00
-1.5158683485e+13  0.0000000000e+00
-1.6598048206e+13  0.0000000000e+00
-1.6871142257e+13  0.0000000000e+00
-1.6044341718e+13  0.0000000000e+00
-1.4248857991e+13  0.0000000000e+00
-1.1667969026e+13  0.0000000000e+00
-8.5218691069e+12  0.0000000000e+00
-5.0511659592e+12  0.0000000000e+00
-1.5002475483e+12  0.0000000000e+00
 1.8984801089e+12  0.0000000000e+00
 4.9385699037e+12  0.0000000000e+00
 7.4508539039e+12  0.0000000000e+00
 9.3116795738e+12  0.0000000000e+00
 1.0447668323e+13  0.0000000000e+00
 1.0836912527e+13  0.0000000000e+00
 1.0506838885e+13  0.0000000000e+00
 9.5290156530e+12  0.0000000000e+00
 8.0114837901e+12  0.0000000000e+00
 6.0893174844e+12  0.0000000000e+00
 3.9139863408e+12  0.0000000000e+00
 1.6425431054e+12  0.0000000000e+00
-5.7295151142e+11  0.0000000000e+00
-2.5948294134e+12  0.0000000000e+00
-4.3076763747e+12  0.0000000000e+00
-5.6242126446e+12  0.0000000000e+00
-6.4888818537e+12  0.0000000000e+00
-6.8791727321e+12  0.0000000000e+00
-6.8046889538e+12  0.0000000000e+00
-6.3041771896e+12  0.0000000000e+00
-5.4408970785e+12  0.0000000000e+00
-4.2967465941e+12  0.0000000000e+00
-2.9655485479e+12  0.0000000000e+00
-1.5461288034e+12  0.0000000000e+00
-1.3552835974e+11  0.0000000000e+00
 1.1771520570e+12  0.0000000000e+00
 2.3158805809e+12  0.0000000000e+00
 3.2216632116e+12  0.0000000000e+00
 3.8549987828e+12  0.0000000000e+00
 4.1969470783e+12  0.0000000000e+00
 4.2487276266e+12  0.0000000000e+00
 4.0300690234e+12  0.0000000000e+00
 3.5764050614e+12  0.0000000000e+00
 2.9353904021e+12  0.0000000000e+00
 2.1627636424e+12  0.0000000000e+00
 1.3180964602e+12  0.0000000000e+00
 4.6064393341e+11  0.0000000000e+00
-3.5448743566e+11  0.0000000000e+00
-1.0795417215e+12  0.0000000000e+00
-1.6765615586e+12  0.0000000000e+00
-2.1190125765e+12  0.0000000000e+00
-2.3925137443e+12  0.0000000000e+00
-2.4946649347e+12  0.0000000000e+00
-2.4341792824e+12  0.0000000000e+00
-2.2293024246e+12  0.0000000000e+00
-1.9057650670e+12  0.0000000000e+00
-1.4944589531e+12  0.0000000000e+00
-1.0289852394e+12  0.0000000000e+00
-5.4319355600e+11  0.0000000000e+00
-6.9046013169e+10  0.0000000000e+00
 3.6529293480e+11  0.0000000000e+00
 7.3684406535e+11  0.0000000000e+00
 1.0288518227e+12  0.0000000000e+00
 1.2310649737e+12  0.0000000000e+00
 1.3399458412e+12  0.0000000000e+00
 1.3579292724e+12  0.0000000000e+00
 1.2929899980e+12  0.0000000000e+00
 1.1570306447e+12  0.0000000000e+00
 9.6541255325e+11  0.0000000000e+00
 7.3463980885e+11  0.0000000000e+00
 4.8242647173e+11  0.0000000000e+00
 2.2479567309e+11  0.0000000000e+00
-2.2526794254e+10  0.0000000000e+00
-2.4802224944e+11  0.0000000000e+00
-4.4067635783e+11  0.0000000000e+00
-5.9581039922e+11  0.0000000000e+00
-7.0759652063e+11  0.0000000000e+00
-7.7889125458e+11  0.0000000000e+00
-8.0744526530e+11  0.0000000000e+00
-8.0332424454e+11  0.0000000000e+00
-7.6440854149e+11  0.0000000000e+00
-7.0779445143e+11  0.0000000000e+00
-6.2649388265e+11  0.0000000000e+00
-5.4598850011e+11  0.0000000000e+00
-4.4760259242e+11  0.0000000000e+00
-3.7000234443e+11  0.0000000000e+00
-2.7298995111e+11  0.0000000000e+00
-2.1904430856e+11  0.0000000000e+00
-1.3071594848e+11  0.0000000000e+00
-1.1479861923e+11  0.0000000000e+00
-6.6094697757e+10  0.0000000000e+00
       0
theoretical   9 FIR_filter   fir    seed
1.0000000000e-01    10           199.5
     400
-2.9980974892e+06  0.0000000000e+00
 2.1282395613e+07  0.0000000000e+00
 6.6901851304e+07  0.0000000000e+00
 1.6552074667e+08  0.0000000000e+00
 3.5212996713e+08  0.0000000000e+00
 6.7867004928e+08  0.0000000000e+00
 1.2175707381e+09  0.0000000000e+00
 2.0661957332e+09  0.0000000000e+00
 3.3512994614e+09  0.0000000000e+00
 5.2330986205e+09  0.0000000000e+00
 7.9084689250e+09  0.0000000000e+00
 1.1612758815e+10  0.0000000000e+00
 1.6619620247e+10  0.0000000000e+00
 2.3238284926e+10  0.0000000000e+00
 3.1807667863e+10  0.0000000000e+00
 4.2686822560e+10  0.0000000000e+00
 5.6241328480e+10  0.0000000000e+00
 7.2825465788e+10  0.0000000000e+00
 9.2760168090e+10  0.0000000000e+00
 1.1630716482e+11  0.0000000000e+00
 1.4363997494e+11  0.0000000000e+00
 1.7481289452e+11  0.0000000000e+00
 2.0972933978e+11  0.0000000000e+00
 2.4811147702e+11  0.0000000000e+00
 2.8947319904e+11  0.0000000000e+00
 3.3309896853e+11  0.0000000000e+00
 3.7803069729e+11  0.0000000000e+00
 4.2306568425e+11  0.0000000000e+00
 4.6676694837e+11  0.0000000000e+00
 5.0748924675e+11  0.0000000000e+00
 5.4342035931e+11  0.0000000000e+00
 5.7263966466e+11  0.0000000000e+00
 5.9319268050e+11  0.0000000000e+00
 6.0318024229e+11  0.0000000000e+00
 6.0085971348e+11  0.0000000000e+00
 5.8475485300e+11  0.0000000000e+00
 5.5376800998e+11  0.0000000000e+00
 5.0729001448e+11  0.0000000000e+00
 4.4530043361e+11  0.0000000000e+00
 3.6845074596e+11  0.0000000000e+00
 2.7812349919e+11  0.0000000000e+00
 1.7646052746e+11  0.0000000000e+00
 6.6354038200e+10  0.0000000000e+00
-4.8603995333e+10  0.0000000000e+00
-1.6421683768e+11  0.0000000000e+00
-2.7582286800e+11  0.0000000000e+00
-3.7847817282e+11  0.0000000000e+00
-4.6717672314e+11  0.0000000000e+00
-5.3710038409e+11  0.0000000000e+00
-5.8388736298e+11  0.0000000000e+00
-6.0390712241e+11  0.0000000000e+00
-5.9452458813e+11  0.0000000000e+00
-5.5433961878e+11  0.0000000000e+00
-4.8338277062e+11  0.0000000000e+00
-3.8325227692e+11  0.0000000000e+00
-2.5717774374e+11  0.0000000000e+00
-1.0999864644e+11  0.0000000000e+00
 5.1950329463e+10  0.0000000000e+00
 2.2104955390e+11  0.0000000000e+00
 3.8869845540e+11  0.0000000000e+00
 5.4570460696e+11  0.0000000000e+00
 6.8274338454e+11  0.0000000000e+00
 7.9086820973e+11  0.0000000000e+00
 8.6204609610e+11  0.0000000000e+00
 8.8968881118e+11  0.0000000000e+00
 8.6914812954e+11  0.0000000000e+00
 7.9814187475e+11  0.0000000000e+00
 6.7707926305e+11  0.0000000000e+00
 5.0925664479e+11  0.0000000000e+00
 3.0090006909e+11  0.0000000000e+00
 6.1039328355e+10  0.0000000000e+00
-1.9879517222e+11  0.0000000000e+00
-4.6504870096e+11  0.0000000000e+00
-7.2277829552e+11  0.0000000000e+00
-9.5642396458e+11  0.0000000000e+00
-1.1506792429e+12  0.0000000000e+00
-1.2914167916e+12  0.0000000000e+00
-1.3666170474e+12  0.0000000000e+00
-1.3672446488e+12  0.0000000000e+00
-1.2880126450e+12  0.0000000000e+00
-1.1279814024e+12  0.0000000000e+00
-8.9094019741e+11  0.0000000000e+00
-5.8553232661e+11  0.0000000000e+00
-2.2509485329e+11  0.0000000000e+00
 1.7279882175e+11  0.0000000000e+00
 5.8708839091e+11  0.0000000000e+00
 9.9424490959e+11  0.0000000000e+00
 1.3695148401e+12  0.0000000000e+00
 1.6883313382e+12  0.0000000000e+00
 1.9278161348e+12  0.0000000000e+00
 2.0682894058e+12  0.0000000000e+00
 2.0946903925e+12  0.0000000000e+00
 1.9978183390e+12  0.0000000000e+00
 1.7753018435e+12  0.0000000000e+00
 1.4322163605e+12  0.0000000000e+00
 9.8128850541e+11  0.0000000000e+00
 4.4264250620e+11  0.0000000000e+00
-1.5692573489e+11  0.0000000000e+00
-7.8513650611e+11  0.0000000000e+00
-1.4058337819e+12  0.0000000000e+00
-1.9809416367e+12  0.0000000000e+00
-2.4726721254e+12  0.0000000000e+00
-2.8458643480e+12  0.0000000000e+00
-3.0703174993e+12  0.0000000000e+00
-3.1229726725e+12  0.0000000000e+00
-2.9897986658e+12  0.0000000000e+00
-2.6672409018e+12  0.0000000000e+00
-2.1631180079e+12  0.0000000000e+00
-1.4968722001e+12  0.0000000000e+00
-6.9911457069e+11  0.0000000000e+00
 1.8955095089e+11  0.0000000000e+00
 1.1203988238e+12  0.0000000000e+00
 2.0390766166e+12  0.0000000000e+00
 2.8886074773e+12  0.0000000000e+00
 3.6127452113e+12  0.0000000000e+00
 4.1594954793e+12  0.0000000000e+00
 4.4845943216e+12  0.0000000000e+00
 4.5547214736e+12  0.0000000000e+00
 4.3502355334e+12  0.0000000000e+00
 3.8672302824e+12  0.0000000000e+00
 3.1187362233e+12  0.0000000000e+00
 2.1349481569e+12  0.0000000000e+00
 9.6239767454e+11  0.0000000000e+00
-3.3793728030e+11  0.0000000000e+00
-1.6935356266e+12  0.0000000000e+00
-3.0241289386e+12  0.0000000000e+00
-4.2462049185e+12  0.0000000000e+00
-5.2779874356e+12  0.0000000000e+00
-6.0445992737e+12  0.0000000000e+00
-6.4831162221e+12  0.0000000000e+00
-6.5471688960e+12  0.0000000000e+00
-6.2108005495e+12  0.0000000000e+00
-5.4712850911e+12  0.0000000000e+00
-4.3506697904e+12  0.0000000000e+00
-2.8958795366e+12  0.0000000000e+00
-1.1772828829e+12  0.0000000000e+00
 7.1427472439e+11  0.0000000000e+00
 2.6718801908e+12  0.0000000000e+00
 4.5782130084e+12  0.0000000000e+00
 6.3121821036e+12  0.0000000000e+00
 7.7561817926e+12  0.0000000000e+00
 8.8035633514e+12  0.0000000000e+00
 9.3658644881e+12  0.0000000000e+00
 9.3793434435e+12  0.0000000000e+00
 8.8103781143e+12  0.0000000000e+00
 7.6593292177e+12  0.0000000000e+00
 5.9625444830e+12  0.0000000000e+00
 3.7922704505e+12  0.0000000000e+00
 1.2543683866e+12  0.0000000000e+00
-1.5161693382e+12  0.0000000000e+00
-4.3617414820e+12  0.0000000000e+00
-7.1104279115e+12  0.0000000000e+00
-9.5856422787e+12  0.0000000000e+00
-1.1616642227e+13  0.0000000000e+00
-1.3049317024e+13  0.0000000000e+00
-1.3756613686e+13  0.0000000000e+00
-1.3647952160e+13  0.0000000000e+00
-1.2677017286e+13  0.0000000000e+00
-1.0847368296e+13  0.0000000000e+00
-8.2153897137e+12  0.0000000000e+00
-4.8902780901e+12  0.0000000000e+00
-1.0308836563e+12  0.0000000000e+00
 3.1605901265e+12  0.0000000000e+00
 7.4478409416e+12  0.0000000000e+00
 1.1572300771e+13  0.0000000000e+00
 1.5267020485e+13  0.0000000000e+00
 1.8271916912e+13  0.0000000000e+00
 2.0349588084e+13  0.0000000000e+00
 2.1300836641e+13  0.0000000000e+00
 2.0979006362e+13  0.0000000000e+00
 1.9302255396e+13  0.0000000000e+00
 1.6262977731e+13  0.0000000000e+00
 1.1933714995e+13  0.0000000000e+00
 6.4690228838e+12  0.0000000000e+00
 1.0300153517e+11  0.0000000000e+00
-6.8575937616e+12  0.0000000000e+00
-1.4044510248e+13  0.0000000000e+00
-2.1043035298e+13  0.0000000000e+00
-2.7410287519e+13  0.0000000000e+00
-3.2695949155e+13  0.0000000000e+00
-3.6464459744e+13  0.0000000000e+00
-3.8317585142e+13  0.0000000000e+00
-3.7916185996e+13  0.0000000000e+00
-3.5000092099e+13  0.0000000000e+00
-2.9404921120e+13  0.0000000000e+00
-2.1074947835e+13  0.0000000000e+00
-1.0071193262e+13  0.0000000000e+00
 3.4257761650e+12  0.0000000000e+00
 1.9118697571e+13  0.0000000000e+00
 3.6602093146e+13  0.0000000000e+00
 5.5376105163e+13  0.0000000000e+00
 7.4865189042e+13  0.0000000000e+00
 9.4440812475e+13  0.0000000000e+00
 1.1344714035e+14  0.0000000000e+00
 1.3122857027e+14  0.0000000000e+00
 1.4715778240e+14  0.0000000000e+00
 1.6066289101e+14  0.0000000000e+00
 1.7125264809e+14  0.0000000000e+00
 1.7853801432e+14  0.0000000000e+00
 1.8224959209e+14  0.0000000000e+00
 1.8224959209e+14  0.0000000000e+00
 1.7853801432e+14  0.0000000000e+00
 1.7125264809e+14  0.0000000000e+00
 1.6066289101e+14  0.0000000000e+00
 1.4715778240e+14  0.0000000000e+00
 1.3122857027e+14  0.0000000000e+00
 1.1344714035e+14  0.0000000000e+00
 9.4440812475e+13  0.0000000000e+00
 7.4865189042e+13  0.0000000000e+00
 5.5376105163e+13  0.0000000000e+00
 3.6602093146e+13  0.0000000000e+00
 1.9118697571e+13  0.0000000000e+00
 3.4257761650e+12  0.0000000000e+00
-1.0071193262e+13  0.0000000000e+00
-2.1074947835e+13  0.0000000000e+00
-2.9404921120e+13  0.0000000000e+00
-3.5000092099e+13  0.0000000000e+00
-3.7916185996e+13  0.0000000000e+00
-3.8317585142e+13  0.0000000000e+00
-3.6464459744e+13  0.0000000000e+00
-3.2695949155e+13  0.0000000000e+00
-2.7410287519e+13  0.0000000000e+00
-2.1043035298e+13  0.0000000000e+00
-1.4044510248e+13  0.0000000000e+00
-6.8575937616e+12  0.0000000000e+00
 1.0300153517e+11  0.0000000000e+00
 6.4690228838e+12  0.0000000000e+00
 1.1933714995e+13  0.0000000000e+00
 1.6262977731e+13  0.0000000000e+00
 1.9302255396e+13  0.0000000000e+00
 2.0979006362e+13  0.0000000000e+00
 2.1300836641e+13  0.0000000000e+00
 2.0349588084e+13  0.0000000000e+00
 1.8271916912e+13  0.0000000000e+00
 1.5267020485e+13  0.0000000000e+00
 1.1572300771e+13  0.0000000000e+00
 7.4478409416e+12  0.0000000000e+00
 3.1605901265e+12  0.0000000000e+00
-1.0308836563e+12  0.0000000000e+00
-4.8902780901e+12  0.0000000000e+00
-8.2153897137e+12  0.0000000000e+00
-1.0847368296e+13  0.0000000000e+00
-1.2677017286e+13  0.0000000000e+00
-1.3647952160e+13  0.0000000000e+00
-1.3756613686e+13  0.0000000000e+00
-1.3049317024e+13  0.0000000000e+00
-1.1616642227e+13  0.0000000000e+00
-9.5856422787e+12  0.0000000000e+00
-7.1104279115e+12  0.0000000000e+00
-4.3617414820e+12  0.0000000000e+00
-1.5161693382e+12  0.0000000000e+00
 1.2543683866e+12  0.0000000000e+00
 3.7922704505e+12  0.0000000000e+00
 5.9625444830e+12  0.0000000000e+00
 7.6593292177e+12  0.0000000000e+00
 8.8103781143e+12  0.0000000000e+00
 9.3793434435e+12  0.0000000000e+00
 9.3658644881e+12  0.0000000000e+00
 8.8035633514e+12  0.0000000000e+00
 7.7561817926e+12  0.0000000000e+00
 6.3121821036e+12  0.0000000000e+00
 4.5782130084e+12  0.0000000000e+00
 2.6718801908e+12  0.0000000000e+00
 7.1427472439e+11  0.0000000000e+00
-1.1772828829e+12  0.0000000000e+00
-2.8958795366e+12  0.0000000000e+00
-4.3506697904e+12  0.0000000000e+00
-5.4712850911e+12  0.0000000000e+00
-6.2108005495e+12  0.0000000000e+00
-6.5471688960e+12  0.0000000000e+00
-6.4831162221e+12  0.0000000000e+00
-6.0445992737e+12  0.0000000000e+00
-5.2779874356e+12  0.0000000000e+00
-4.2462049185e+12  0.0000000000e+00
-3.0241289386e+12  0.0000000000e+00
-1.6935356266e+12  0.0000000000e+00
-3.3793728030e+11  0.0000000000e+00
 9.6239767454e+11  0.0000000000e+00
 2.1349481569e+12  0.0000000000e+00
 3.1187362233e+12  0.0000000000e+00
 3.8672302824e+12  0.0000000000e+00
 4.3502355334e+12  0.0000000000e+00
 4.5547214736e+12  0.0000000000e+00
 4.4845943216e+12  0.0000000000e+00
 4.1594954793e+12  0.0000000000e+00
 3.6127452113e+12  0.0000000000e+00
 2.8886074773e+12  0.0000000000e+00
 2.0390766166e+12  0.0000000000e+00
 1.1203988238e+12  0.0000000000e+00
 1.8955095089e+11  0.0000000000e+00
-6.9911457069e+11  0.0000000000e+00
-1.4968722001e+12  0.0000000000e+00
-2.1631180079e+12  0.0000000000e+00
-2.6672409018e+12  0.0000000000e+00
-2.9897986658e+12  0.0000000000e+00
-3.1229726725e+12  0.0000000000e+00
-3.0703174993e+12  0.0000000000e+00
-2.8458643480e+12  0.0000000000e+00
-2.4726721254e+12  0.0000000000e+00
-1.9809416367e+12  0.0000000000e+00
-1.4058337819e+12  0.0000000000e+00
-7.8513650611e+11  0.0000000000e+00
-1.5692573489e+11  0.0000000000e+00
 4.4264250620e+11  0.0000000000e+00
 9.8128850541e+11  0.0000000000e+00
 1.4322163605e+12  0.0000000000e+00
 1.7753018435e+12  0.0000000000e+00
 1.9978183390e+12  0.0000000000e+00
 2.0946903925e+12  0.0000000000e+00
 2.0682894058e+12  0.0000000000e+00
 1.9278161348e+12  0.0000000000e+00
 1.6883313382e+12  0.0000000000e+00
 1.3695148401e+12  0.0000000000e+00
 9.9424490959e+11  0.0000000000e+00
 5.8708839091e+11  0.0000000000e+00
 1.7279882175e+11  0.0000000000e+00
-2.2509485329e+11  0.0000000000e+00
-5.8553232661e+11  0.0000000000e+00
-8.9094019741e+11  0.0000000000e+00
-1.1279814024e+12  0.0000000000e+00
-1.2880126450e+12  0.0000000000e+00
-1.3672446488e+12  0.0000000000e+00
-1.3666170474e+12  0.0000000000e+00
-1.2914167916e+12  0.0000000000e+00
-1.1506792429e+12  0.0000000000e+00
-9.5642396458e+11  0.0000000000e+00
-7.2277829552e+11  0.0000000000e+00
-4.6504870096e+11  0.0000000000e+00
-1.9879517222e+11  0.0000000000e+00
 6.1039328355e+10  0.0000000000e+00
 3.0090006909e+11  0.0000000000e+00
 5.0925664479e+11  0.0000000000e+00
 6.7707926305e+11  0.0000000000e+00
 7.9814187475e+11  0.0000000000e+00
 8.6914812954e+11  0.0000000000e+00
 8.8968881118e+11  0.0000000000e+00
 8.6204609610e+11  0.0000000000e+00
 7.9086820973e+11  0.0000000000e+00
 6.8274338454e+11  0.0000000000e+00
 5.4570460696e+11  0.0000000000e+00
 3.8869845540e+11  0.0000000000e+00
 2.2104955390e+11  0.0000000000e+00
 5.1950329463e+10  0.0000000000e+00
-1.0999864644e+11  0.0000000000e+00
-2.5717774374e+11  0.0000000000e+00
-3.8325227692e+11  0.0000000000e+00
-4.8338277062e+11  0.0000000000e+00
-5.5433961878e+11  0.0000000000e+00
-5.9452458813e+11  0.0000000000e+00
-6.0390712241e+11  0.0000000000e+00
-5.8388736298e+11  0.0000000000e+00
-5.3710038409e+11  0.0000000000e+00
-4.6717672314e+11  0.0000000000e+00
-3.7847817282e+11  0.0000000000e+00
-2.7582286800e+11  0.0000000000e+00
-1.6421683768e+11  0.0000000000e+00
-4.8603995333e+10  0.0000000000e+00
 6.6354038200e+10  0.0000000000e+00
 1.7646052746e+11  0.0000000000e+00
 2.7812349919e+11  0.0000000000e+00
 3.6845074596e+11  0.0000000000e+00
 4.4530043361e+11  0.0000000000e+00
 5.0729001448e+11  0.0000000000e+00
 5.5376800998e+11  0.0000000000e+00
 5.8475485300e+11  0.0000000000e+00
 6.0085971348e+11  0.0000000000e+00
 6.0318024229e+11  0.0000000000e+00
 5.9319268050e+11  0.0000000000e+00
 5.7263966466e+11  0.0000000000e+00
 5.4342035931e+11  0.0000000000e+00
 5.0748924675e+11  0.0000000000e+00
 4.6676694837e+11  0.0000000000e+00
 4.2306568425e+11  0.0000000000e+00
 3.7803069729e+11  0.0000000000e+00
 3.3309896853e+11  0.0000000000e+00
 2.8947319904e+11  0.0000000000e+00
 2.4811147702e+11  0.0000000000e+00
 2.0972933978e+11  0.0000000000e+00
 1.7481289452e+11  0.0000000000e+00
 1.4363997494e+11  0.0000000000e+00
 1.1630716482e+11  0.0000000000e+00
 9.2760168090e+10  0.0000000000e+00
 7.2825465788e+10  0.0000000000e+00
 5.6241328480e+10  0.0000000000e+00
 4.2686822560e+10  0.0000000000e+00
 3.1807667863e+10  0.0000000000e+00
 2.3238284926e+10  0.0000000000e+00
 1.6619620247e+10  0.0000000000e+00
 1.1612758815e+10  0.0000000000e+00
 7.9084689250e+09  0.0000000000e+00
 5.2330986205e+09  0.0000000000e+00
 3.3512994614e+09  0.0000000000e+00
 2.0661957332e+09  0.0000000000e+00
 1.2175707381e+09  0.0000000000e+00
 6.7867004928e+08  0.0000000000e+00
 3.5212996713e+08  0.0000000000e+00
 1.6552074667e+08  0.0000000000e+00
 6.6901851304e+07  0.0000000000e+00
 2.1282395613e+07  0.0000000000e+00
-2.9980974892e+06  0.0000000000e+00
       0
