theoretical   1 seismometer  paz    seed
1.0963693471e+05 1.0000000000e+00
       2
-2.1523100000e+02  2.5163200000e+02  0.0000000000e+00  0.0000000000e+00
-2.1523100000e+02 -2.5163200000e+02  0.0000000000e+00  0.0000000000e+00
       0
theoretical   2 FIR_filter   fir    seed
5.1200000000e+03    16            31.5
      64
-1.0970905906e-03  0.0000000000e+00
-9.9334266897e-04  0.0000000000e+00
-1.3331860696e-03  0.0000000000e+00
-1.7052876149e-03  0.0000000000e+00
-2.0538696535e-03  0.0000000000e+00
-2.3506865257e-03  0.0000000000e+00
-2.5716053765e-03  0.0000000000e+00
-2.6937688276e-03  0.0000000000e+00
-2.6934133733e-03  0.0000000000e+00
-2.5471346082e-03  0.0000000000e+00
-2.2311899181e-03  0.0000000000e+00
-1.7230400304e-03  0.0000000000e+00
-9.9928595980e-04  0.0000000000e+00
-3.4656721275e-05  0.0000000000e+00
 1.2198186100e-03  0.0000000000e+00
 3.1138780905e-03  0.0000000000e+00
 6.8976564093e-03  0.0000000000e+00
 8.9672630218e-03  0.0000000000e+00
 1.2359959698e-02  0.0000000000e+00
 1.6075070292e-02  0.0000000000e+00
 1.9968550565e-02  0.0000000000e+00
 2.3963613711e-02  0.0000000000e+00
 2.7992011908e-02  0.0000000000e+00
 3.1988340380e-02  0.0000000000e+00
 3.5884709027e-02  0.0000000000e+00
 3.9614127472e-02  0.0000000000e+00
 4.3108861316e-02  0.0000000000e+00
 4.6303985699e-02  0.0000000000e+00
 4.9132214609e-02  0.0000000000e+00
 5.1519268240e-02  0.0000000000e+00
 5.3326975676e-02  0.0000000000e+00
 5.3599284037e-02  0.0000000000e+00
 5.3599284037e-02  0.0000000000e+00
 5.3326975676e-02  0.0000000000e+00
 5.1519268240e-02  0.0000000000e+00
 4.9132214609e-02  0.0000000000e+00
 4.6303985699e-02  0.0000000000e+00
 4.3108861316e-02  0.0000000000e+00
 3.9614127472e-02  0.0000000000e+00
 3.5884709027e-02  0.0000000000e+00
 3.1988340380e-02  0.0000000000e+00
 2.7992011908e-02  0.0000000000e+00
 2.3963613711e-02  0.0000000000e+00
 1.9968550565e-02  0.0000000000e+00
 1.6075070292e-02  0.0000000000e+00
 1.2359959698e-02  0.0000000000e+00
 8.9672630218e-03  0.0000000000e+00
 6.8976564093e-03  0.0000000000e+00
 3.1138780905e-03  0.0000000000e+00
 1.2198186100e-03  0.0000000000e+00
-3.4656721275e-05  0.0000000000e+00
-9.9928595980e-04  0.0000000000e+00
-1.7230400304e-03  0.0000000000e+00
-2.2311899181e-03  0.0000000000e+00
-2.5471346082e-03  0.0000000000e+00
-2.6934133733e-03  0.0000000000e+00
-2.6937688276e-03  0.0000000000e+00
-2.5716053765e-03  0.0000000000e+00
-2.3506865257e-03  0.0000000000e+00
-2.0538696535e-03  0.0000000000e+00
-1.7052876149e-03  0.0000000000e+00
-1.3331860696e-03  0.0000000000e+00
-9.9334266897e-04  0.0000000000e+00
-1.0970905906e-03  0.0000000000e+00
       0
theoretical   3 FIR_filter   fir    seed
3.2000000000e+02     4            35.5
      72
 1.5334417116e-04  0.0000000000e+00
 3.1173178257e-04  0.0000000000e+00
 4.5135756757e-04  0.0000000000e+00
 3.9446636359e-04  0.0000000000e+00
-4.8278123652e-05  0.0000000000e+00
-9.8920083014e-04  0.0000000000e+00
-2.3468940844e-03  0.0000000000e+00
-3.7767381521e-03  0.0000000000e+00
-4.7128478544e-03  0.0000000000e+00
-4.5495605814e-03  0.0000000000e+00
-2.9243254407e-03  0.0000000000e+00
 7.1416593763e-06  0.0000000000e+00
 3.4494636660e-03  0.0000000000e+00
 6.1174985651e-03  0.0000000000e+00
 6.6752980764e-03  0.0000000000e+00
 4.3408222464e-03  0.0000000000e+00
-5.8695909999e-04  0.0000000000e+00
-6.5563098021e-03  0.0000000000e+00
-1.1128704895e-02  0.0000000000e+00
-1.1857316060e-02  0.0000000000e+00
-7.4030725537e-03  0.0000000000e+00
 1.5664579096e-03  0.0000000000e+00
 1.2159641439e-02  0.0000000000e+00
 1.9988078719e-02  0.0000000000e+00
 2.0737980533e-02  0.0000000000e+00
 1.2093330045e-02  0.0000000000e+00
-4.7318454839e-03  0.0000000000e+00
-2.4570285098e-02  0.0000000000e+00
-3.9371798108e-02  0.0000000000e+00
-4.0606427489e-02  0.0000000000e+00
-2.2283541631e-02  0.0000000000e+00
 1.6468028512e-02  0.0000000000e+00
 7.0271537140e-02  0.0000000000e+00
 1.2839534986e-01  0.0000000000e+00
 1.7753689624e-01  0.0000000000e+00
 2.0566576238e-01  0.0000000000e+00
 2.0566576238e-01  0.0000000000e+00
 1.7753689624e-01  0.0000000000e+00
 1.2839534986e-01  0.0000000000e+00
 7.0271537140e-02  0.0000000000e+00
 1.6468028512e-02  0.0000000000e+00
-2.2283541631e-02  0.0000000000e+00
-4.0606427489e-02  0.0000000000e+00
-3.9371798108e-02  0.0000000000e+00
-2.4570285098e-02  0.0000000000e+00
-4.7318454839e-03  0.0000000000e+00
 1.2093330045e-02  0.0000000000e+00
 2.0737980533e-02  0.0000000000e+00
 1.9988078719e-02  0.0000000000e+00
 1.2159641439e-02  0.0000000000e+00
 1.5664579096e-03  0.0000000000e+00
-7.4030725537e-03  0.0000000000e+00
-1.1857316060e-02  0.0000000000e+00
-1.1128704895e-02  0.0000000000e+00
-6.5563098021e-03  0.0000000000e+00
-5.8695909999e-04  0.0000000000e+00
 4.3408222464e-03  0.0000000000e+00
 6.6752980764e-03  0.0000000000e+00
 6.1174985651e-03  0.0000000000e+00
 3.4494636660e-03  0.0000000000e+00
 7.1416593763e-06  0.0000000000e+00
-2.9243254407e-03  0.0000000000e+00
-4.5495605814e-03  0.0000000000e+00
-4.7128478544e-03  0.0000000000e+00
-3.7767381521e-03  0.0000000000e+00
-2.3468940844e-03  0.0000000000e+00
-9.8920083014e-04  0.0000000000e+00
-4.8278123652e-05  0.0000000000e+00
 3.9446636359e-04  0.0000000000e+00
 4.5135756757e-04  0.0000000000e+00
 3.1173178257e-04  0.0000000000e+00
 1.5334417116e-04  0.0000000000e+00
       0
theoretical   4 FIR_filter   fir    seed
8.0000000000e+01     2            31.5
      64
 2.9033289285e-04  0.0000000000e+00
 1.5654514300e-03  0.0000000000e+00
 3.0059456433e-03  0.0000000000e+00
 2.5370978999e-03  0.0000000000e+00
-5.0691349096e-04  0.0000000000e+00
-2.8343493945e-03  0.0000000000e+00
-8.1511894835e-04  0.0000000000e+00
 3.2409183378e-03  0.0000000000e+00
 2.7341630933e-03  0.0000000000e+00
-2.9386142083e-03  0.0000000000e+00
-5.1346728100e-03  0.0000000000e+00
 1.3499471156e-03  0.0000000000e+00
 7.4590057195e-03  0.0000000000e+00
 1.8424553893e-03  0.0000000000e+00
-8.8894951532e-03  0.0000000000e+00
-6.6192508956e-03  0.0000000000e+00
 8.4525616844e-03  0.0000000000e+00
 1.2525375418e-02  0.0000000000e+00
-5.1704520813e-03  0.0000000000e+00
-1.8633403132e-02  0.0000000000e+00
-1.8065756279e-03  0.0000000000e+00
 2.3545594393e-02  0.0000000000e+00
 1.3151157740e-02  0.0000000000e+00
-2.5370473491e-02  0.0000000000e+00
-2.9545842891e-02  0.0000000000e+00
 2.1435511914e-02  0.0000000000e+00
 5.2603603635e-02  0.0000000000e+00
-6.6676116109e-03  0.0000000000e+00
-8.9053895097e-02  0.0000000000e+00
-3.6896412540e-02  0.0000000000e+00
 1.8774987182e-01  0.0000000000e+00
 4.0696510470e-01  0.0000000000e+00
 4.0696510470e-01  0.0000000000e+00
 1.8774987182e-01  0.0000000000e+00
-3.6896412540e-02  0.0000000000e+00
-8.9053895097e-02  0.0000000000e+00
-6.6676116109e-03  0.0000000000e+00
 5.2603603635e-02  0.0000000000e+00
 2.1435511914e-02  0.0000000000e+00
-2.9545842891e-02  0.0000000000e+00
-2.5370473491e-02  0.0000000000e+00
 1.3151157740e-02  0.0000000000e+00
 2.3545594393e-02  0.0000000000e+00
-1.8065756279e-03  0.0000000000e+00
-1.8633403132e-02  0.0000000000e+00
-5.1704520813e-03  0.0000000000e+00
 1.2525375418e-02  0.0000000000e+00
 8.4525616844e-03  0.0000000000e+00
-6.6192508956e-03  0.0000000000e+00
-8.8894951532e-03  0.0000000000e+00
 1.8424553893e-03  0.0000000000e+00
 7.4590057195e-03  0.0000000000e+00
 1.3499471156e-03  0.0000000000e+00
-5.1346728100e-03  0.0000000000e+00
-2.9386142083e-03  0.0000000000e+00
 2.7341630933e-03  0.0000000000e+00
 3.2409183378e-03  0.0000000000e+00
-8.1511894835e-04  0.0000000000e+00
-2.8343493945e-03  0.0000000000e+00
-5.0691349096e-04  0.0000000000e+00
 2.5370978999e-03  0.0000000000e+00
 3.0059456433e-03  0.0000000000e+00
 1.5654514300e-03  0.0000000000e+00
 2.9033289285e-04  0.0000000000e+00
       0
theoretical   5 FIR_filter   fir    seed
4.0000000000e+01     2            31.5
      64
 2.8805341403e-04  0.0000000000e+00
 1.5531606649e-03  0.0000000000e+00
 2.9823451846e-03  0.0000000000e+00
 2.5171784864e-03  0.0000000000e+00
-5.0293358170e-04  0.0000000000e+00
-2.8120961825e-03  0.0000000000e+00
-8.0871923813e-04  0.0000000000e+00
 3.2154730476e-03  0.0000000000e+00
 2.7126964699e-03  0.0000000000e+00
-2.9155423862e-03  0.0000000000e+00
-5.0943591624e-03  0.0000000000e+00
 1.3393483308e-03  0.0000000000e+00
 7.4004431315e-03  0.0000000000e+00
 1.8279897943e-03  0.0000000000e+00
-8.8197014217e-03  0.0000000000e+00
-6.5672814405e-03  0.0000000000e+00
 8.3861984309e-03  0.0000000000e+00
 1.2427035448e-02  0.0000000000e+00
-5.1298575213e-03  0.0000000000e+00
-1.8487107453e-02  0.0000000000e+00
-1.7923917342e-03  0.0000000000e+00
 2.3360731826e-02  0.0000000000e+00
 1.3047904590e-02  0.0000000000e+00
-2.5171283325e-02  0.0000000000e+00
-2.9313870817e-02  0.0000000000e+00
 2.1267216152e-02  0.0000000000e+00
 5.2190599103e-02  0.0000000000e+00
-6.6152624633e-03  0.0000000000e+00
-8.8354709875e-02  0.0000000000e+00
-3.6606729238e-02  0.0000000000e+00
 1.8627579890e-01  0.0000000000e+00
 4.0376991614e-01  0.0000000000e+00
 4.0376991614e-01  0.0000000000e+00
 1.8627579890e-01  0.0000000000e+00
-3.6606729238e-02  0.0000000000e+00
-8.8354709875e-02  0.0000000000e+00
-6.6152624633e-03  0.0000000000e+00
 5.2190599103e-02  0.0000000000e+00
 2.1267216152e-02  0.0000000000e+00
-2.9313870817e-02  0.0000000000e+00
-2.5171283325e-02  0.0000000000e+00
 1.3047904590e-02  0.0000000000e+00
 2.3360731826e-02  0.0000000000e+00
-1.7923917342e-03  0.0000000000e+00
-1.8487107453e-02  0.0000000000e+00
-5.1298575213e-03  0.0000000000e+00
 1.2427035448e-02  0.0000000000e+00
 8.3861984309e-03  0.0000000000e+00
-6.5672814405e-03  0.0000000000e+00
-8.8197014217e-03  0.0000000000e+00
 1.8279897943e-03  0.0000000000e+00
 7.4004431315e-03  0.0000000000e+00
 1.3393483308e-03  0.0000000000e+00
-5.0943591624e-03  0.0000000000e+00
-2.9155423862e-03  0.0000000000e+00
 2.7126964699e-03  0.0000000000e+00
 3.2154730476e-03  0.0000000000e+00
-8.0871923813e-04  0.0000000000e+00
-2.8120961825e-03  0.0000000000e+00
-5.0293358170e-04  0.0000000000e+00
 2.5171784864e-03  0.0000000000e+00
 2.9823451846e-03  0.0000000000e+00
 1.5531606649e-03  0.0000000000e+00
 2.8805341403e-04  0.0000000000e+00
       0
