theoretical   1 seismometer  paz    seed
1.0756520988e+05 1.0000000000e+00
       2
-2.0990900000e+02  2.5201300000e+02  0.0000000000e+00  0.0000000000e+00
-2.0990900000e+02 -2.5201300000e+02  0.0000000000e+00  0.0000000000e+00
       0
theoretical   2 FIR_filter   fir    seed
5.1200000000e+03    16            31.5
      64
-1.0970905906e-03  0.0000000000e+00
-9.9334266897e-04  0.0000000000e+00
-1.3331860696e-03  0.0000000000e+00
-1.7052876149e-03  0.0000000000e+00
-2.0538696535e-03  0.0000000000e+00
-2.3506865257e-03  0.0000000000e+00
-2.5716053765e-03  0.0000000000e+00
-2.6937688276e-03  0.0000000000e+00
-2.6934133733e-03  0.0000000000e+00
-2.5471346082e-03  0.0000000000e+00
-2.2311899181e-03  0.0000000000e+00
-1.7230400304e-03  0.0000000000e+00
-9.9928595980e-04  0.0000000000e+00
-3.4656721275e-05  0.0000000000e+00
 1.2198186100e-03  0.0000000000e+00
 3.1138780905e-03  0.0000000000e+00
 6.8976564093e-03  0.0000000000e+00
 8.9672630218e-03  0.0000000000e+00
 1.2359959698e-02  0.0000000000e+00
 1.6075070292e-02  0.0000000000e+00
 1.9968550565e-02  0.0000000000e+00
 2.3963613711e-02  0.0000000000e+00
 2.7992011908e-02  0.0000000000e+00
 3.1988340380e-02  0.0000000000e+00
 3.5884709027e-02  0.0000000000e+00
 3.9614127472e-02  0.0000000000e+00
 4.3108861316e-02  0.0000000000e+00
 4.6303985699e-02  0.0000000000e+00
 4.9132214609e-02  0.0000000000e+00
 5.1519268240e-02  0.0000000000e+00
 5.3326975676e-02  0.0000000000e+00
 5.3599284037e-02  0.0000000000e+00
 5.3599284037e-02  0.0000000000e+00
 5.3326975676e-02  0.0000000000e+00
 5.1519268240e-02  0.0000000000e+00
 4.9132214609e-02  0.0000000000e+00
 4.6303985699e-02  0.0000000000e+00
 4.3108861316e-02  0.0000000000e+00
 3.9614127472e-02  0.0000000000e+00
 3.5884709027e-02  0.0000000000e+00
 3.1988340380e-02  0.0000000000e+00
 2.7992011908e-02  0.0000000000e+00
 2.3963613711e-02  0.0000000000e+00
 1.9968550565e-02  0.0000000000e+00
 1.6075070292e-02  0.0000000000e+00
 1.2359959698e-02  0.0000000000e+00
 8.9672630218e-03  0.0000000000e+00
 6.8976564093e-03  0.0000000000e+00
 3.1138780905e-03  0.0000000000e+00
 1.2198186100e-03  0.0000000000e+00
-3.4656721275e-05  0.0000000000e+00
-9.9928595980e-04  0.0000000000e+00
-1.7230400304e-03  0.0000000000e+00
-2.2311899181e-03  0.0000000000e+00
-2.5471346082e-03  0.0000000000e+00
-2.6934133733e-03  0.0000000000e+00
-2.6937688276e-03  0.0000000000e+00
-2.5716053765e-03  0.0000000000e+00
-2.3506865257e-03  0.0000000000e+00
-2.0538696535e-03  0.0000000000e+00
-1.7052876149e-03  0.0000000000e+00
-1.3331860696e-03  0.0000000000e+00
-9.9334266897e-04  0.0000000000e+00
-1.0970905906e-03  0.0000000000e+00
       0
theoretical   3 FIR_filter   fir    seed
3.2000000000e+02     4            35.5
      72
 1.5334417116e-04  0.0000000000e+00
 3.1173178257e-04  0.0000000000e+00
 4.5135756757e-04  0.0000000000e+00
 3.9446636359e-04  0.0000000000e+00
-4.8278123652e-05  0.0000000000e+00
-9.8920083014e-04  0.0000000000e+00
-2.3468940844e-03  0.0000000000e+00
-3.7767381521e-03  0.0000000000e+00
-4.7128478544e-03  0.0000000000e+00
-4.5495605814e-03  0.0000000000e+00
-2.9243254407e-03  0.0000000000e+00
 7.1416593763e-06  0.0000000000e+00
 3.4494636660e-03  0.0000000000e+00
 6.1174985651e-03  0.0000000000e+00
 6.6752980764e-03  0.0000000000e+00
 4.3408222464e-03  0.0000000000e+00
-5.8695909999e-04  0.0000000000e+00
-6.5563098021e-03  0.0000000000e+00
-1.1128704895e-02  0.0000000000e+00
-1.1857316060e-02  0.0000000000e+00
-7.4030725537e-03  0.0000000000e+00
 1.5664579096e-03  0.0000000000e+00
 1.2159641439e-02  0.0000000000e+00
 1.9988078719e-02  0.0000000000e+00
 2.0737980533e-02  0.0000000000e+00
 1.2093330045e-02  0.0000000000e+00
-4.7318454839e-03  0.0000000000e+00
-2.4570285098e-02  0.0000000000e+00
-3.9371798108e-02  0.0000000000e+00
-4.0606427489e-02  0.0000000000e+00
-2.2283541631e-02  0.0000000000e+00
 1.6468028512e-02  0.0000000000e+00
 7.0271537140e-02  0.0000000000e+00
 1.2839534986e-01  0.0000000000e+00
 1.7753689624e-01  0.0000000000e+00
 2.0566576238e-01  0.0000000000e+00
 2.0566576238e-01  0.0000000000e+00
 1.7753689624e-01  0.0000000000e+00
 1.2839534986e-01  0.0000000000e+00
 7.0271537140e-02  0.0000000000e+00
 1.6468028512e-02  0.0000000000e+00
-2.2283541631e-02  0.0000000000e+00
-4.0606427489e-02  0.0000000000e+00
-3.9371798108e-02  0.0000000000e+00
-2.4570285098e-02  0.0000000000e+00
-4.7318454839e-03  0.0000000000e+00
 1.2093330045e-02  0.0000000000e+00
 2.0737980533e-02  0.0000000000e+00
 1.9988078719e-02  0.0000000000e+00
 1.2159641439e-02  0.0000000000e+00
 1.5664579096e-03  0.0000000000e+00
-7.4030725537e-03  0.0000000000e+00
-1.1857316060e-02  0.0000000000e+00
-1.1128704895e-02  0.0000000000e+00
-6.5563098021e-03  0.0000000000e+00
-5.8695909999e-04  0.0000000000e+00
 4.3408222464e-03  0.0000000000e+00
 6.6752980764e-03  0.0000000000e+00
 6.1174985651e-03  0.0000000000e+00
 3.4494636660e-03  0.0000000000e+00
 7.1416593763e-06  0.0000000000e+00
-2.9243254407e-03  0.0000000000e+00
-4.5495605814e-03  0.0000000000e+00
-4.7128478544e-03  0.0000000000e+00
-3.7767381521e-03  0.0000000000e+00
-2.3468940844e-03  0.0000000000e+00
-9.8920083014e-04  0.0000000000e+00
-4.8278123652e-05  0.0000000000e+00
 3.9446636359e-04  0.0000000000e+00
 4.5135756757e-04  0.0000000000e+00
 3.1173178257e-04  0.0000000000e+00
 1.5334417116e-04  0.0000000000e+00
       0
theoretical   4 FIR_filter   fir    seed
8.0000000000e+01     2            31.5
      64
 2.9033290252e-04  0.0000000000e+00
 1.5654514515e-03  0.0000000000e+00
 3.0059456641e-03  0.0000000000e+00
 2.5370979639e-03  0.0000000000e+00
-5.0691349250e-04  0.0000000000e+00
-2.8343494282e-03  0.0000000000e+00
-8.1511895559e-04  0.0000000000e+00
 3.2409183305e-03  0.0000000000e+00
 2.7341631026e-03  0.0000000000e+00
-2.9386142292e-03  0.0000000000e+00
-5.1346728547e-03  0.0000000000e+00
 1.3499470957e-03  0.0000000000e+00
 7.4590058067e-03  0.0000000000e+00
 1.8424554777e-03  0.0000000000e+00
-8.8894952357e-03  0.0000000000e+00
-6.6192509697e-03  0.0000000000e+00
 8.4525617278e-03  0.0000000000e+00
 1.2525375081e-02  0.0000000000e+00
-5.1704520438e-03  0.0000000000e+00
-1.8633403287e-02  0.0000000000e+00
-1.8065756976e-03  0.0000000000e+00
 2.3545594714e-02  0.0000000000e+00
 1.3151158619e-02  0.0000000000e+00
-2.5370473660e-02  0.0000000000e+00
-2.9545843277e-02  0.0000000000e+00
 2.1435511753e-02  0.0000000000e+00
 5.2603604375e-02  0.0000000000e+00
-6.6676116068e-03  0.0000000000e+00
-8.9053895380e-02  0.0000000000e+00
-3.6896412574e-02  0.0000000000e+00
 1.8774986785e-01  0.0000000000e+00
 4.0696510831e-01  0.0000000000e+00
 4.0696510831e-01  0.0000000000e+00
 1.8774986785e-01  0.0000000000e+00
-3.6896412574e-02  0.0000000000e+00
-8.9053895380e-02  0.0000000000e+00
-6.6676116068e-03  0.0000000000e+00
 5.2603604375e-02  0.0000000000e+00
 2.1435511753e-02  0.0000000000e+00
-2.9545843277e-02  0.0000000000e+00
-2.5370473660e-02  0.0000000000e+00
 1.3151158619e-02  0.0000000000e+00
 2.3545594714e-02  0.0000000000e+00
-1.8065756976e-03  0.0000000000e+00
-1.8633403287e-02  0.0000000000e+00
-5.1704520438e-03  0.0000000000e+00
 1.2525375081e-02  0.0000000000e+00
 8.4525617278e-03  0.0000000000e+00
-6.6192509697e-03  0.0000000000e+00
-8.8894952357e-03  0.0000000000e+00
 1.8424554777e-03  0.0000000000e+00
 7.4590058067e-03  0.0000000000e+00
 1.3499470957e-03  0.0000000000e+00
-5.1346728547e-03  0.0000000000e+00
-2.9386142292e-03  0.0000000000e+00
 2.7341631026e-03  0.0000000000e+00
 3.2409183305e-03  0.0000000000e+00
-8.1511895559e-04  0.0000000000e+00
-2.8343494282e-03  0.0000000000e+00
-5.0691349250e-04  0.0000000000e+00
 2.5370979639e-03  0.0000000000e+00
 3.0059456641e-03  0.0000000000e+00
 1.5654514515e-03  0.0000000000e+00
 2.9033290252e-04  0.0000000000e+00
       0
theoretical   5 FIR_filter   fir    seed
4.0000000000e+01     2            31.5
      64
 2.8805342360e-04  0.0000000000e+00
 1.5531606862e-03  0.0000000000e+00
 2.9823452052e-03  0.0000000000e+00
 2.5171785498e-03  0.0000000000e+00
-5.0293358321e-04  0.0000000000e+00
-2.8120962157e-03  0.0000000000e+00
-8.0871924527e-04  0.0000000000e+00
 3.2154730401e-03  0.0000000000e+00
 2.7126964790e-03  0.0000000000e+00
-2.9155424068e-03  0.0000000000e+00
-5.0943592065e-03  0.0000000000e+00
 1.3393483109e-03  0.0000000000e+00
 7.4004432176e-03  0.0000000000e+00
 1.8279898819e-03  0.0000000000e+00
-8.8197015031e-03  0.0000000000e+00
-6.5672815137e-03  0.0000000000e+00
 8.3861984736e-03  0.0000000000e+00
 1.2427035113e-02  0.0000000000e+00
-5.1298574839e-03  0.0000000000e+00
-1.8487107606e-02  0.0000000000e+00
-1.7923918032e-03  0.0000000000e+00
 2.3360732144e-02  0.0000000000e+00
 1.3047905462e-02  0.0000000000e+00
-2.5171283491e-02  0.0000000000e+00
-2.9313871199e-02  0.0000000000e+00
 2.1267215991e-02  0.0000000000e+00
 5.2190599834e-02  0.0000000000e+00
-6.6152624589e-03  0.0000000000e+00
-8.8354710152e-02  0.0000000000e+00
-3.6606729270e-02  0.0000000000e+00
 1.8627579495e-01  0.0000000000e+00
 4.0376991970e-01  0.0000000000e+00
 4.0376991970e-01  0.0000000000e+00
 1.8627579495e-01  0.0000000000e+00
-3.6606729270e-02  0.0000000000e+00
-8.8354710152e-02  0.0000000000e+00
-6.6152624589e-03  0.0000000000e+00
 5.2190599834e-02  0.0000000000e+00
 2.1267215991e-02  0.0000000000e+00
-2.9313871199e-02  0.0000000000e+00
-2.5171283491e-02  0.0000000000e+00
 1.3047905462e-02  0.0000000000e+00
 2.3360732144e-02  0.0000000000e+00
-1.7923918032e-03  0.0000000000e+00
-1.8487107606e-02  0.0000000000e+00
-5.1298574839e-03  0.0000000000e+00
 1.2427035113e-02  0.0000000000e+00
 8.3861984736e-03  0.0000000000e+00
-6.5672815137e-03  0.0000000000e+00
-8.8197015031e-03  0.0000000000e+00
 1.8279898819e-03  0.0000000000e+00
 7.4004432176e-03  0.0000000000e+00
 1.3393483109e-03  0.0000000000e+00
-5.0943592065e-03  0.0000000000e+00
-2.9155424068e-03  0.0000000000e+00
 2.7126964790e-03  0.0000000000e+00
 3.2154730401e-03  0.0000000000e+00
-8.0871924527e-04  0.0000000000e+00
-2.8120962157e-03  0.0000000000e+00
-5.0293358321e-04  0.0000000000e+00
 2.5171785498e-03  0.0000000000e+00
 2.9823452052e-03  0.0000000000e+00
 1.5531606862e-03  0.0000000000e+00
 2.8805342360e-04  0.0000000000e+00
       0
theoretical   6 FIR_filter   fir    seed
2.0000000000e+01     2            31.5
      64
 2.9129351931e-04  0.0000000000e+00
 1.5706310193e-03  0.0000000000e+00
 3.0158913570e-03  0.0000000000e+00
 2.5454923928e-03  0.0000000000e+00
-5.0859070377e-04  0.0000000000e+00
-2.8437273651e-03  0.0000000000e+00
-8.1781591811e-04  0.0000000000e+00
 3.2516414712e-03  0.0000000000e+00
 2.7432095558e-03  0.0000000000e+00
-2.9483371444e-03  0.0000000000e+00
-5.1516618110e-03  0.0000000000e+00
 1.3544136299e-03  0.0000000000e+00
 7.4836852218e-03  0.0000000000e+00
 1.8485515614e-03  0.0000000000e+00
-8.9189076734e-03  0.0000000000e+00
-6.6411519103e-03  0.0000000000e+00
 8.4805284952e-03  0.0000000000e+00
 1.2566817458e-02  0.0000000000e+00
-5.1875593817e-03  0.0000000000e+00
-1.8695055136e-02  0.0000000000e+00
-1.8125530668e-03  0.0000000000e+00
 2.3623499401e-02  0.0000000000e+00
 1.3194671510e-02  0.0000000000e+00
-2.5454416275e-02  0.0000000000e+00
-2.9643600827e-02  0.0000000000e+00
 2.1506434864e-02  0.0000000000e+00
 5.2777652529e-02  0.0000000000e+00
-6.6896725570e-03  0.0000000000e+00
-8.9348545648e-02  0.0000000000e+00
-3.7018490758e-02  0.0000000000e+00
 1.8837107087e-01  0.0000000000e+00
 4.0831162300e-01  0.0000000000e+00
 4.0831162300e-01  0.0000000000e+00
 1.8837107087e-01  0.0000000000e+00
-3.7018490758e-02  0.0000000000e+00
-8.9348545648e-02  0.0000000000e+00
-6.6896725570e-03  0.0000000000e+00
 5.2777652529e-02  0.0000000000e+00
 2.1506434864e-02  0.0000000000e+00
-2.9643600827e-02  0.0000000000e+00
-2.5454416275e-02  0.0000000000e+00
 1.3194671510e-02  0.0000000000e+00
 2.3623499401e-02  0.0000000000e+00
-1.8125530668e-03  0.0000000000e+00
-1.8695055136e-02  0.0000000000e+00
-5.1875593817e-03  0.0000000000e+00
 1.2566817458e-02  0.0000000000e+00
 8.4805284952e-03  0.0000000000e+00
-6.6411519103e-03  0.0000000000e+00
-8.9189076734e-03  0.0000000000e+00
 1.8485515614e-03  0.0000000000e+00
 7.4836852218e-03  0.0000000000e+00
 1.3544136299e-03  0.0000000000e+00
-5.1516618110e-03  0.0000000000e+00
-2.9483371444e-03  0.0000000000e+00
 2.7432095558e-03  0.0000000000e+00
 3.2516414712e-03  0.0000000000e+00
-8.1781591811e-04  0.0000000000e+00
-2.8437273651e-03  0.0000000000e+00
-5.0859070377e-04  0.0000000000e+00
 2.5454923928e-03  0.0000000000e+00
 3.0158913570e-03  0.0000000000e+00
 1.5706310193e-03  0.0000000000e+00
 2.9129351931e-04  0.0000000000e+00
       0
theoretical   7 FIR_filter   fir    seed
1.0000000000e+01    10           129.5
     260
-8.8227241780e-01  0.0000000000e+00
-1.5324019769e+00  0.0000000000e+00
-1.7448763252e+00  0.0000000000e+00
-2.9239372020e+00  0.0000000000e+00
-3.6440364143e+00  0.0000000000e+00
-4.9390171881e+00  0.0000000000e+00
-5.9748726750e+00  0.0000000000e+00
-7.2881882362e+00  0.0000000000e+00
-8.3628228341e+00  0.0000000000e+00
-9.4480724620e+00  0.0000000000e+00
-1.0203791502e+01  0.0000000000e+00
-1.0723262464e+01  0.0000000000e+00
-1.0778272365e+01  0.0000000000e+00
-1.0397116395e+01  0.0000000000e+00
-9.4454303608e+00  0.0000000000e+00
-7.9532413629e+00  0.0000000000e+00
-5.8824170671e+00  0.0000000000e+00
-3.3107522892e+00  0.0000000000e+00
-3.0070140282e-01  0.0000000000e+00
 3.0007098074e+00  0.0000000000e+00
 6.4397230769e+00  0.0000000000e+00
 9.8064206825e+00  0.0000000000e+00
 1.2886915768e+01  0.0000000000e+00
 1.5444751438e+01  0.0000000000e+00
 1.7259619892e+01  0.0000000000e+00
 1.8126468576e+01  0.0000000000e+00
 1.7886414757e+01  0.0000000000e+00
 1.6433007261e+01  0.0000000000e+00
 1.3733742267e+01  0.0000000000e+00
 9.8358448426e+00  0.0000000000e+00
 4.8761531133e+00  0.0000000000e+00
-9.2166829807e-01  0.0000000000e+00
-7.2508796158e+00  0.0000000000e+00
-1.3735522796e+01  0.0000000000e+00
-1.9948951303e+01  0.0000000000e+00
-2.5439314829e+01  0.0000000000e+00
-2.9758089006e+01  0.0000000000e+00
-3.2492911581e+01  0.0000000000e+00
-3.3300311793e+01  0.0000000000e+00
-3.1936734940e+01  0.0000000000e+00
-2.8285873177e+01  0.0000000000e+00
-2.2379766864e+01  0.0000000000e+00
-1.4410382382e+01  0.0000000000e+00
-4.7319147137e+00  0.0000000000e+00
 6.1489564566e+00  0.0000000000e+00
 1.7594755481e+01  0.0000000000e+00
 2.8869889515e+01  0.0000000000e+00
 3.9183381615e+01  0.0000000000e+00
 4.7740034250e+01  0.0000000000e+00
 5.3795825757e+01  0.0000000000e+00
 5.6714610303e+01  0.0000000000e+00
 5.6023411932e+01  0.0000000000e+00
 5.1458877316e+01  0.0000000000e+00
 4.3004727445e+01  0.0000000000e+00
 3.0913789086e+01  0.0000000000e+00
 1.5713344334e+01  0.0000000000e+00
-1.8091153288e+00  0.0000000000e+00
-2.0638670417e+01  0.0000000000e+00
-3.9585950957e+01  0.0000000000e+00
-5.7355596798e+01  0.0000000000e+00
-7.2628419978e+01  0.0000000000e+00
-8.4152005967e+01  0.0000000000e+00
-9.0833138585e+01  0.0000000000e+00
-9.1827393531e+01  0.0000000000e+00
-8.6617552605e+01  0.0000000000e+00
-7.5075424087e+01  0.0000000000e+00
-5.7501494182e+01  0.0000000000e+00
-3.4637366414e+01  0.0000000000e+00
-7.6481069726e+00  0.0000000000e+00
 2.1925667383e+01  0.0000000000e+00
 5.2246279253e+01  0.0000000000e+00
 8.1283931432e+01  0.0000000000e+00
 1.0694217682e+02  0.0000000000e+00
 1.2719912260e+02  0.0000000000e+00
 1.4025170010e+02  0.0000000000e+00
 1.4465772857e+02  0.0000000000e+00
 1.3946185532e+02  0.0000000000e+00
 1.2429798793e+02  0.0000000000e+00
 9.9458546822e+01  0.0000000000e+00
 6.5923046182e+01  0.0000000000e+00
 2.5342071957e+01  0.0000000000e+00
-2.0026219811e+01  0.0000000000e+00
-6.7426047073e+01  0.0000000000e+00
-1.1375511163e+02  0.0000000000e+00
-1.5575117810e+02  0.0000000000e+00
-1.9020244774e+02  0.0000000000e+00
-2.1416966470e+02  0.0000000000e+00
-2.2520630308e+02  0.0000000000e+00
-2.2156088891e+02  0.0000000000e+00
-2.0234736188e+02  0.0000000000e+00
-1.6767003518e+02  0.0000000000e+00
-1.1869067615e+02  0.0000000000e+00
-5.7630877437e+01  0.0000000000e+00
 1.2296285809e+01  0.0000000000e+00
 8.7024850632e+01  0.0000000000e+00
 1.6184009749e+02  0.0000000000e+00
 2.3164152900e+02  0.0000000000e+00
 2.9124760222e+02  0.0000000000e+00
 3.3573106148e+02  0.0000000000e+00
 3.6075938293e+02  0.0000000000e+00
 3.6292479006e+02  0.0000000000e+00
 3.4003849534e+02  0.0000000000e+00
 2.9137054161e+02  0.0000000000e+00
 2.1781699171e+02  0.0000000000e+00
 1.2197913967e+02  0.0000000000e+00
 8.1453826905e+00  0.0000000000e+00
-1.1782880124e+02  0.0000000000e+00
-2.4874188519e+02  0.0000000000e+00
-3.7635967123e+02  0.0000000000e+00
-4.9180844144e+02  0.0000000000e+00
-5.8602815994e+02  0.0000000000e+00
-6.5026297920e+02  0.0000000000e+00
-6.7656216724e+02  0.0000000000e+00
-6.5826288692e+02  0.0000000000e+00
-5.9042775651e+02  0.0000000000e+00
-4.7020908511e+02  0.0000000000e+00
-2.9711743842e+02  0.0000000000e+00
-7.3175721471e+01  0.0000000000e+00
 1.9705410946e+02  0.0000000000e+00
 5.0657726888e+02  0.0000000000e+00
 8.4620311425e+02  0.0000000000e+00
 1.2049050894e+03  0.0000000000e+00
 1.5702853240e+03  0.0000000000e+00
 1.9291240269e+03  0.0000000000e+00
 2.2679825869e+03  0.0000000000e+00
 2.5738335326e+03  0.0000000000e+00
 2.8346797719e+03  0.0000000000e+00
 3.0401331847e+03  0.0000000000e+00
 3.1819205672e+03  0.0000000000e+00
 3.2542889933e+03  0.0000000000e+00
 3.2542889933e+03  0.0000000000e+00
 3.1819205672e+03  0.0000000000e+00
 3.0401331847e+03  0.0000000000e+00
 2.8346797719e+03  0.0000000000e+00
 2.5738335326e+03  0.0000000000e+00
 2.2679825869e+03  0.0000000000e+00
 1.9291240269e+03  0.0000000000e+00
 1.5702853240e+03  0.0000000000e+00
 1.2049050894e+03  0.0000000000e+00
 8.4620311425e+02  0.0000000000e+00
 5.0657726888e+02  0.0000000000e+00
 1.9705410946e+02  0.0000000000e+00
-7.3175721471e+01  0.0000000000e+00
-2.9711743842e+02  0.0000000000e+00
-4.7020908511e+02  0.0000000000e+00
-5.9042775651e+02  0.0000000000e+00
-6.5826288692e+02  0.0000000000e+00
-6.7656216724e+02  0.0000000000e+00
-6.5026297920e+02  0.0000000000e+00
-5.8602815994e+02  0.0000000000e+00
-4.9180844144e+02  0.0000000000e+00
-3.7635967123e+02  0.0000000000e+00
-2.4874188519e+02  0.0000000000e+00
-1.1782880124e+02  0.0000000000e+00
 8.1453826905e+00  0.0000000000e+00
 1.2197913967e+02  0.0000000000e+00
 2.1781699171e+02  0.0000000000e+00
 2.9137054161e+02  0.0000000000e+00
 3.4003849534e+02  0.0000000000e+00
 3.6292479006e+02  0.0000000000e+00
 3.6075938293e+02  0.0000000000e+00
 3.3573106148e+02  0.0000000000e+00
 2.9124760222e+02  0.0000000000e+00
 2.3164152900e+02  0.0000000000e+00
 1.6184009749e+02  0.0000000000e+00
 8.7024850632e+01  0.0000000000e+00
 1.2296285809e+01  0.0000000000e+00
-5.7630877437e+01  0.0000000000e+00
-1.1869067615e+02  0.0000000000e+00
-1.6767003518e+02  0.0000000000e+00
-2.0234736188e+02  0.0000000000e+00
-2.2156088891e+02  0.0000000000e+00
-2.2520630308e+02  0.0000000000e+00
-2.1416966470e+02  0.0000000000e+00
-1.9020244774e+02  0.0000000000e+00
-1.5575117810e+02  0.0000000000e+00
-1.1375511163e+02  0.0000000000e+00
-6.7426047073e+01  0.0000000000e+00
-2.0026219811e+01  0.0000000000e+00
 2.5342071957e+01  0.0000000000e+00
 6.5923046182e+01  0.0000000000e+00
 9.9458546822e+01  0.0000000000e+00
 1.2429798793e+02  0.0000000000e+00
 1.3946185532e+02  0.0000000000e+00
 1.4465772857e+02  0.0000000000e+00
 1.4025170010e+02  0.0000000000e+00
 1.2719912260e+02  0.0000000000e+00
 1.0694217682e+02  0.0000000000e+00
 8.1283931432e+01  0.0000000000e+00
 5.2246279253e+01  0.0000000000e+00
 2.1925667383e+01  0.0000000000e+00
-7.6481069726e+00  0.0000000000e+00
-3.4637366414e+01  0.0000000000e+00
-5.7501494182e+01  0.0000000000e+00
-7.5075424087e+01  0.0000000000e+00
-8.6617552605e+01  0.0000000000e+00
-9.1827393531e+01  0.0000000000e+00
-9.0833138585e+01  0.0000000000e+00
-8.4152005967e+01  0.0000000000e+00
-7.2628419978e+01  0.0000000000e+00
-5.7355596798e+01  0.0000000000e+00
-3.9585950957e+01  0.0000000000e+00
-2.0638670417e+01  0.0000000000e+00
-1.8091153288e+00  0.0000000000e+00
 1.5713344334e+01  0.0000000000e+00
 3.0913789086e+01  0.0000000000e+00
 4.3004727445e+01  0.0000000000e+00
 5.1458877316e+01  0.0000000000e+00
 5.6023411932e+01  0.0000000000e+00
 5.6714610303e+01  0.0000000000e+00
 5.3795825757e+01  0.0000000000e+00
 4.7740034250e+01  0.0000000000e+00
 3.9183381615e+01  0.0000000000e+00
 2.8869889515e+01  0.0000000000e+00
 1.7594755481e+01  0.0000000000e+00
 6.1489564566e+00  0.0000000000e+00
-4.7319147137e+00  0.0000000000e+00
-1.4410382382e+01  0.0000000000e+00
-2.2379766864e+01  0.0000000000e+00
-2.8285873177e+01  0.0000000000e+00
-3.1936734940e+01  0.0000000000e+00
-3.3300311793e+01  0.0000000000e+00
-3.2492911581e+01  0.0000000000e+00
-2.9758089006e+01  0.0000000000e+00
-2.5439314829e+01  0.0000000000e+00
-1.9948951303e+01  0.0000000000e+00
-1.3735522796e+01  0.0000000000e+00
-7.2508796158e+00  0.0000000000e+00
-9.2166829807e-01  0.0000000000e+00
 4.8761531133e+00  0.0000000000e+00
 9.8358448426e+00  0.0000000000e+00
 1.3733742267e+01  0.0000000000e+00
 1.6433007261e+01  0.0000000000e+00
 1.7886414757e+01  0.0000000000e+00
 1.8126468576e+01  0.0000000000e+00
 1.7259619892e+01  0.0000000000e+00
 1.5444751438e+01  0.0000000000e+00
 1.2886915768e+01  0.0000000000e+00
 9.8064206825e+00  0.0000000000e+00
 6.4397230769e+00  0.0000000000e+00
 3.0007098074e+00  0.0000000000e+00
-3.0070140282e-01  0.0000000000e+00
-3.3107522892e+00  0.0000000000e+00
-5.8824170671e+00  0.0000000000e+00
-7.9532413629e+00  0.0000000000e+00
-9.4454303608e+00  0.0000000000e+00
-1.0397116395e+01  0.0000000000e+00
-1.0778272365e+01  0.0000000000e+00
-1.0723262464e+01  0.0000000000e+00
-1.0203791502e+01  0.0000000000e+00
-9.4480724620e+00  0.0000000000e+00
-8.3628228341e+00  0.0000000000e+00
-7.2881882362e+00  0.0000000000e+00
-5.9748726750e+00  0.0000000000e+00
-4.9390171881e+00  0.0000000000e+00
-3.6440364143e+00  0.0000000000e+00
-2.9239372020e+00  0.0000000000e+00
-1.7448763252e+00  0.0000000000e+00
-1.5324019769e+00  0.0000000000e+00
-8.8227241780e-01  0.0000000000e+00
       0
