theoretical   1 seismometer  paz    seed
1.0963693471e+05 1.0000000000e+00
       2
-2.1523100000e+02  2.5163200000e+02  0.0000000000e+00  0.0000000000e+00
-2.1523100000e+02 -2.5163200000e+02  0.0000000000e+00  0.0000000000e+00
       0
theoretical   2 FIR_filter   fir    seed
5.1200000000e+03    16            31.5
      64
-1.0970905906e-03  0.0000000000e+00
-9.9334266897e-04  0.0000000000e+00
-1.3331860696e-03  0.0000000000e+00
-1.7052876149e-03  0.0000000000e+00
-2.0538696535e-03  0.0000000000e+00
-2.3506865257e-03  0.0000000000e+00
-2.5716053765e-03  0.0000000000e+00
-2.6937688276e-03  0.0000000000e+00
-2.6934133733e-03  0.0000000000e+00
-2.5471346082e-03  0.0000000000e+00
-2.2311899181e-03  0.0000000000e+00
-1.7230400304e-03  0.0000000000e+00
-9.9928595980e-04  0.0000000000e+00
-3.4656721275e-05  0.0000000000e+00
 1.2198186100e-03  0.0000000000e+00
 3.1138780905e-03  0.0000000000e+00
 6.8976564093e-03  0.0000000000e+00
 8.9672630218e-03  0.0000000000e+00
 1.2359959698e-02  0.0000000000e+00
 1.6075070292e-02  0.0000000000e+00
 1.9968550565e-02  0.0000000000e+00
 2.3963613711e-02  0.0000000000e+00
 2.7992011908e-02  0.0000000000e+00
 3.1988340380e-02  0.0000000000e+00
 3.5884709027e-02  0.0000000000e+00
 3.9614127472e-02  0.0000000000e+00
 4.3108861316e-02  0.0000000000e+00
 4.6303985699e-02  0.0000000000e+00
 4.9132214609e-02  0.0000000000e+00
 5.1519268240e-02  0.0000000000e+00
 5.3326975676e-02  0.0000000000e+00
 5.3599284037e-02  0.0000000000e+00
 5.3599284037e-02  0.0000000000e+00
 5.3326975676e-02  0.0000000000e+00
 5.1519268240e-02  0.0000000000e+00
 4.9132214609e-02  0.0000000000e+00
 4.6303985699e-02  0.0000000000e+00
 4.3108861316e-02  0.0000000000e+00
 3.9614127472e-02  0.0000000000e+00
 3.5884709027e-02  0.0000000000e+00
 3.1988340380e-02  0.0000000000e+00
 2.7992011908e-02  0.0000000000e+00
 2.3963613711e-02  0.0000000000e+00
 1.9968550565e-02  0.0000000000e+00
 1.6075070292e-02  0.0000000000e+00
 1.2359959698e-02  0.0000000000e+00
 8.9672630218e-03  0.0000000000e+00
 6.8976564093e-03  0.0000000000e+00
 3.1138780905e-03  0.0000000000e+00
 1.2198186100e-03  0.0000000000e+00
-3.4656721275e-05  0.0000000000e+00
-9.9928595980e-04  0.0000000000e+00
-1.7230400304e-03  0.0000000000e+00
-2.2311899181e-03  0.0000000000e+00
-2.5471346082e-03  0.0000000000e+00
-2.6934133733e-03  0.0000000000e+00
-2.6937688276e-03  0.0000000000e+00
-2.5716053765e-03  0.0000000000e+00
-2.3506865257e-03  0.0000000000e+00
-2.0538696535e-03  0.0000000000e+00
-1.7052876149e-03  0.0000000000e+00
-1.3331860696e-03  0.0000000000e+00
-9.9334266897e-04  0.0000000000e+00
-1.0970905906e-03  0.0000000000e+00
       0
theoretical   3 FIR_filter   fir    seed
3.2000000000e+02     4            35.5
      72
 1.5334417116e-04  0.0000000000e+00
 3.1173178257e-04  0.0000000000e+00
 4.5135756757e-04  0.0000000000e+00
 3.9446636359e-04  0.0000000000e+00
-4.8278123652e-05  0.0000000000e+00
-9.8920083014e-04  0.0000000000e+00
-2.3468940844e-03  0.0000000000e+00
-3.7767381521e-03  0.0000000000e+00
-4.7128478544e-03  0.0000000000e+00
-4.5495605814e-03  0.0000000000e+00
-2.9243254407e-03  0.0000000000e+00
 7.1416593763e-06  0.0000000000e+00
 3.4494636660e-03  0.0000000000e+00
 6.1174985651e-03  0.0000000000e+00
 6.6752980764e-03  0.0000000000e+00
 4.3408222464e-03  0.0000000000e+00
-5.8695909999e-04  0.0000000000e+00
-6.5563098021e-03  0.0000000000e+00
-1.1128704895e-02  0.0000000000e+00
-1.1857316060e-02  0.0000000000e+00
-7.4030725537e-03  0.0000000000e+00
 1.5664579096e-03  0.0000000000e+00
 1.2159641439e-02  0.0000000000e+00
 1.9988078719e-02  0.0000000000e+00
 2.0737980533e-02  0.0000000000e+00
 1.2093330045e-02  0.0000000000e+00
-4.7318454839e-03  0.0000000000e+00
-2.4570285098e-02  0.0000000000e+00
-3.9371798108e-02  0.0000000000e+00
-4.0606427489e-02  0.0000000000e+00
-2.2283541631e-02  0.0000000000e+00
 1.6468028512e-02  0.0000000000e+00
 7.0271537140e-02  0.0000000000e+00
 1.2839534986e-01  0.0000000000e+00
 1.7753689624e-01  0.0000000000e+00
 2.0566576238e-01  0.0000000000e+00
 2.0566576238e-01  0.0000000000e+00
 1.7753689624e-01  0.0000000000e+00
 1.2839534986e-01  0.0000000000e+00
 7.0271537140e-02  0.0000000000e+00
 1.6468028512e-02  0.0000000000e+00
-2.2283541631e-02  0.0000000000e+00
-4.0606427489e-02  0.0000000000e+00
-3.9371798108e-02  0.0000000000e+00
-2.4570285098e-02  0.0000000000e+00
-4.7318454839e-03  0.0000000000e+00
 1.2093330045e-02  0.0000000000e+00
 2.0737980533e-02  0.0000000000e+00
 1.9988078719e-02  0.0000000000e+00
 1.2159641439e-02  0.0000000000e+00
 1.5664579096e-03  0.0000000000e+00
-7.4030725537e-03  0.0000000000e+00
-1.1857316060e-02  0.0000000000e+00
-1.1128704895e-02  0.0000000000e+00
-6.5563098021e-03  0.0000000000e+00
-5.8695909999e-04  0.0000000000e+00
 4.3408222464e-03  0.0000000000e+00
 6.6752980764e-03  0.0000000000e+00
 6.1174985651e-03  0.0000000000e+00
 3.4494636660e-03  0.0000000000e+00
 7.1416593763e-06  0.0000000000e+00
-2.9243254407e-03  0.0000000000e+00
-4.5495605814e-03  0.0000000000e+00
-4.7128478544e-03  0.0000000000e+00
-3.7767381521e-03  0.0000000000e+00
-2.3468940844e-03  0.0000000000e+00
-9.8920083014e-04  0.0000000000e+00
-4.8278123652e-05  0.0000000000e+00
 3.9446636359e-04  0.0000000000e+00
 4.5135756757e-04  0.0000000000e+00
 3.1173178257e-04  0.0000000000e+00
 1.5334417116e-04  0.0000000000e+00
       0
theoretical   4 FIR_filter   fir    seed
8.0000000000e+01     2            31.5
      64
 2.9033289285e-04  0.0000000000e+00
 1.5654514300e-03  0.0000000000e+00
 3.0059456433e-03  0.0000000000e+00
 2.5370978999e-03  0.0000000000e+00
-5.0691349096e-04  0.0000000000e+00
-2.8343493945e-03  0.0000000000e+00
-8.1511894835e-04  0.0000000000e+00
 3.2409183378e-03  0.0000000000e+00
 2.7341630933e-03  0.0000000000e+00
-2.9386142083e-03  0.0000000000e+00
-5.1346728100e-03  0.0000000000e+00
 1.3499471156e-03  0.0000000000e+00
 7.4590057195e-03  0.0000000000e+00
 1.8424553893e-03  0.0000000000e+00
-8.8894951532e-03  0.0000000000e+00
-6.6192508956e-03  0.0000000000e+00
 8.4525616844e-03  0.0000000000e+00
 1.2525375418e-02  0.0000000000e+00
-5.1704520813e-03  0.0000000000e+00
-1.8633403132e-02  0.0000000000e+00
-1.8065756279e-03  0.0000000000e+00
 2.3545594393e-02  0.0000000000e+00
 1.3151157740e-02  0.0000000000e+00
-2.5370473491e-02  0.0000000000e+00
-2.9545842891e-02  0.0000000000e+00
 2.1435511914e-02  0.0000000000e+00
 5.2603603635e-02  0.0000000000e+00
-6.6676116109e-03  0.0000000000e+00
-8.9053895097e-02  0.0000000000e+00
-3.6896412540e-02  0.0000000000e+00
 1.8774987182e-01  0.0000000000e+00
 4.0696510470e-01  0.0000000000e+00
 4.0696510470e-01  0.0000000000e+00
 1.8774987182e-01  0.0000000000e+00
-3.6896412540e-02  0.0000000000e+00
-8.9053895097e-02  0.0000000000e+00
-6.6676116109e-03  0.0000000000e+00
 5.2603603635e-02  0.0000000000e+00
 2.1435511914e-02  0.0000000000e+00
-2.9545842891e-02  0.0000000000e+00
-2.5370473491e-02  0.0000000000e+00
 1.3151157740e-02  0.0000000000e+00
 2.3545594393e-02  0.0000000000e+00
-1.8065756279e-03  0.0000000000e+00
-1.8633403132e-02  0.0000000000e+00
-5.1704520813e-03  0.0000000000e+00
 1.2525375418e-02  0.0000000000e+00
 8.4525616844e-03  0.0000000000e+00
-6.6192508956e-03  0.0000000000e+00
-8.8894951532e-03  0.0000000000e+00
 1.8424553893e-03  0.0000000000e+00
 7.4590057195e-03  0.0000000000e+00
 1.3499471156e-03  0.0000000000e+00
-5.1346728100e-03  0.0000000000e+00
-2.9386142083e-03  0.0000000000e+00
 2.7341630933e-03  0.0000000000e+00
 3.2409183378e-03  0.0000000000e+00
-8.1511894835e-04  0.0000000000e+00
-2.8343493945e-03  0.0000000000e+00
-5.0691349096e-04  0.0000000000e+00
 2.5370978999e-03  0.0000000000e+00
 3.0059456433e-03  0.0000000000e+00
 1.5654514300e-03  0.0000000000e+00
 2.9033289285e-04  0.0000000000e+00
       0
theoretical   5 FIR_filter   fir    seed
4.0000000000e+01     2            31.5
      64
 2.8805341403e-04  0.0000000000e+00
 1.5531606649e-03  0.0000000000e+00
 2.9823451846e-03  0.0000000000e+00
 2.5171784864e-03  0.0000000000e+00
-5.0293358170e-04  0.0000000000e+00
-2.8120961825e-03  0.0000000000e+00
-8.0871923813e-04  0.0000000000e+00
 3.2154730476e-03  0.0000000000e+00
 2.7126964699e-03  0.0000000000e+00
-2.9155423862e-03  0.0000000000e+00
-5.0943591624e-03  0.0000000000e+00
 1.3393483308e-03  0.0000000000e+00
 7.4004431315e-03  0.0000000000e+00
 1.8279897943e-03  0.0000000000e+00
-8.8197014217e-03  0.0000000000e+00
-6.5672814405e-03  0.0000000000e+00
 8.3861984309e-03  0.0000000000e+00
 1.2427035448e-02  0.0000000000e+00
-5.1298575213e-03  0.0000000000e+00
-1.8487107453e-02  0.0000000000e+00
-1.7923917342e-03  0.0000000000e+00
 2.3360731826e-02  0.0000000000e+00
 1.3047904590e-02  0.0000000000e+00
-2.5171283325e-02  0.0000000000e+00
-2.9313870817e-02  0.0000000000e+00
 2.1267216152e-02  0.0000000000e+00
 5.2190599103e-02  0.0000000000e+00
-6.6152624633e-03  0.0000000000e+00
-8.8354709875e-02  0.0000000000e+00
-3.6606729238e-02  0.0000000000e+00
 1.8627579890e-01  0.0000000000e+00
 4.0376991614e-01  0.0000000000e+00
 4.0376991614e-01  0.0000000000e+00
 1.8627579890e-01  0.0000000000e+00
-3.6606729238e-02  0.0000000000e+00
-8.8354709875e-02  0.0000000000e+00
-6.6152624633e-03  0.0000000000e+00
 5.2190599103e-02  0.0000000000e+00
 2.1267216152e-02  0.0000000000e+00
-2.9313870817e-02  0.0000000000e+00
-2.5171283325e-02  0.0000000000e+00
 1.3047904590e-02  0.0000000000e+00
 2.3360731826e-02  0.0000000000e+00
-1.7923917342e-03  0.0000000000e+00
-1.8487107453e-02  0.0000000000e+00
-5.1298575213e-03  0.0000000000e+00
 1.2427035448e-02  0.0000000000e+00
 8.3861984309e-03  0.0000000000e+00
-6.5672814405e-03  0.0000000000e+00
-8.8197014217e-03  0.0000000000e+00
 1.8279897943e-03  0.0000000000e+00
 7.4004431315e-03  0.0000000000e+00
 1.3393483308e-03  0.0000000000e+00
-5.0943591624e-03  0.0000000000e+00
-2.9155423862e-03  0.0000000000e+00
 2.7126964699e-03  0.0000000000e+00
 3.2154730476e-03  0.0000000000e+00
-8.0871923813e-04  0.0000000000e+00
-2.8120961825e-03  0.0000000000e+00
-5.0293358170e-04  0.0000000000e+00
 2.5171784864e-03  0.0000000000e+00
 2.9823451846e-03  0.0000000000e+00
 1.5531606649e-03  0.0000000000e+00
 2.8805341403e-04  0.0000000000e+00
       0
theoretical   6 FIR_filter   fir    seed
2.0000000000e+01     2            31.5
      64
 2.9129350915e-04  0.0000000000e+00
 1.5706309952e-03  0.0000000000e+00
 3.0158913313e-03  0.0000000000e+00
 2.5454923245e-03  0.0000000000e+00
-5.0859070140e-04  0.0000000000e+00
-2.8437273268e-03  0.0000000000e+00
-8.1781590954e-04  0.0000000000e+00
 3.2516414734e-03  0.0000000000e+00
 2.7432095420e-03  0.0000000000e+00
-2.9483371187e-03  0.0000000000e+00
-5.1516617579e-03  0.0000000000e+00
 1.3544136478e-03  0.0000000000e+00
 7.4836851224e-03  0.0000000000e+00
 1.8485514697e-03  0.0000000000e+00
-8.9189075763e-03  0.0000000000e+00
-6.6411518253e-03  0.0000000000e+00
 8.4805284381e-03  0.0000000000e+00
 1.2566817776e-02  0.0000000000e+00
-5.1875594110e-03  0.0000000000e+00
-1.8695054950e-02  0.0000000000e+00
-1.8125529940e-03  0.0000000000e+00
 2.3623499041e-02  0.0000000000e+00
 1.3194670606e-02  0.0000000000e+00
-2.5454416064e-02  0.0000000000e+00
-2.9643600392e-02  0.0000000000e+00
 2.1506434991e-02  0.0000000000e+00
 5.2777651703e-02  0.0000000000e+00
-6.6896725503e-03  0.0000000000e+00
-8.9348545220e-02  0.0000000000e+00
-3.7018490664e-02  0.0000000000e+00
 1.8837107456e-01  0.0000000000e+00
 4.0831161872e-01  0.0000000000e+00
 4.0831161872e-01  0.0000000000e+00
 1.8837107456e-01  0.0000000000e+00
-3.7018490664e-02  0.0000000000e+00
-8.9348545220e-02  0.0000000000e+00
-6.6896725503e-03  0.0000000000e+00
 5.2777651703e-02  0.0000000000e+00
 2.1506434991e-02  0.0000000000e+00
-2.9643600392e-02  0.0000000000e+00
-2.5454416064e-02  0.0000000000e+00
 1.3194670606e-02  0.0000000000e+00
 2.3623499041e-02  0.0000000000e+00
-1.8125529940e-03  0.0000000000e+00
-1.8695054950e-02  0.0000000000e+00
-5.1875594110e-03  0.0000000000e+00
 1.2566817776e-02  0.0000000000e+00
 8.4805284381e-03  0.0000000000e+00
-6.6411518253e-03  0.0000000000e+00
-8.9189075763e-03  0.0000000000e+00
 1.8485514697e-03  0.0000000000e+00
 7.4836851224e-03  0.0000000000e+00
 1.3544136478e-03  0.0000000000e+00
-5.1516617579e-03  0.0000000000e+00
-2.9483371187e-03  0.0000000000e+00
 2.7432095420e-03  0.0000000000e+00
 3.2516414734e-03  0.0000000000e+00
-8.1781590954e-04  0.0000000000e+00
-2.8437273268e-03  0.0000000000e+00
-5.0859070140e-04  0.0000000000e+00
 2.5454923245e-03  0.0000000000e+00
 3.0158913313e-03  0.0000000000e+00
 1.5706309952e-03  0.0000000000e+00
 2.9129350915e-04  0.0000000000e+00
       0
theoretical   7 FIR_filter   fir    seed
1.0000000000e+01    10           129.5
     260
-8.8214143565e-01  0.0000000000e+00
-1.5321745157e+00  0.0000000000e+00
-1.7446173036e+00  0.0000000000e+00
-2.9235031467e+00  0.0000000000e+00
-3.6434954578e+00  0.0000000000e+00
-4.9382839460e+00  0.0000000000e+00
-5.9739860292e+00  0.0000000000e+00
-7.2871063916e+00  0.0000000000e+00
-8.3615815286e+00  0.0000000000e+00
-9.4466699060e+00  0.0000000000e+00
-1.0202276872e+01  0.0000000000e+00
-1.0721670838e+01  0.0000000000e+00
-1.0776672496e+01  0.0000000000e+00
-1.0395573099e+01  0.0000000000e+00
-9.4440284096e+00  0.0000000000e+00
-7.9520606306e+00  0.0000000000e+00
-5.8815435813e+00  0.0000000000e+00
-3.3102607942e+00  0.0000000000e+00
-3.0065676469e-01  0.0000000000e+00
 3.0002643899e+00  0.0000000000e+00
 6.4387670963e+00  0.0000000000e+00
 9.8049647544e+00  0.0000000000e+00
 1.2885002416e+01  0.0000000000e+00
 1.5442458605e+01  0.0000000000e+00
 1.7257057854e+01  0.0000000000e+00
 1.8123777628e+01  0.0000000000e+00
 1.7883759635e+01  0.0000000000e+00
 1.6430568086e+01  0.0000000000e+00
 1.3731703682e+01  0.0000000000e+00
 9.8343849571e+00  0.0000000000e+00
 4.8754292762e+00  0.0000000000e+00
-9.2153150043e-01  0.0000000000e+00
-7.2498029978e+00  0.0000000000e+00
-1.3733483873e+01  0.0000000000e+00
-1.9945989644e+01  0.0000000000e+00
-2.5435538251e+01  0.0000000000e+00
-2.9753671741e+01  0.0000000000e+00
-3.2488087940e+01  0.0000000000e+00
-3.3295368485e+01  0.0000000000e+00
-3.1931994169e+01  0.0000000000e+00
-2.8281674024e+01  0.0000000000e+00
-2.2376444734e+01  0.0000000000e+00
-1.4408243257e+01  0.0000000000e+00
-4.7312123862e+00  0.0000000000e+00
 6.1480436488e+00  0.0000000000e+00
 1.7592143908e+01  0.0000000000e+00
 2.8865603974e+01  0.0000000000e+00
 3.9177565292e+01  0.0000000000e+00
 4.7732948554e+01  0.0000000000e+00
 5.3787840538e+01  0.0000000000e+00
 5.6706193759e+01  0.0000000000e+00
 5.6015096171e+01  0.0000000000e+00
 5.1451239977e+01  0.0000000000e+00
 4.2998344156e+01  0.0000000000e+00
 3.0909200156e+01  0.0000000000e+00
 1.5711011670e+01  0.0000000000e+00
-1.8088468064e+00  0.0000000000e+00
-2.0635606454e+01  0.0000000000e+00
-3.9580074629e+01  0.0000000000e+00
-5.7347082266e+01  0.0000000000e+00
-7.2617635921e+01  0.0000000000e+00
-8.4139512207e+01  0.0000000000e+00
-9.0819654975e+01  0.0000000000e+00
-9.1813762226e+01  0.0000000000e+00
-8.6604697098e+01  0.0000000000e+00
-7.5064280302e+01  0.0000000000e+00
-5.7492960217e+01  0.0000000000e+00
-3.4632224591e+01  0.0000000000e+00
-7.6469713658e+00  0.0000000000e+00
 2.1922412715e+01  0.0000000000e+00
 5.2238522663e+01  0.0000000000e+00
 8.1271864440e+01  0.0000000000e+00
 1.0692629864e+02  0.0000000000e+00
 1.2718023864e+02  0.0000000000e+00
 1.4023088298e+02  0.0000000000e+00
 1.4463625336e+02  0.0000000000e+00
 1.3944115020e+02  0.0000000000e+00
 1.2427953643e+02  0.0000000000e+00
 9.9443783460e+01  0.0000000000e+00
 6.5913258257e+01  0.0000000000e+00
 2.5338309977e+01  0.0000000000e+00
-2.0023247062e+01  0.0000000000e+00
-6.7416036237e+01  0.0000000000e+00
-1.1373822238e+02  0.0000000000e+00
-1.5572805654e+02  0.0000000000e+00
-1.9017421447e+02  0.0000000000e+00
-2.1413787254e+02  0.0000000000e+00
-2.2517287084e+02  0.0000000000e+00
-2.2152799888e+02  0.0000000000e+00
-2.0231732291e+02  0.0000000000e+00
-1.6764514469e+02  0.0000000000e+00
-1.1867305951e+02  0.0000000000e+00
-5.7622322859e+01  0.0000000000e+00
 1.2294460387e+01  0.0000000000e+00
 8.7011933094e+01  0.0000000000e+00
 1.6181607047e+02  0.0000000000e+00
 2.3160714239e+02  0.0000000000e+00
 2.9120436902e+02  0.0000000000e+00
 3.3568122450e+02  0.0000000000e+00
 3.6070582937e+02  0.0000000000e+00
 3.6287091533e+02  0.0000000000e+00
 3.3998801925e+02  0.0000000000e+00
 2.9132729074e+02  0.0000000000e+00
 2.1778465851e+02  0.0000000000e+00
 1.2196103163e+02  0.0000000000e+00
 8.1441735057e+00  0.0000000000e+00
-1.1781130902e+02  0.0000000000e+00
-2.4870496272e+02  0.0000000000e+00
-3.7630380231e+02  0.0000000000e+00
-4.9173540975e+02  0.0000000000e+00
-5.8594117169e+02  0.0000000000e+00
-6.5016646527e+02  0.0000000000e+00
-6.7646174430e+02  0.0000000000e+00
-6.5816517222e+02  0.0000000000e+00
-5.9034014481e+02  0.0000000000e+00
-4.7013931000e+02  0.0000000000e+00
-2.9707333174e+02  0.0000000000e+00
-7.3164860903e+01  0.0000000000e+00
 1.9702485924e+02  0.0000000000e+00
 5.0650205785e+02  0.0000000000e+00
 8.4607750410e+02  0.0000000000e+00
 1.2047262463e+03  0.0000000000e+00
 1.5700522324e+03  0.0000000000e+00
 1.9288376558e+03  0.0000000000e+00
 2.2676459085e+03  0.0000000000e+00
 2.5734514588e+03  0.0000000000e+00
 2.8342590061e+03  0.0000000000e+00
 3.0396818942e+03  0.0000000000e+00
 3.1814482125e+03  0.0000000000e+00
 3.2538059159e+03  0.0000000000e+00
 3.2538059159e+03  0.0000000000e+00
 3.1814482125e+03  0.0000000000e+00
 3.0396818942e+03  0.0000000000e+00
 2.8342590061e+03  0.0000000000e+00
 2.5734514588e+03  0.0000000000e+00
 2.2676459085e+03  0.0000000000e+00
 1.9288376558e+03  0.0000000000e+00
 1.5700522324e+03  0.0000000000e+00
 1.2047262463e+03  0.0000000000e+00
 8.4607750410e+02  0.0000000000e+00
 5.0650205785e+02  0.0000000000e+00
 1.9702485924e+02  0.0000000000e+00
-7.3164860903e+01  0.0000000000e+00
-2.9707333174e+02  0.0000000000e+00
-4.7013931000e+02  0.0000000000e+00
-5.9034014481e+02  0.0000000000e+00
-6.5816517222e+02  0.0000000000e+00
-6.7646174430e+02  0.0000000000e+00
-6.5016646527e+02  0.0000000000e+00
-5.8594117169e+02  0.0000000000e+00
-4.9173540975e+02  0.0000000000e+00
-3.7630380231e+02  0.0000000000e+00
-2.4870496272e+02  0.0000000000e+00
-1.1781130902e+02  0.0000000000e+00
 8.1441735057e+00  0.0000000000e+00
 1.2196103163e+02  0.0000000000e+00
 2.1778465851e+02  0.0000000000e+00
 2.9132729074e+02  0.0000000000e+00
 3.3998801925e+02  0.0000000000e+00
 3.6287091533e+02  0.0000000000e+00
 3.6070582937e+02  0.0000000000e+00
 3.3568122450e+02  0.0000000000e+00
 2.9120436902e+02  0.0000000000e+00
 2.3160714239e+02  0.0000000000e+00
 1.6181607047e+02  0.0000000000e+00
 8.7011933094e+01  0.0000000000e+00
 1.2294460387e+01  0.0000000000e+00
-5.7622322859e+01  0.0000000000e+00
-1.1867305951e+02  0.0000000000e+00
-1.6764514469e+02  0.0000000000e+00
-2.0231732291e+02  0.0000000000e+00
-2.2152799888e+02  0.0000000000e+00
-2.2517287084e+02  0.0000000000e+00
-2.1413787254e+02  0.0000000000e+00
-1.9017421447e+02  0.0000000000e+00
-1.5572805654e+02  0.0000000000e+00
-1.1373822238e+02  0.0000000000e+00
-6.7416036237e+01  0.0000000000e+00
-2.0023247062e+01  0.0000000000e+00
 2.5338309977e+01  0.0000000000e+00
 6.5913258257e+01  0.0000000000e+00
 9.9443783460e+01  0.0000000000e+00
 1.2427953643e+02  0.0000000000e+00
 1.3944115020e+02  0.0000000000e+00
 1.4463625336e+02  0.0000000000e+00
 1.4023088298e+02  0.0000000000e+00
 1.2718023864e+02  0.0000000000e+00
 1.0692629864e+02  0.0000000000e+00
 8.1271864440e+01  0.0000000000e+00
 5.2238522663e+01  0.0000000000e+00
 2.1922412715e+01  0.0000000000e+00
-7.6469713658e+00  0.0000000000e+00
-3.4632224591e+01  0.0000000000e+00
-5.7492960217e+01  0.0000000000e+00
-7.5064280302e+01  0.0000000000e+00
-8.6604697098e+01  0.0000000000e+00
-9.1813762226e+01  0.0000000000e+00
-9.0819654975e+01  0.0000000000e+00
-8.4139512207e+01  0.0000000000e+00
-7.2617635921e+01  0.0000000000e+00
-5.7347082266e+01  0.0000000000e+00
-3.9580074629e+01  0.0000000000e+00
-2.0635606454e+01  0.0000000000e+00
-1.8088468064e+00  0.0000000000e+00
 1.5711011670e+01  0.0000000000e+00
 3.0909200156e+01  0.0000000000e+00
 4.2998344156e+01  0.0000000000e+00
 5.1451239977e+01  0.0000000000e+00
 5.6015096171e+01  0.0000000000e+00
 5.6706193759e+01  0.0000000000e+00
 5.3787840538e+01  0.0000000000e+00
 4.7732948554e+01  0.0000000000e+00
 3.9177565292e+01  0.0000000000e+00
 2.8865603974e+01  0.0000000000e+00
 1.7592143908e+01  0.0000000000e+00
 6.1480436488e+00  0.0000000000e+00
-4.7312123862e+00  0.0000000000e+00
-1.4408243257e+01  0.0000000000e+00
-2.2376444734e+01  0.0000000000e+00
-2.8281674024e+01  0.0000000000e+00
-3.1931994169e+01  0.0000000000e+00
-3.3295368485e+01  0.0000000000e+00
-3.2488087940e+01  0.0000000000e+00
-2.9753671741e+01  0.0000000000e+00
-2.5435538251e+01  0.0000000000e+00
-1.9945989644e+01  0.0000000000e+00
-1.3733483873e+01  0.0000000000e+00
-7.2498029978e+00  0.0000000000e+00
-9.2153150043e-01  0.0000000000e+00
 4.8754292762e+00  0.0000000000e+00
 9.8343849571e+00  0.0000000000e+00
 1.3731703682e+01  0.0000000000e+00
 1.6430568086e+01  0.0000000000e+00
 1.7883759635e+01  0.0000000000e+00
 1.8123777628e+01  0.0000000000e+00
 1.7257057854e+01  0.0000000000e+00
 1.5442458605e+01  0.0000000000e+00
 1.2885002416e+01  0.0000000000e+00
 9.8049647544e+00  0.0000000000e+00
 6.4387670963e+00  0.0000000000e+00
 3.0002643899e+00  0.0000000000e+00
-3.0065676469e-01  0.0000000000e+00
-3.3102607942e+00  0.0000000000e+00
-5.8815435813e+00  0.0000000000e+00
-7.9520606306e+00  0.0000000000e+00
-9.4440284096e+00  0.0000000000e+00
-1.0395573099e+01  0.0000000000e+00
-1.0776672496e+01  0.0000000000e+00
-1.0721670838e+01  0.0000000000e+00
-1.0202276872e+01  0.0000000000e+00
-9.4466699060e+00  0.0000000000e+00
-8.3615815286e+00  0.0000000000e+00
-7.2871063916e+00  0.0000000000e+00
-5.9739860292e+00  0.0000000000e+00
-4.9382839460e+00  0.0000000000e+00
-3.6434954578e+00  0.0000000000e+00
-2.9235031467e+00  0.0000000000e+00
-1.7446173036e+00  0.0000000000e+00
-1.5321745157e+00  0.0000000000e+00
-8.8214143565e-01  0.0000000000e+00
       0
