theoretical   1 FIR_filter   fir    seed
5.1200000000e+03    16            31.5
      64
-1.0970731460e-03  0.0000000000e+00
-9.9332687404e-04  0.0000000000e+00
-1.3331648709e-03  0.0000000000e+00
-1.7052604994e-03  0.0000000000e+00
-2.0538369953e-03  0.0000000000e+00
-2.3506491479e-03  0.0000000000e+00
-2.5715644859e-03  0.0000000000e+00
-2.6937259946e-03  0.0000000000e+00
-2.6933705459e-03  0.0000000000e+00
-2.5470941068e-03  0.0000000000e+00
-2.2311544405e-03  0.0000000000e+00
-1.7230126327e-03  0.0000000000e+00
-9.9927007036e-04  0.0000000000e+00
-3.4656170205e-05  0.0000000000e+00
 1.2197992139e-03  0.0000000000e+00
 3.1138285774e-03  0.0000000000e+00
 6.8975467311e-03  0.0000000000e+00
 8.9671204352e-03  0.0000000000e+00
 1.2359763164e-02  0.0000000000e+00
 1.6074814686e-02  0.0000000000e+00
 1.9968233049e-02  0.0000000000e+00
 2.3963232670e-02  0.0000000000e+00
 2.7991566813e-02  0.0000000000e+00
 3.1987831740e-02  0.0000000000e+00
 3.5884138432e-02  0.0000000000e+00
 3.9613497576e-02  0.0000000000e+00
 4.3108175851e-02  0.0000000000e+00
 4.6303249429e-02  0.0000000000e+00
 4.9131433367e-02  0.0000000000e+00
 5.1518449043e-02  0.0000000000e+00
 5.3326127735e-02  0.0000000000e+00
 5.3598431766e-02  0.0000000000e+00
 5.3598431766e-02  0.0000000000e+00
 5.3326127735e-02  0.0000000000e+00
 5.1518449043e-02  0.0000000000e+00
 4.9131433367e-02  0.0000000000e+00
 4.6303249429e-02  0.0000000000e+00
 4.3108175851e-02  0.0000000000e+00
 3.9613497576e-02  0.0000000000e+00
 3.5884138432e-02  0.0000000000e+00
 3.1987831740e-02  0.0000000000e+00
 2.7991566813e-02  0.0000000000e+00
 2.3963232670e-02  0.0000000000e+00
 1.9968233049e-02  0.0000000000e+00
 1.6074814686e-02  0.0000000000e+00
 1.2359763164e-02  0.0000000000e+00
 8.9671204352e-03  0.0000000000e+00
 6.8975467311e-03  0.0000000000e+00
 3.1138285774e-03  0.0000000000e+00
 1.2197992139e-03  0.0000000000e+00
-3.4656170205e-05  0.0000000000e+00
-9.9927007036e-04  0.0000000000e+00
-1.7230126327e-03  0.0000000000e+00
-2.2311544405e-03  0.0000000000e+00
-2.5470941068e-03  0.0000000000e+00
-2.6933705459e-03  0.0000000000e+00
-2.6937259946e-03  0.0000000000e+00
-2.5715644859e-03  0.0000000000e+00
-2.3506491479e-03  0.0000000000e+00
-2.0538369953e-03  0.0000000000e+00
-1.7052604994e-03  0.0000000000e+00
-1.3331648709e-03  0.0000000000e+00
-9.9332687404e-04  0.0000000000e+00
-1.0970731460e-03  0.0000000000e+00
       0
theoretical   2 FIR_filter   fir    seed
3.2000000000e+02     4            35.5
      72
 1.5384968998e-04  0.0000000000e+00
 3.1275944656e-04  0.0000000000e+00
 4.5284552596e-04  0.0000000000e+00
 3.9576677280e-04  0.0000000000e+00
-4.8437278708e-05  0.0000000000e+00
-9.9246185816e-04  0.0000000000e+00
-2.3546309232e-03  0.0000000000e+00
-3.7891886562e-03  0.0000000000e+00
-4.7283843647e-03  0.0000000000e+00
-4.5645587942e-03  0.0000000000e+00
-2.9339658564e-03  0.0000000000e+00
 7.1652027768e-06  0.0000000000e+00
 3.4608352675e-03  0.0000000000e+00
 6.1376656875e-03  0.0000000000e+00
 6.6973040567e-03  0.0000000000e+00
 4.3551323263e-03  0.0000000000e+00
-5.8889408630e-04  0.0000000000e+00
-6.5779235223e-03  0.0000000000e+00
-1.1165392105e-02  0.0000000000e+00
-1.1896405230e-02  0.0000000000e+00
-7.4274777364e-03  0.0000000000e+00
 1.5716219400e-03  0.0000000000e+00
 1.2199727264e-02  0.0000000000e+00
 2.0053971996e-02  0.0000000000e+00
 2.0806345958e-02  0.0000000000e+00
 1.2133197266e-02  0.0000000000e+00
-4.7474446223e-03  0.0000000000e+00
-2.4651284209e-02  0.0000000000e+00
-3.9501592315e-02  0.0000000000e+00
-4.0740291810e-02  0.0000000000e+00
-2.2357002198e-02  0.0000000000e+00
 1.6522317490e-02  0.0000000000e+00
 7.0503196318e-02  0.0000000000e+00
 1.2881862167e-01  0.0000000000e+00
 1.7812216950e-01  0.0000000000e+00
 2.0634376607e-01  0.0000000000e+00
 2.0634376607e-01  0.0000000000e+00
 1.7812216950e-01  0.0000000000e+00
 1.2881862167e-01  0.0000000000e+00
 7.0503196318e-02  0.0000000000e+00
 1.6522317490e-02  0.0000000000e+00
-2.2357002198e-02  0.0000000000e+00
-4.0740291810e-02  0.0000000000e+00
-3.9501592315e-02  0.0000000000e+00
-2.4651284209e-02  0.0000000000e+00
-4.7474446223e-03  0.0000000000e+00
 1.2133197266e-02  0.0000000000e+00
 2.0806345958e-02  0.0000000000e+00
 2.0053971996e-02  0.0000000000e+00
 1.2199727264e-02  0.0000000000e+00
 1.5716219400e-03  0.0000000000e+00
-7.4274777364e-03  0.0000000000e+00
-1.1896405230e-02  0.0000000000e+00
-1.1165392105e-02  0.0000000000e+00
-6.5779235223e-03  0.0000000000e+00
-5.8889408630e-04  0.0000000000e+00
 4.3551323263e-03  0.0000000000e+00
 6.6973040567e-03  0.0000000000e+00
 6.1376656875e-03  0.0000000000e+00
 3.4608352675e-03  0.0000000000e+00
 7.1652027768e-06  0.0000000000e+00
-2.9339658564e-03  0.0000000000e+00
-4.5645587942e-03  0.0000000000e+00
-4.7283843647e-03  0.0000000000e+00
-3.7891886562e-03  0.0000000000e+00
-2.3546309232e-03  0.0000000000e+00
-9.9246185816e-04  0.0000000000e+00
-4.8437278708e-05  0.0000000000e+00
 3.9576677280e-04  0.0000000000e+00
 4.5284552596e-04  0.0000000000e+00
 3.1275944656e-04  0.0000000000e+00
 1.5384968998e-04  0.0000000000e+00
       0
theoretical   3 FIR_filter   fir    seed
8.0000000000e+01     2            31.5
      64
 2.8496632802e-04  0.0000000000e+00
 1.5365153473e-03  0.0000000000e+00
 2.9503832094e-03  0.0000000000e+00
 2.4902017310e-03  0.0000000000e+00
-4.9754361183e-04  0.0000000000e+00
-2.7819587762e-03  0.0000000000e+00
-8.0005214473e-04  0.0000000000e+00
 3.1810126268e-03  0.0000000000e+00
 2.6836243364e-03  0.0000000000e+00
-2.8842963406e-03  0.0000000000e+00
-5.0397626046e-03  0.0000000000e+00
 1.3249944531e-03  0.0000000000e+00
 7.3211321311e-03  0.0000000000e+00
 1.8083991162e-03  0.0000000000e+00
-8.7251801437e-03  0.0000000000e+00
-6.4968994848e-03  0.0000000000e+00
 8.2963230308e-03  0.0000000000e+00
 1.2293854151e-02  0.0000000000e+00
-5.0748805254e-03  0.0000000000e+00
-1.8288979994e-02  0.0000000000e+00
-1.7731825627e-03  0.0000000000e+00
 2.3110373439e-02  0.0000000000e+00
 1.2908069401e-02  0.0000000000e+00
-2.4901521146e-02  0.0000000000e+00
-2.8999712276e-02  0.0000000000e+00
 2.1039294099e-02  0.0000000000e+00
 5.1631269270e-02  0.0000000000e+00
-6.5443662920e-03  0.0000000000e+00
-8.7407807060e-02  0.0000000000e+00
-3.6214412688e-02  0.0000000000e+00
 1.8427946980e-01  0.0000000000e+00
 3.9944268932e-01  0.0000000000e+00
 3.9944268932e-01  0.0000000000e+00
 1.8427946980e-01  0.0000000000e+00
-3.6214412688e-02  0.0000000000e+00
-8.7407807060e-02  0.0000000000e+00
-6.5443662920e-03  0.0000000000e+00
 5.1631269270e-02  0.0000000000e+00
 2.1039294099e-02  0.0000000000e+00
-2.8999712276e-02  0.0000000000e+00
-2.4901521146e-02  0.0000000000e+00
 1.2908069401e-02  0.0000000000e+00
 2.3110373439e-02  0.0000000000e+00
-1.7731825627e-03  0.0000000000e+00
-1.8288979994e-02  0.0000000000e+00
-5.0748805254e-03  0.0000000000e+00
 1.2293854151e-02  0.0000000000e+00
 8.2963230308e-03  0.0000000000e+00
-6.4968994848e-03  0.0000000000e+00
-8.7251801437e-03  0.0000000000e+00
 1.8083991162e-03  0.0000000000e+00
 7.3211321311e-03  0.0000000000e+00
 1.3249944531e-03  0.0000000000e+00
-5.0397626046e-03  0.0000000000e+00
-2.8842963406e-03  0.0000000000e+00
 2.6836243364e-03  0.0000000000e+00
 3.1810126268e-03  0.0000000000e+00
-8.0005214473e-04  0.0000000000e+00
-2.7819587762e-03  0.0000000000e+00
-4.9754361183e-04  0.0000000000e+00
 2.4902017310e-03  0.0000000000e+00
 2.9503832094e-03  0.0000000000e+00
 1.5365153473e-03  0.0000000000e+00
 2.8496632802e-04  0.0000000000e+00
       0
theoretical   4 FIR_filter   fir    seed
4.0000000000e+01     2            31.5
      64
 2.8522168758e-04  0.0000000000e+00
 1.5378922253e-03  0.0000000000e+00
 2.9530270605e-03  0.0000000000e+00
 2.4924332116e-03  0.0000000000e+00
-4.9798946282e-04  0.0000000000e+00
-2.7844517015e-03  0.0000000000e+00
-8.0076907492e-04  0.0000000000e+00
 3.1838631460e-03  0.0000000000e+00
 2.6860291438e-03  0.0000000000e+00
-2.8868809710e-03  0.0000000000e+00
-5.0442787576e-03  0.0000000000e+00
 1.3261817863e-03  0.0000000000e+00
 7.3276926292e-03  0.0000000000e+00
 1.8100196304e-03  0.0000000000e+00
-8.7329988153e-03  0.0000000000e+00
-6.5027213845e-03  0.0000000000e+00
 8.3037574018e-03  0.0000000000e+00
 1.2304870727e-02  0.0000000000e+00
-5.0794281478e-03  0.0000000000e+00
-1.8305368829e-02  0.0000000000e+00
-1.7747715193e-03  0.0000000000e+00
 2.3131082744e-02  0.0000000000e+00
 1.2919636378e-02  0.0000000000e+00
-2.4923835507e-02  0.0000000000e+00
-2.9025699044e-02  0.0000000000e+00
 2.1058147502e-02  0.0000000000e+00
 5.1677536273e-02  0.0000000000e+00
-6.5502307269e-03  0.0000000000e+00
-8.7486133574e-02  0.0000000000e+00
-3.6246864580e-02  0.0000000000e+00
 1.8444460343e-01  0.0000000000e+00
 3.9980063164e-01  0.0000000000e+00
 3.9980063164e-01  0.0000000000e+00
 1.8444460343e-01  0.0000000000e+00
-3.6246864580e-02  0.0000000000e+00
-8.7486133574e-02  0.0000000000e+00
-6.5502307269e-03  0.0000000000e+00
 5.1677536273e-02  0.0000000000e+00
 2.1058147502e-02  0.0000000000e+00
-2.9025699044e-02  0.0000000000e+00
-2.4923835507e-02  0.0000000000e+00
 1.2919636378e-02  0.0000000000e+00
 2.3131082744e-02  0.0000000000e+00
-1.7747715193e-03  0.0000000000e+00
-1.8305368829e-02  0.0000000000e+00
-5.0794281478e-03  0.0000000000e+00
 1.2304870727e-02  0.0000000000e+00
 8.3037574018e-03  0.0000000000e+00
-6.5027213845e-03  0.0000000000e+00
-8.7329988153e-03  0.0000000000e+00
 1.8100196304e-03  0.0000000000e+00
 7.3276926292e-03  0.0000000000e+00
 1.3261817863e-03  0.0000000000e+00
-5.0442787576e-03  0.0000000000e+00
-2.8868809710e-03  0.0000000000e+00
 2.6860291438e-03  0.0000000000e+00
 3.1838631460e-03  0.0000000000e+00
-8.0076907492e-04  0.0000000000e+00
-2.7844517015e-03  0.0000000000e+00
-4.9798946282e-04  0.0000000000e+00
 2.4924332116e-03  0.0000000000e+00
 2.9530270605e-03  0.0000000000e+00
 1.5378922253e-03  0.0000000000e+00
 2.8522168758e-04  0.0000000000e+00
       0
theoretical   5 FIR_filter   fir    seed
2.0000000000e+01     2            31.5
      64
 2.8617741954e-04  0.0000000000e+00
 1.5430454546e-03  0.0000000000e+00
 2.9629221789e-03  0.0000000000e+00
 2.5007849540e-03  0.0000000000e+00
-4.9965814534e-04  0.0000000000e+00
-2.7937819509e-03  0.0000000000e+00
-8.0345232319e-04  0.0000000000e+00
 3.1945317589e-03  0.0000000000e+00
 2.6950295950e-03  0.0000000000e+00
-2.8965544445e-03  0.0000000000e+00
-5.0611813237e-03  0.0000000000e+00
 1.3306256080e-03  0.0000000000e+00
 7.3522465477e-03  0.0000000000e+00
 1.8160847149e-03  0.0000000000e+00
-8.7622616886e-03  0.0000000000e+00
-6.5245109571e-03  0.0000000000e+00
 8.3315819562e-03  0.0000000000e+00
 1.2346102368e-02  0.0000000000e+00
-5.0964484939e-03  0.0000000000e+00
-1.8366707173e-02  0.0000000000e+00
-1.7807184929e-03  0.0000000000e+00
 2.3208591279e-02  0.0000000000e+00
 1.2962927999e-02  0.0000000000e+00
-2.5007351268e-02  0.0000000000e+00
-2.9122959489e-02  0.0000000000e+00
 2.1128709964e-02  0.0000000000e+00
 5.1850699379e-02  0.0000000000e+00
-6.5721794957e-03  0.0000000000e+00
-8.7779285525e-02  0.0000000000e+00
-3.6368321988e-02  0.0000000000e+00
 1.8506264760e-01  0.0000000000e+00
 4.0114029920e-01  0.0000000000e+00
 4.0114029920e-01  0.0000000000e+00
 1.8506264760e-01  0.0000000000e+00
-3.6368321988e-02  0.0000000000e+00
-8.7779285525e-02  0.0000000000e+00
-6.5721794957e-03  0.0000000000e+00
 5.1850699379e-02  0.0000000000e+00
 2.1128709964e-02  0.0000000000e+00
-2.9122959489e-02  0.0000000000e+00
-2.5007351268e-02  0.0000000000e+00
 1.2962927999e-02  0.0000000000e+00
 2.3208591279e-02  0.0000000000e+00
-1.7807184929e-03  0.0000000000e+00
-1.8366707173e-02  0.0000000000e+00
-5.0964484939e-03  0.0000000000e+00
 1.2346102368e-02  0.0000000000e+00
 8.3315819562e-03  0.0000000000e+00
-6.5245109571e-03  0.0000000000e+00
-8.7622616886e-03  0.0000000000e+00
 1.8160847149e-03  0.0000000000e+00
 7.3522465477e-03  0.0000000000e+00
 1.3306256080e-03  0.0000000000e+00
-5.0611813237e-03  0.0000000000e+00
-2.8965544445e-03  0.0000000000e+00
 2.6950295950e-03  0.0000000000e+00
 3.1945317589e-03  0.0000000000e+00
-8.0345232319e-04  0.0000000000e+00
-2.7937819509e-03  0.0000000000e+00
-4.9965814534e-04  0.0000000000e+00
 2.5007849540e-03  0.0000000000e+00
 2.9629221789e-03  0.0000000000e+00
 1.5430454546e-03  0.0000000000e+00
 2.8617741954e-04  0.0000000000e+00
       0
theoretical   6 FIR_filter   fir    seed
1.0000000000e+01    10           129.5
     260
-2.2143634059e-05  0.0000000000e+00
-3.8460852668e-05  0.0000000000e+00
-4.3793620367e-05  0.0000000000e+00
-7.3386172822e-05  0.0000000000e+00
-9.1459517545e-05  0.0000000000e+00
-1.2396147393e-04  0.0000000000e+00
-1.4995980821e-04  0.0000000000e+00
-1.8292193379e-04  0.0000000000e+00
-2.0989355452e-04  0.0000000000e+00
-2.3713159026e-04  0.0000000000e+00
-2.5609893889e-04  0.0000000000e+00
-2.6913683673e-04  0.0000000000e+00
-2.7051749582e-04  0.0000000000e+00
-2.6095108702e-04  0.0000000000e+00
-2.3706528306e-04  0.0000000000e+00
-1.9961370536e-04  0.0000000000e+00
-1.4763930533e-04  0.0000000000e+00
-8.3094615789e-05  0.0000000000e+00
-7.5471269181e-06  0.0000000000e+00
 7.5313043968e-05  0.0000000000e+00
 1.6162680564e-04  0.0000000000e+00
 2.4612555618e-04  0.0000000000e+00
 3.2344107965e-04  0.0000000000e+00
 3.8763869206e-04  0.0000000000e+00
 4.3318900871e-04  0.0000000000e+00
 4.5494552613e-04  0.0000000000e+00
 4.4892056188e-04  0.0000000000e+00
 4.1244235038e-04  0.0000000000e+00
 3.4469508975e-04  0.0000000000e+00
 2.4686406610e-04  0.0000000000e+00
 1.2238368748e-04  0.0000000000e+00
-2.3132408812e-05  0.0000000000e+00
-1.8198553893e-04  0.0000000000e+00
-3.4473977634e-04  0.0000000000e+00
-5.0068693950e-04  0.0000000000e+00
-6.3848633379e-04  0.0000000000e+00
-7.4688070678e-04  0.0000000000e+00
-8.1552039336e-04  0.0000000000e+00
-8.3578485918e-04  0.0000000000e+00
-8.0156125204e-04  0.0000000000e+00
-7.0993042029e-04  0.0000000000e+00
-5.6169655307e-04  0.0000000000e+00
-3.6167767801e-04  0.0000000000e+00
-1.1876353553e-04  0.0000000000e+00
 1.5432902620e-04  0.0000000000e+00
 4.4160038432e-04  0.0000000000e+00
 7.2458830914e-04  0.0000000000e+00
 9.8344056189e-04  0.0000000000e+00
 1.1981989538e-03  0.0000000000e+00
 1.3501896743e-03  0.0000000000e+00
 1.4234465730e-03  0.0000000000e+00
 1.4060985475e-03  0.0000000000e+00
 1.2915360098e-03  0.0000000000e+00
 1.0793502716e-03  0.0000000000e+00
 7.7588693790e-04  0.0000000000e+00
 3.9437994754e-04  0.0000000000e+00
-4.5405918066e-05  0.0000000000e+00
-5.1799779426e-04  0.0000000000e+00
-9.9354440591e-04  0.0000000000e+00
-1.4395342433e-03  0.0000000000e+00
-1.8228577539e-03  0.0000000000e+00
-2.1120814564e-03  0.0000000000e+00
-2.2797673070e-03  0.0000000000e+00
-2.3047215221e-03  0.0000000000e+00
-2.1739628622e-03  0.0000000000e+00
-1.8842737533e-03  0.0000000000e+00
-1.4431960914e-03  0.0000000000e+00
-8.6934280262e-04  0.0000000000e+00
-1.9195531322e-04  0.0000000000e+00
 5.5029937969e-04  0.0000000000e+00
 1.3112984867e-03  0.0000000000e+00
 2.0400973729e-03  0.0000000000e+00
 2.6840784626e-03  0.0000000000e+00
 3.1924956137e-03  0.0000000000e+00
 3.5200946593e-03  0.0000000000e+00
 3.6306788645e-03  0.0000000000e+00
 3.5002706799e-03  0.0000000000e+00
 3.1196817931e-03  0.0000000000e+00
 2.4962513508e-03  0.0000000000e+00
 1.6545635558e-03  0.0000000000e+00
 6.3604569645e-04  0.0000000000e+00
-5.0262626568e-04  0.0000000000e+00
-1.6922864926e-03  0.0000000000e+00
-2.8550722969e-03  0.0000000000e+00
-3.9091068136e-03  0.0000000000e+00
-4.7737789456e-03  0.0000000000e+00
-5.3753179435e-03  0.0000000000e+00
-5.6523199687e-03  0.0000000000e+00
-5.5608258980e-03  0.0000000000e+00
-5.0785969019e-03  0.0000000000e+00
-4.2082511780e-03  0.0000000000e+00
-2.9789472485e-03  0.0000000000e+00
-1.4464433700e-03  0.0000000000e+00
 3.0861721347e-04  0.0000000000e+00
 2.1841853554e-03  0.0000000000e+00
 4.0619289657e-03  0.0000000000e+00
 5.8138339265e-03  0.0000000000e+00
 7.3098515991e-03  0.0000000000e+00
 8.4263156624e-03  0.0000000000e+00
 9.0544866908e-03  0.0000000000e+00
 9.1088349724e-03  0.0000000000e+00
 8.5344254088e-03  0.0000000000e+00
 7.3129371965e-03  0.0000000000e+00
 5.4668600599e-03  0.0000000000e+00
 3.0614823708e-03  0.0000000000e+00
 2.0443614882e-04  0.0000000000e+00
-2.9573154707e-03  0.0000000000e+00
-6.2430257333e-03  0.0000000000e+00
-9.4460291247e-03  0.0000000000e+00
-1.2343609003e-02  0.0000000000e+00
-1.4708374827e-02  0.0000000000e+00
-1.6320566864e-02  0.0000000000e+00
-1.6980634528e-02  0.0000000000e+00
-1.6521351492e-02  0.0000000000e+00
-1.4818798447e-02  0.0000000000e+00
-1.1801500776e-02  0.0000000000e+00
-7.4571750979e-03  0.0000000000e+00
-1.8365942697e-03  0.0000000000e+00
 4.9457447606e-03  0.0000000000e+00
 1.2714283408e-02  0.0000000000e+00
 2.1238352354e-02  0.0000000000e+00
 3.0241201763e-02  0.0000000000e+00
 3.9411664256e-02  0.0000000000e+00
 4.8417944653e-02  0.0000000000e+00
 5.6922755404e-02  0.0000000000e+00
 6.4599127838e-02  0.0000000000e+00
 7.1145954292e-02  0.0000000000e+00
 7.6302507511e-02  0.0000000000e+00
 7.9861144876e-02  0.0000000000e+00
 8.1677477770e-02  0.0000000000e+00
 8.1677477770e-02  0.0000000000e+00
 7.9861144876e-02  0.0000000000e+00
 7.6302507511e-02  0.0000000000e+00
 7.1145954292e-02  0.0000000000e+00
 6.4599127838e-02  0.0000000000e+00
 5.6922755404e-02  0.0000000000e+00
 4.8417944653e-02  0.0000000000e+00
 3.9411664256e-02  0.0000000000e+00
 3.0241201763e-02  0.0000000000e+00
 2.1238352354e-02  0.0000000000e+00
 1.2714283408e-02  0.0000000000e+00
 4.9457447606e-03  0.0000000000e+00
-1.8365942697e-03  0.0000000000e+00
-7.4571750979e-03  0.0000000000e+00
-1.1801500776e-02  0.0000000000e+00
-1.4818798447e-02  0.0000000000e+00
-1.6521351492e-02  0.0000000000e+00
-1.6980634528e-02  0.0000000000e+00
-1.6320566864e-02  0.0000000000e+00
-1.4708374827e-02  0.0000000000e+00
-1.2343609003e-02  0.0000000000e+00
-9.4460291247e-03  0.0000000000e+00
-6.2430257333e-03  0.0000000000e+00
-2.9573154707e-03  0.0000000000e+00
 2.0443614882e-04  0.0000000000e+00
 3.0614823708e-03  0.0000000000e+00
 5.4668600599e-03  0.0000000000e+00
 7.3129371965e-03  0.0000000000e+00
 8.5344254088e-03  0.0000000000e+00
 9.1088349724e-03  0.0000000000e+00
 9.0544866908e-03  0.0000000000e+00
 8.4263156624e-03  0.0000000000e+00
 7.3098515991e-03  0.0000000000e+00
 5.8138339265e-03  0.0000000000e+00
 4.0619289657e-03  0.0000000000e+00
 2.1841853554e-03  0.0000000000e+00
 3.0861721347e-04  0.0000000000e+00
-1.4464433700e-03  0.0000000000e+00
-2.9789472485e-03  0.0000000000e+00
-4.2082511780e-03  0.0000000000e+00
-5.0785969019e-03  0.0000000000e+00
-5.5608258980e-03  0.0000000000e+00
-5.6523199687e-03  0.0000000000e+00
-5.3753179435e-03  0.0000000000e+00
-4.7737789456e-03  0.0000000000e+00
-3.9091068136e-03  0.0000000000e+00
-2.8550722969e-03  0.0000000000e+00
-1.6922864926e-03  0.0000000000e+00
-5.0262626568e-04  0.0000000000e+00
 6.3604569645e-04  0.0000000000e+00
 1.6545635558e-03  0.0000000000e+00
 2.4962513508e-03  0.0000000000e+00
 3.1196817931e-03  0.0000000000e+00
 3.5002706799e-03  0.0000000000e+00
 3.6306788645e-03  0.0000000000e+00
 3.5200946593e-03  0.0000000000e+00
 3.1924956137e-03  0.0000000000e+00
 2.6840784626e-03  0.0000000000e+00
 2.0400973729e-03  0.0000000000e+00
 1.3112984867e-03  0.0000000000e+00
 5.5029937969e-04  0.0000000000e+00
-1.9195531322e-04  0.0000000000e+00
-8.6934280262e-04  0.0000000000e+00
-1.4431960914e-03  0.0000000000e+00
-1.8842737533e-03  0.0000000000e+00
-2.1739628622e-03  0.0000000000e+00
-2.3047215221e-03  0.0000000000e+00
-2.2797673070e-03  0.0000000000e+00
-2.1120814564e-03  0.0000000000e+00
-1.8228577539e-03  0.0000000000e+00
-1.4395342433e-03  0.0000000000e+00
-9.9354440591e-04  0.0000000000e+00
-5.1799779426e-04  0.0000000000e+00
-4.5405918066e-05  0.0000000000e+00
 3.9437994754e-04  0.0000000000e+00
 7.7588693790e-04  0.0000000000e+00
 1.0793502716e-03  0.0000000000e+00
 1.2915360098e-03  0.0000000000e+00
 1.4060985475e-03  0.0000000000e+00
 1.4234465730e-03  0.0000000000e+00
 1.3501896743e-03  0.0000000000e+00
 1.1981989538e-03  0.0000000000e+00
 9.8344056189e-04  0.0000000000e+00
 7.2458830914e-04  0.0000000000e+00
 4.4160038432e-04  0.0000000000e+00
 1.5432902620e-04  0.0000000000e+00
-1.1876353553e-04  0.0000000000e+00
-3.6167767801e-04  0.0000000000e+00
-5.6169655307e-04  0.0000000000e+00
-7.0993042029e-04  0.0000000000e+00
-8.0156125204e-04  0.0000000000e+00
-8.3578485918e-04  0.0000000000e+00
-8.1552039336e-04  0.0000000000e+00
-7.4688070678e-04  0.0000000000e+00
-6.3848633379e-04  0.0000000000e+00
-5.0068693950e-04  0.0000000000e+00
-3.4473977634e-04  0.0000000000e+00
-1.8198553893e-04  0.0000000000e+00
-2.3132408812e-05  0.0000000000e+00
 1.2238368748e-04  0.0000000000e+00
 2.4686406610e-04  0.0000000000e+00
 3.4469508975e-04  0.0000000000e+00
 4.1244235038e-04  0.0000000000e+00
 4.4892056188e-04  0.0000000000e+00
 4.5494552613e-04  0.0000000000e+00
 4.3318900871e-04  0.0000000000e+00
 3.8763869206e-04  0.0000000000e+00
 3.2344107965e-04  0.0000000000e+00
 2.4612555618e-04  0.0000000000e+00
 1.6162680564e-04  0.0000000000e+00
 7.5313043968e-05  0.0000000000e+00
-7.5471269181e-06  0.0000000000e+00
-8.3094615789e-05  0.0000000000e+00
-1.4763930533e-04  0.0000000000e+00
-1.9961370536e-04  0.0000000000e+00
-2.3706528306e-04  0.0000000000e+00
-2.6095108702e-04  0.0000000000e+00
-2.7051749582e-04  0.0000000000e+00
-2.6913683673e-04  0.0000000000e+00
-2.5609893889e-04  0.0000000000e+00
-2.3713159026e-04  0.0000000000e+00
-2.0989355452e-04  0.0000000000e+00
-1.8292193379e-04  0.0000000000e+00
-1.4995980821e-04  0.0000000000e+00
-1.2396147393e-04  0.0000000000e+00
-9.1459517545e-05  0.0000000000e+00
-7.3386172822e-05  0.0000000000e+00
-4.3793620367e-05  0.0000000000e+00
-3.8460852668e-05  0.0000000000e+00
-2.2143634059e-05  0.0000000000e+00
       0
