theoretical   1 FIR_filter   fir    seed
5.1200000000e+03    16            31.5
      64
-1.0970731460e-03  0.0000000000e+00
-9.9332687404e-04  0.0000000000e+00
-1.3331648709e-03  0.0000000000e+00
-1.7052604994e-03  0.0000000000e+00
-2.0538369953e-03  0.0000000000e+00
-2.3506491479e-03  0.0000000000e+00
-2.5715644859e-03  0.0000000000e+00
-2.6937259946e-03  0.0000000000e+00
-2.6933705459e-03  0.0000000000e+00
-2.5470941068e-03  0.0000000000e+00
-2.2311544405e-03  0.0000000000e+00
-1.7230126327e-03  0.0000000000e+00
-9.9927007036e-04  0.0000000000e+00
-3.4656170205e-05  0.0000000000e+00
 1.2197992139e-03  0.0000000000e+00
 3.1138285774e-03  0.0000000000e+00
 6.8975467311e-03  0.0000000000e+00
 8.9671204352e-03  0.0000000000e+00
 1.2359763164e-02  0.0000000000e+00
 1.6074814686e-02  0.0000000000e+00
 1.9968233049e-02  0.0000000000e+00
 2.3963232670e-02  0.0000000000e+00
 2.7991566813e-02  0.0000000000e+00
 3.1987831740e-02  0.0000000000e+00
 3.5884138432e-02  0.0000000000e+00
 3.9613497576e-02  0.0000000000e+00
 4.3108175851e-02  0.0000000000e+00
 4.6303249429e-02  0.0000000000e+00
 4.9131433367e-02  0.0000000000e+00
 5.1518449043e-02  0.0000000000e+00
 5.3326127735e-02  0.0000000000e+00
 5.3598431766e-02  0.0000000000e+00
 5.3598431766e-02  0.0000000000e+00
 5.3326127735e-02  0.0000000000e+00
 5.1518449043e-02  0.0000000000e+00
 4.9131433367e-02  0.0000000000e+00
 4.6303249429e-02  0.0000000000e+00
 4.3108175851e-02  0.0000000000e+00
 3.9613497576e-02  0.0000000000e+00
 3.5884138432e-02  0.0000000000e+00
 3.1987831740e-02  0.0000000000e+00
 2.7991566813e-02  0.0000000000e+00
 2.3963232670e-02  0.0000000000e+00
 1.9968233049e-02  0.0000000000e+00
 1.6074814686e-02  0.0000000000e+00
 1.2359763164e-02  0.0000000000e+00
 8.9671204352e-03  0.0000000000e+00
 6.8975467311e-03  0.0000000000e+00
 3.1138285774e-03  0.0000000000e+00
 1.2197992139e-03  0.0000000000e+00
-3.4656170205e-05  0.0000000000e+00
-9.9927007036e-04  0.0000000000e+00
-1.7230126327e-03  0.0000000000e+00
-2.2311544405e-03  0.0000000000e+00
-2.5470941068e-03  0.0000000000e+00
-2.6933705459e-03  0.0000000000e+00
-2.6937259946e-03  0.0000000000e+00
-2.5715644859e-03  0.0000000000e+00
-2.3506491479e-03  0.0000000000e+00
-2.0538369953e-03  0.0000000000e+00
-1.7052604994e-03  0.0000000000e+00
-1.3331648709e-03  0.0000000000e+00
-9.9332687404e-04  0.0000000000e+00
-1.0970731460e-03  0.0000000000e+00
       0
theoretical   2 FIR_filter   fir    seed
3.2000000000e+02     4            35.5
      72
 1.5384968998e-04  0.0000000000e+00
 3.1275944656e-04  0.0000000000e+00
 4.5284552596e-04  0.0000000000e+00
 3.9576677280e-04  0.0000000000e+00
-4.8437278708e-05  0.0000000000e+00
-9.9246185816e-04  0.0000000000e+00
-2.3546309232e-03  0.0000000000e+00
-3.7891886562e-03  0.0000000000e+00
-4.7283843647e-03  0.0000000000e+00
-4.5645587942e-03  0.0000000000e+00
-2.9339658564e-03  0.0000000000e+00
 7.1652027768e-06  0.0000000000e+00
 3.4608352675e-03  0.0000000000e+00
 6.1376656875e-03  0.0000000000e+00
 6.6973040567e-03  0.0000000000e+00
 4.3551323263e-03  0.0000000000e+00
-5.8889408630e-04  0.0000000000e+00
-6.5779235223e-03  0.0000000000e+00
-1.1165392105e-02  0.0000000000e+00
-1.1896405230e-02  0.0000000000e+00
-7.4274777364e-03  0.0000000000e+00
 1.5716219400e-03  0.0000000000e+00
 1.2199727264e-02  0.0000000000e+00
 2.0053971996e-02  0.0000000000e+00
 2.0806345958e-02  0.0000000000e+00
 1.2133197266e-02  0.0000000000e+00
-4.7474446223e-03  0.0000000000e+00
-2.4651284209e-02  0.0000000000e+00
-3.9501592315e-02  0.0000000000e+00
-4.0740291810e-02  0.0000000000e+00
-2.2357002198e-02  0.0000000000e+00
 1.6522317490e-02  0.0000000000e+00
 7.0503196318e-02  0.0000000000e+00
 1.2881862167e-01  0.0000000000e+00
 1.7812216950e-01  0.0000000000e+00
 2.0634376607e-01  0.0000000000e+00
 2.0634376607e-01  0.0000000000e+00
 1.7812216950e-01  0.0000000000e+00
 1.2881862167e-01  0.0000000000e+00
 7.0503196318e-02  0.0000000000e+00
 1.6522317490e-02  0.0000000000e+00
-2.2357002198e-02  0.0000000000e+00
-4.0740291810e-02  0.0000000000e+00
-3.9501592315e-02  0.0000000000e+00
-2.4651284209e-02  0.0000000000e+00
-4.7474446223e-03  0.0000000000e+00
 1.2133197266e-02  0.0000000000e+00
 2.0806345958e-02  0.0000000000e+00
 2.0053971996e-02  0.0000000000e+00
 1.2199727264e-02  0.0000000000e+00
 1.5716219400e-03  0.0000000000e+00
-7.4274777364e-03  0.0000000000e+00
-1.1896405230e-02  0.0000000000e+00
-1.1165392105e-02  0.0000000000e+00
-6.5779235223e-03  0.0000000000e+00
-5.8889408630e-04  0.0000000000e+00
 4.3551323263e-03  0.0000000000e+00
 6.6973040567e-03  0.0000000000e+00
 6.1376656875e-03  0.0000000000e+00
 3.4608352675e-03  0.0000000000e+00
 7.1652027768e-06  0.0000000000e+00
-2.9339658564e-03  0.0000000000e+00
-4.5645587942e-03  0.0000000000e+00
-4.7283843647e-03  0.0000000000e+00
-3.7891886562e-03  0.0000000000e+00
-2.3546309232e-03  0.0000000000e+00
-9.9246185816e-04  0.0000000000e+00
-4.8437278708e-05  0.0000000000e+00
 3.9576677280e-04  0.0000000000e+00
 4.5284552596e-04  0.0000000000e+00
 3.1275944656e-04  0.0000000000e+00
 1.5384968998e-04  0.0000000000e+00
       0
theoretical   3 FIR_filter   fir    seed
8.0000000000e+01     2            31.5
      64
 2.8496633746e-04  0.0000000000e+00
 1.5365153682e-03  0.0000000000e+00
 2.9503832294e-03  0.0000000000e+00
 2.4902017935e-03  0.0000000000e+00
-4.9754361327e-04  0.0000000000e+00
-2.7819588088e-03  0.0000000000e+00
-8.0005215171e-04  0.0000000000e+00
 3.1810126191e-03  0.0000000000e+00
 2.6836243451e-03  0.0000000000e+00
-2.8842963607e-03  0.0000000000e+00
-5.0397626476e-03  0.0000000000e+00
 1.3249944332e-03  0.0000000000e+00
 7.3211322155e-03  0.0000000000e+00
 1.8083992027e-03  0.0000000000e+00
-8.7251802232e-03  0.0000000000e+00
-6.4968995564e-03  0.0000000000e+00
 8.2963230722e-03  0.0000000000e+00
 1.2293853818e-02  0.0000000000e+00
-5.0748804878e-03  0.0000000000e+00
-1.8288980144e-02  0.0000000000e+00
-1.7731826308e-03  0.0000000000e+00
 2.3110373750e-02  0.0000000000e+00
 1.2908070262e-02  0.0000000000e+00
-2.4901521308e-02  0.0000000000e+00
-2.8999712650e-02  0.0000000000e+00
 2.1039293938e-02  0.0000000000e+00
 5.1631269987e-02  0.0000000000e+00
-6.5443662869e-03  0.0000000000e+00
-8.7407807325e-02  0.0000000000e+00
-3.6214412716e-02  0.0000000000e+00
 1.8427946587e-01  0.0000000000e+00
 3.9944269281e-01  0.0000000000e+00
 3.9944269281e-01  0.0000000000e+00
 1.8427946587e-01  0.0000000000e+00
-3.6214412716e-02  0.0000000000e+00
-8.7407807325e-02  0.0000000000e+00
-6.5443662869e-03  0.0000000000e+00
 5.1631269987e-02  0.0000000000e+00
 2.1039293938e-02  0.0000000000e+00
-2.8999712650e-02  0.0000000000e+00
-2.4901521308e-02  0.0000000000e+00
 1.2908070262e-02  0.0000000000e+00
 2.3110373750e-02  0.0000000000e+00
-1.7731826308e-03  0.0000000000e+00
-1.8288980144e-02  0.0000000000e+00
-5.0748804878e-03  0.0000000000e+00
 1.2293853818e-02  0.0000000000e+00
 8.2963230722e-03  0.0000000000e+00
-6.4968995564e-03  0.0000000000e+00
-8.7251802232e-03  0.0000000000e+00
 1.8083992027e-03  0.0000000000e+00
 7.3211322155e-03  0.0000000000e+00
 1.3249944332e-03  0.0000000000e+00
-5.0397626476e-03  0.0000000000e+00
-2.8842963607e-03  0.0000000000e+00
 2.6836243451e-03  0.0000000000e+00
 3.1810126191e-03  0.0000000000e+00
-8.0005215171e-04  0.0000000000e+00
-2.7819588088e-03  0.0000000000e+00
-4.9754361327e-04  0.0000000000e+00
 2.4902017935e-03  0.0000000000e+00
 2.9503832294e-03  0.0000000000e+00
 1.5365153682e-03  0.0000000000e+00
 2.8496633746e-04  0.0000000000e+00
       0
theoretical   4 FIR_filter   fir    seed
4.0000000000e+01     2            31.5
      64
 2.8522169703e-04  0.0000000000e+00
 1.5378922463e-03  0.0000000000e+00
 2.9530270806e-03  0.0000000000e+00
 2.4924332741e-03  0.0000000000e+00
-4.9798946426e-04  0.0000000000e+00
-2.7844517341e-03  0.0000000000e+00
-8.0076908191e-04  0.0000000000e+00
 3.1838631383e-03  0.0000000000e+00
 2.6860291525e-03  0.0000000000e+00
-2.8868809912e-03  0.0000000000e+00
-5.0442788008e-03  0.0000000000e+00
 1.3261817665e-03  0.0000000000e+00
 7.3276927138e-03  0.0000000000e+00
 1.8100197170e-03  0.0000000000e+00
-8.7329988951e-03  0.0000000000e+00
-6.5027214563e-03  0.0000000000e+00
 8.3037574432e-03  0.0000000000e+00
 1.2304870394e-02  0.0000000000e+00
-5.0794281102e-03  0.0000000000e+00
-1.8305368978e-02  0.0000000000e+00
-1.7747715874e-03  0.0000000000e+00
 2.3131083056e-02  0.0000000000e+00
 1.2919637240e-02  0.0000000000e+00
-2.4923835669e-02  0.0000000000e+00
-2.9025699418e-02  0.0000000000e+00
 2.1058147341e-02  0.0000000000e+00
 5.1677536992e-02  0.0000000000e+00
-6.5502307219e-03  0.0000000000e+00
-8.7486133840e-02  0.0000000000e+00
-3.6246864608e-02  0.0000000000e+00
 1.8444459950e-01  0.0000000000e+00
 3.9980063513e-01  0.0000000000e+00
 3.9980063513e-01  0.0000000000e+00
 1.8444459950e-01  0.0000000000e+00
-3.6246864608e-02  0.0000000000e+00
-8.7486133840e-02  0.0000000000e+00
-6.5502307219e-03  0.0000000000e+00
 5.1677536992e-02  0.0000000000e+00
 2.1058147341e-02  0.0000000000e+00
-2.9025699418e-02  0.0000000000e+00
-2.4923835669e-02  0.0000000000e+00
 1.2919637240e-02  0.0000000000e+00
 2.3131083056e-02  0.0000000000e+00
-1.7747715874e-03  0.0000000000e+00
-1.8305368978e-02  0.0000000000e+00
-5.0794281102e-03  0.0000000000e+00
 1.2304870394e-02  0.0000000000e+00
 8.3037574432e-03  0.0000000000e+00
-6.5027214563e-03  0.0000000000e+00
-8.7329988951e-03  0.0000000000e+00
 1.8100197170e-03  0.0000000000e+00
 7.3276927138e-03  0.0000000000e+00
 1.3261817665e-03  0.0000000000e+00
-5.0442788008e-03  0.0000000000e+00
-2.8868809912e-03  0.0000000000e+00
 2.6860291525e-03  0.0000000000e+00
 3.1838631383e-03  0.0000000000e+00
-8.0076908191e-04  0.0000000000e+00
-2.7844517341e-03  0.0000000000e+00
-4.9798946426e-04  0.0000000000e+00
 2.4924332741e-03  0.0000000000e+00
 2.9530270806e-03  0.0000000000e+00
 1.5378922463e-03  0.0000000000e+00
 2.8522169703e-04  0.0000000000e+00
       0
theoretical   5 FIR_filter   fir    seed
2.0000000000e+01     2            31.5
      64
 2.8617742904e-04  0.0000000000e+00
 1.5430454757e-03  0.0000000000e+00
 2.9629221990e-03  0.0000000000e+00
 2.5007850169e-03  0.0000000000e+00
-4.9965814680e-04  0.0000000000e+00
-2.7937819837e-03  0.0000000000e+00
-8.0345233022e-04  0.0000000000e+00
 3.1945317513e-03  0.0000000000e+00
 2.6950296039e-03  0.0000000000e+00
-2.8965544647e-03  0.0000000000e+00
-5.0611813672e-03  0.0000000000e+00
 1.3306255881e-03  0.0000000000e+00
 7.3522466327e-03  0.0000000000e+00
 1.8160848018e-03  0.0000000000e+00
-8.7622617688e-03  0.0000000000e+00
-6.5245110293e-03  0.0000000000e+00
 8.3315819980e-03  0.0000000000e+00
 1.2346102034e-02  0.0000000000e+00
-5.0964484563e-03  0.0000000000e+00
-1.8366707324e-02  0.0000000000e+00
-1.7807185613e-03  0.0000000000e+00
 2.3208591593e-02  0.0000000000e+00
 1.2962928865e-02  0.0000000000e+00
-2.5007351431e-02  0.0000000000e+00
-2.9122959866e-02  0.0000000000e+00
 2.1128709803e-02  0.0000000000e+00
 5.1850700101e-02  0.0000000000e+00
-6.5721794908e-03  0.0000000000e+00
-8.7779285794e-02  0.0000000000e+00
-3.6368322017e-02  0.0000000000e+00
 1.8506264367e-01  0.0000000000e+00
 4.0114030272e-01  0.0000000000e+00
 4.0114030272e-01  0.0000000000e+00
 1.8506264367e-01  0.0000000000e+00
-3.6368322017e-02  0.0000000000e+00
-8.7779285794e-02  0.0000000000e+00
-6.5721794908e-03  0.0000000000e+00
 5.1850700101e-02  0.0000000000e+00
 2.1128709803e-02  0.0000000000e+00
-2.9122959866e-02  0.0000000000e+00
-2.5007351431e-02  0.0000000000e+00
 1.2962928865e-02  0.0000000000e+00
 2.3208591593e-02  0.0000000000e+00
-1.7807185613e-03  0.0000000000e+00
-1.8366707324e-02  0.0000000000e+00
-5.0964484563e-03  0.0000000000e+00
 1.2346102034e-02  0.0000000000e+00
 8.3315819980e-03  0.0000000000e+00
-6.5245110293e-03  0.0000000000e+00
-8.7622617688e-03  0.0000000000e+00
 1.8160848018e-03  0.0000000000e+00
 7.3522466327e-03  0.0000000000e+00
 1.3306255881e-03  0.0000000000e+00
-5.0611813672e-03  0.0000000000e+00
-2.8965544647e-03  0.0000000000e+00
 2.6950296039e-03  0.0000000000e+00
 3.1945317513e-03  0.0000000000e+00
-8.0345233022e-04  0.0000000000e+00
-2.7937819837e-03  0.0000000000e+00
-4.9965814680e-04  0.0000000000e+00
 2.5007850169e-03  0.0000000000e+00
 2.9629221990e-03  0.0000000000e+00
 1.5430454757e-03  0.0000000000e+00
 2.8617742904e-04  0.0000000000e+00
       0
theoretical   6 FIR_filter   fir    seed
1.0000000000e+01    10           129.5
     260
-2.2143634388e-05  0.0000000000e+00
-3.8460852256e-05  0.0000000000e+00
-4.3793620448e-05  0.0000000000e+00
-7.3386173099e-05  0.0000000000e+00
-9.1459517973e-05  0.0000000000e+00
-1.2396147566e-04  0.0000000000e+00
-1.4995980080e-04  0.0000000000e+00
-1.8292193249e-04  0.0000000000e+00
-2.0989355164e-04  0.0000000000e+00
-2.3713159116e-04  0.0000000000e+00
-2.5609893705e-04  0.0000000000e+00
-2.6913683194e-04  0.0000000000e+00
-2.7051749296e-04  0.0000000000e+00
-2.6095108438e-04  0.0000000000e+00
-2.3706527862e-04  0.0000000000e+00
-1.9961370818e-04  0.0000000000e+00
-1.4763931210e-04  0.0000000000e+00
-8.3094616538e-05  0.0000000000e+00
-7.5471269299e-06  0.0000000000e+00
 7.5313043385e-05  0.0000000000e+00
 1.6162680652e-04  0.0000000000e+00
 2.4612556152e-04  0.0000000000e+00
 3.2344108849e-04  0.0000000000e+00
 3.8763869543e-04  0.0000000000e+00
 4.3318900699e-04  0.0000000000e+00
 4.5494553020e-04  0.0000000000e+00
 4.4892056114e-04  0.0000000000e+00
 4.1244234471e-04  0.0000000000e+00
 3.4469508668e-04  0.0000000000e+00
 2.4686406114e-04  0.0000000000e+00
 1.2238368737e-04  0.0000000000e+00
-2.3132408321e-05  0.0000000000e+00
-1.8198554546e-04  0.0000000000e+00
-3.4473977513e-04  0.0000000000e+00
-5.0068694789e-04  0.0000000000e+00
-6.3848633969e-04  0.0000000000e+00
-7.4688070230e-04  0.0000000000e+00
-8.1552039905e-04  0.0000000000e+00
-8.3578486017e-04  0.0000000000e+00
-8.0156124999e-04  0.0000000000e+00
-7.0993042663e-04  0.0000000000e+00
-5.6169655212e-04  0.0000000000e+00
-3.6167767735e-04  0.0000000000e+00
-1.1876353296e-04  0.0000000000e+00
 1.5432902683e-04  0.0000000000e+00
 4.4160037721e-04  0.0000000000e+00
 7.2458830779e-04  0.0000000000e+00
 9.8344055537e-04  0.0000000000e+00
 1.1981989267e-03  0.0000000000e+00
 1.3501896615e-03  0.0000000000e+00
 1.4234465111e-03  0.0000000000e+00
 1.4060985314e-03  0.0000000000e+00
 1.2915359727e-03  0.0000000000e+00
 1.0793502577e-03  0.0000000000e+00
 7.7588693610e-04  0.0000000000e+00
 3.9437994991e-04  0.0000000000e+00
-4.5405917262e-05  0.0000000000e+00
-5.1799780061e-04  0.0000000000e+00
-9.9354440556e-04  0.0000000000e+00
-1.4395342526e-03  0.0000000000e+00
-1.8228578223e-03  0.0000000000e+00
-2.1120815017e-03  0.0000000000e+00
-2.2797673038e-03  0.0000000000e+00
-2.3047215215e-03  0.0000000000e+00
-2.1739628008e-03  0.0000000000e+00
-1.8842737333e-03  0.0000000000e+00
-1.4431960449e-03  0.0000000000e+00
-8.6934280450e-04  0.0000000000e+00
-1.9195532031e-04  0.0000000000e+00
 5.5029937742e-04  0.0000000000e+00
 1.3112985089e-03  0.0000000000e+00
 2.0400973927e-03  0.0000000000e+00
 2.6840785412e-03  0.0000000000e+00
 3.1924956606e-03  0.0000000000e+00
 3.5200945951e-03  0.0000000000e+00
 3.6306789017e-03  0.0000000000e+00
 3.5002707473e-03  0.0000000000e+00
 3.1196817947e-03  0.0000000000e+00
 2.4962513314e-03  0.0000000000e+00
 1.6545636052e-03  0.0000000000e+00
 6.3604569827e-04  0.0000000000e+00
-5.0262626453e-04  0.0000000000e+00
-1.6922865370e-03  0.0000000000e+00
-2.8550723686e-03  0.0000000000e+00
-3.9091068402e-03  0.0000000000e+00
-4.7737789117e-03  0.0000000000e+00
-5.3753179363e-03  0.0000000000e+00
-5.6523200052e-03  0.0000000000e+00
-5.5608259077e-03  0.0000000000e+00
-5.0785969394e-03  0.0000000000e+00
-4.2082511953e-03  0.0000000000e+00
-2.9789471879e-03  0.0000000000e+00
-1.4464433588e-03  0.0000000000e+00
 3.0861721595e-04  0.0000000000e+00
 2.1841853334e-03  0.0000000000e+00
 4.0619290322e-03  0.0000000000e+00
 5.8138339404e-03  0.0000000000e+00
 7.3098515715e-03  0.0000000000e+00
 8.4263156458e-03  0.0000000000e+00
 9.0544867053e-03  0.0000000000e+00
 9.1088349802e-03  0.0000000000e+00
 8.5344253846e-03  0.0000000000e+00
 7.3129371549e-03  0.0000000000e+00
 5.4668600429e-03  0.0000000000e+00
 3.0614823917e-03  0.0000000000e+00
 2.0443614989e-04  0.0000000000e+00
-2.9573154983e-03  0.0000000000e+00
-6.2430256816e-03  0.0000000000e+00
-9.4460291288e-03  0.0000000000e+00
-1.2343609634e-02  0.0000000000e+00
-1.4708374707e-02  0.0000000000e+00
-1.6320566502e-02  0.0000000000e+00
-1.6980634291e-02  0.0000000000e+00
-1.6521351461e-02  0.0000000000e+00
-1.4818797583e-02  0.0000000000e+00
-1.1801500145e-02  0.0000000000e+00
-7.4571751239e-03  0.0000000000e+00
-1.8365942192e-03  0.0000000000e+00
 4.9457447229e-03  0.0000000000e+00
 1.2714283712e-02  0.0000000000e+00
 2.1238352239e-02  0.0000000000e+00
 3.0241201281e-02  0.0000000000e+00
 3.9411664013e-02  0.0000000000e+00
 4.8417944704e-02  0.0000000000e+00
 5.6922755590e-02  0.0000000000e+00
 6.4599127855e-02  0.0000000000e+00
 7.1145953572e-02  0.0000000000e+00
 7.6302507449e-02  0.0000000000e+00
 7.9861145231e-02  0.0000000000e+00
 8.1677477620e-02  0.0000000000e+00
 8.1677477620e-02  0.0000000000e+00
 7.9861145231e-02  0.0000000000e+00
 7.6302507449e-02  0.0000000000e+00
 7.1145953572e-02  0.0000000000e+00
 6.4599127855e-02  0.0000000000e+00
 5.6922755590e-02  0.0000000000e+00
 4.8417944704e-02  0.0000000000e+00
 3.9411664013e-02  0.0000000000e+00
 3.0241201281e-02  0.0000000000e+00
 2.1238352239e-02  0.0000000000e+00
 1.2714283712e-02  0.0000000000e+00
 4.9457447229e-03  0.0000000000e+00
-1.8365942192e-03  0.0000000000e+00
-7.4571751239e-03  0.0000000000e+00
-1.1801500145e-02  0.0000000000e+00
-1.4818797583e-02  0.0000000000e+00
-1.6521351461e-02  0.0000000000e+00
-1.6980634291e-02  0.0000000000e+00
-1.6320566502e-02  0.0000000000e+00
-1.4708374707e-02  0.0000000000e+00
-1.2343609634e-02  0.0000000000e+00
-9.4460291288e-03  0.0000000000e+00
-6.2430256816e-03  0.0000000000e+00
-2.9573154983e-03  0.0000000000e+00
 2.0443614989e-04  0.0000000000e+00
 3.0614823917e-03  0.0000000000e+00
 5.4668600429e-03  0.0000000000e+00
 7.3129371549e-03  0.0000000000e+00
 8.5344253846e-03  0.0000000000e+00
 9.1088349802e-03  0.0000000000e+00
 9.0544867053e-03  0.0000000000e+00
 8.4263156458e-03  0.0000000000e+00
 7.3098515715e-03  0.0000000000e+00
 5.8138339404e-03  0.0000000000e+00
 4.0619290322e-03  0.0000000000e+00
 2.1841853334e-03  0.0000000000e+00
 3.0861721595e-04  0.0000000000e+00
-1.4464433588e-03  0.0000000000e+00
-2.9789471879e-03  0.0000000000e+00
-4.2082511953e-03  0.0000000000e+00
-5.0785969394e-03  0.0000000000e+00
-5.5608259077e-03  0.0000000000e+00
-5.6523200052e-03  0.0000000000e+00
-5.3753179363e-03  0.0000000000e+00
-4.7737789117e-03  0.0000000000e+00
-3.9091068402e-03  0.0000000000e+00
-2.8550723686e-03  0.0000000000e+00
-1.6922865370e-03  0.0000000000e+00
-5.0262626453e-04  0.0000000000e+00
 6.3604569827e-04  0.0000000000e+00
 1.6545636052e-03  0.0000000000e+00
 2.4962513314e-03  0.0000000000e+00
 3.1196817947e-03  0.0000000000e+00
 3.5002707473e-03  0.0000000000e+00
 3.6306789017e-03  0.0000000000e+00
 3.5200945951e-03  0.0000000000e+00
 3.1924956606e-03  0.0000000000e+00
 2.6840785412e-03  0.0000000000e+00
 2.0400973927e-03  0.0000000000e+00
 1.3112985089e-03  0.0000000000e+00
 5.5029937742e-04  0.0000000000e+00
-1.9195532031e-04  0.0000000000e+00
-8.6934280450e-04  0.0000000000e+00
-1.4431960449e-03  0.0000000000e+00
-1.8842737333e-03  0.0000000000e+00
-2.1739628008e-03  0.0000000000e+00
-2.3047215215e-03  0.0000000000e+00
-2.2797673038e-03  0.0000000000e+00
-2.1120815017e-03  0.0000000000e+00
-1.8228578223e-03  0.0000000000e+00
-1.4395342526e-03  0.0000000000e+00
-9.9354440556e-04  0.0000000000e+00
-5.1799780061e-04  0.0000000000e+00
-4.5405917262e-05  0.0000000000e+00
 3.9437994991e-04  0.0000000000e+00
 7.7588693610e-04  0.0000000000e+00
 1.0793502577e-03  0.0000000000e+00
 1.2915359727e-03  0.0000000000e+00
 1.4060985314e-03  0.0000000000e+00
 1.4234465111e-03  0.0000000000e+00
 1.3501896615e-03  0.0000000000e+00
 1.1981989267e-03  0.0000000000e+00
 9.8344055537e-04  0.0000000000e+00
 7.2458830779e-04  0.0000000000e+00
 4.4160037721e-04  0.0000000000e+00
 1.5432902683e-04  0.0000000000e+00
-1.1876353296e-04  0.0000000000e+00
-3.6167767735e-04  0.0000000000e+00
-5.6169655212e-04  0.0000000000e+00
-7.0993042663e-04  0.0000000000e+00
-8.0156124999e-04  0.0000000000e+00
-8.3578486017e-04  0.0000000000e+00
-8.1552039905e-04  0.0000000000e+00
-7.4688070230e-04  0.0000000000e+00
-6.3848633969e-04  0.0000000000e+00
-5.0068694789e-04  0.0000000000e+00
-3.4473977513e-04  0.0000000000e+00
-1.8198554546e-04  0.0000000000e+00
-2.3132408321e-05  0.0000000000e+00
 1.2238368737e-04  0.0000000000e+00
 2.4686406114e-04  0.0000000000e+00
 3.4469508668e-04  0.0000000000e+00
 4.1244234471e-04  0.0000000000e+00
 4.4892056114e-04  0.0000000000e+00
 4.5494553020e-04  0.0000000000e+00
 4.3318900699e-04  0.0000000000e+00
 3.8763869543e-04  0.0000000000e+00
 3.2344108849e-04  0.0000000000e+00
 2.4612556152e-04  0.0000000000e+00
 1.6162680652e-04  0.0000000000e+00
 7.5313043385e-05  0.0000000000e+00
-7.5471269299e-06  0.0000000000e+00
-8.3094616538e-05  0.0000000000e+00
-1.4763931210e-04  0.0000000000e+00
-1.9961370818e-04  0.0000000000e+00
-2.3706527862e-04  0.0000000000e+00
-2.6095108438e-04  0.0000000000e+00
-2.7051749296e-04  0.0000000000e+00
-2.6913683194e-04  0.0000000000e+00
-2.5609893705e-04  0.0000000000e+00
-2.3713159116e-04  0.0000000000e+00
-2.0989355164e-04  0.0000000000e+00
-1.8292193249e-04  0.0000000000e+00
-1.4995980080e-04  0.0000000000e+00
-1.2396147566e-04  0.0000000000e+00
-9.1459517973e-05  0.0000000000e+00
-7.3386173099e-05  0.0000000000e+00
-4.3793620448e-05  0.0000000000e+00
-3.8460852256e-05  0.0000000000e+00
-2.2143634388e-05  0.0000000000e+00
       0
