# Nanometrics Centaur Datalogger
# 2024-07-10
# Frank Vernon - BRTT
# 
# input sample rate 6khz
# decimation factor 3
#
theoretical   1 FIR_filter   fir    seed
6000     3              27
      55
 1.9879403874e-07  0.0000000000e+00
 1.1061402156e-06  0.0000000000e+00
 1.8725603649e-06  0.0000000000e+00
-2.8229405502e-06  0.0000000000e+00
-1.8017603511e-05  0.0000000000e+00
-2.7082405278e-05  0.0000000000e+00
 1.8972603698e-05  0.0000000000e+00
 1.3773202684e-04  0.0000000000e+00
 1.9192503740e-04  0.0000000000e+00
-8.1550615893e-05  0.0000000000e+00
-6.8032913259e-04  0.0000000000e+00
-8.9937617528e-04  0.0000000000e+00
 2.5328304936e-04  0.0000000000e+00
 2.4851104843e-03  0.0000000000e+00
 3.1666106171e-03  0.0000000000e+00
-6.0611911813e-04  0.0000000000e+00
-7.2787914186e-03  0.0000000000e+00
-9.0743817685e-03  0.0000000000e+00
 1.1607202262e-03  0.0000000000e+00
 1.8304703567e-02  0.0000000000e+00
 2.2813904446e-02  0.0000000000e+00
-1.8208203549e-03  0.0000000000e+00
-4.3562008490e-02  0.0000000000e+00
-5.7300811167e-02  0.0000000000e+00
 2.3733604625e-03  0.0000000000e+00
 1.3351302602e-01  0.0000000000e+00
 2.7155805292e-01  0.0000000000e+00
 3.3074306446e-01  0.0000000000e+00
 2.7155805292e-01  0.0000000000e+00
 1.3351302602e-01  0.0000000000e+00
 2.3733604625e-03  0.0000000000e+00
-5.7300811167e-02  0.0000000000e+00
-4.3562008490e-02  0.0000000000e+00
-1.8208203549e-03  0.0000000000e+00
 2.2813904446e-02  0.0000000000e+00
 1.8304703567e-02  0.0000000000e+00
 1.1607202262e-03  0.0000000000e+00
-9.0743817685e-03  0.0000000000e+00
-7.2787914186e-03  0.0000000000e+00
-6.0611911813e-04  0.0000000000e+00
 3.1666106171e-03  0.0000000000e+00
 2.4851104843e-03  0.0000000000e+00
 2.5328304936e-04  0.0000000000e+00
-8.9937617528e-04  0.0000000000e+00
-6.8032913259e-04  0.0000000000e+00
-8.1550615893e-05  0.0000000000e+00
 1.9192503740e-04  0.0000000000e+00
 1.3773202684e-04  0.0000000000e+00
 1.8972603698e-05  0.0000000000e+00
-2.7082405278e-05  0.0000000000e+00
-1.8017603511e-05  0.0000000000e+00
-2.8229405502e-06  0.0000000000e+00
 1.8725603649e-06  0.0000000000e+00
 1.1061402156e-06  0.0000000000e+00
 1.9879403874e-07  0.0000000000e+00
       0
