# Nanometrics Centaur Datalogger
# 2016-06-20
# Nikolaus Horn / ZAMG
# 
# input sample rate 30khz
# decimation factor 15
#
theoretical   1 FIR_filter   fir    seed
3.0000000000e+04    15              82
     165
-4.0479112497e-10  0.0000000000e+00
-1.3902904292e-10  0.0000000000e+00
 6.7280020772e-10  0.0000000000e+00
 2.7579708515e-09  0.0000000000e+00
 7.5465123299e-09  0.0000000000e+00
 1.7666805454e-08  0.0000000000e+00
 3.7693611637e-08  0.0000000000e+00
 7.5231323227e-08  0.0000000000e+00
 1.4242504397e-07  0.0000000000e+00
 2.5799907965e-07  0.0000000000e+00
 4.4990413890e-07  0.0000000000e+00
 7.5865523423e-07  0.0000000000e+00
 1.2413903833e-06  0.0000000000e+00
 1.9765806102e-06  0.0000000000e+00
 3.0693909476e-06  0.0000000000e+00
 4.6572814379e-06  0.0000000000e+00
 6.9156921351e-06  0.0000000000e+00
 1.0063103107e-05  0.0000000000e+00
 1.4364904435e-05  0.0000000000e+00
 2.0135006216e-05  0.0000000000e+00
 2.7734608563e-05  0.0000000000e+00
 3.7566111598e-05  0.0000000000e+00
 5.0061715456e-05  0.0000000000e+00
 6.5665220273e-05  0.0000000000e+00
 8.4804926182e-05  0.0000000000e+00
 1.0785903330e-04  0.0000000000e+00
 1.3510804171e-04  0.0000000000e+00
 1.6668505146e-04  0.0000000000e+00
 2.0250506252e-04  0.0000000000e+00
 2.4220007478e-04  0.0000000000e+00
 2.8503808800e-04  0.0000000000e+00
 3.2985010184e-04  0.0000000000e+00
 3.7495611576e-04  0.0000000000e+00
 4.1809912908e-04  0.0000000000e+00
 4.5640014091e-04  0.0000000000e+00
 4.8633915015e-04  0.0000000000e+00
 5.0375715553e-04  0.0000000000e+00
 5.0391315558e-04  0.0000000000e+00
 4.8158014868e-04  0.0000000000e+00
 4.3119513313e-04  0.0000000000e+00
 3.4706810715e-04  0.0000000000e+00
 2.2365506905e-04  0.0000000000e+00
 5.5881817253e-05  0.0000000000e+00
-1.6047604955e-04  0.0000000000e+00
-4.2836513225e-04  0.0000000000e+00
-7.4900823125e-04  0.0000000000e+00
-1.1214303462e-03  0.0000000000e+00
-1.5420104761e-03  0.0000000000e+00
-2.0040606187e-03  0.0000000000e+00
-2.4974607711e-03  0.0000000000e+00
-3.0084109288e-03  0.0000000000e+00
-3.5192510865e-03  0.0000000000e+00
-4.0085212376e-03  0.0000000000e+00
-4.4510713742e-03  0.0000000000e+00
-4.8184714876e-03  0.0000000000e+00
-5.0795315682e-03  0.0000000000e+00
-5.2010716058e-03  0.0000000000e+00
-5.1488915897e-03  0.0000000000e+00
-4.8888415094e-03  0.0000000000e+00
-4.3881313548e-03  0.0000000000e+00
-3.6166411166e-03  0.0000000000e+00
-2.5484007868e-03  0.0000000000e+00
-1.1629303590e-03  0.0000000000e+00
 5.5335017084e-04  0.0000000000e+00
 2.6059508046e-03  0.0000000000e+00
 4.9912915410e-03  0.0000000000e+00
 7.6959223760e-03  0.0000000000e+00
 1.0696103302e-02  0.0000000000e+00
 1.3957604309e-02  0.0000000000e+00
 1.7436305383e-02  0.0000000000e+00
 2.1078306508e-02  0.0000000000e+00
 2.4821707663e-02  0.0000000000e+00
 2.8597608829e-02  0.0000000000e+00
 3.2331809982e-02  0.0000000000e+00
 3.5947411098e-02  0.0000000000e+00
 3.9366412154e-02  0.0000000000e+00
 4.2512713125e-02  0.0000000000e+00
 4.5314113990e-02  0.0000000000e+00
 4.7704714728e-02  0.0000000000e+00
 4.9627515322e-02  0.0000000000e+00
 5.1035615757e-02  0.0000000000e+00
 5.1894716022e-02  0.0000000000e+00
 5.2183416111e-02  0.0000000000e+00
 5.1894716022e-02  0.0000000000e+00
 5.1035615757e-02  0.0000000000e+00
 4.9627515322e-02  0.0000000000e+00
 4.7704714728e-02  0.0000000000e+00
 4.5314113990e-02  0.0000000000e+00
 4.2512713125e-02  0.0000000000e+00
 3.9366412154e-02  0.0000000000e+00
 3.5947411098e-02  0.0000000000e+00
 3.2331809982e-02  0.0000000000e+00
 2.8597608829e-02  0.0000000000e+00
 2.4821707663e-02  0.0000000000e+00
 2.1078306508e-02  0.0000000000e+00
 1.7436305383e-02  0.0000000000e+00
 1.3957604309e-02  0.0000000000e+00
 1.0696103302e-02  0.0000000000e+00
 7.6959223760e-03  0.0000000000e+00
 4.9912915410e-03  0.0000000000e+00
 2.6059508046e-03  0.0000000000e+00
 5.5335017084e-04  0.0000000000e+00
-1.1629303590e-03  0.0000000000e+00
-2.5484007868e-03  0.0000000000e+00
-3.6166411166e-03  0.0000000000e+00
-4.3881313548e-03  0.0000000000e+00
-4.8888415094e-03  0.0000000000e+00
-5.1488915897e-03  0.0000000000e+00
-5.2010716058e-03  0.0000000000e+00
-5.0795315682e-03  0.0000000000e+00
-4.8184714876e-03  0.0000000000e+00
-4.4510713742e-03  0.0000000000e+00
-4.0085212376e-03  0.0000000000e+00
-3.5192510865e-03  0.0000000000e+00
-3.0084109288e-03  0.0000000000e+00
-2.4974607711e-03  0.0000000000e+00
-2.0040606187e-03  0.0000000000e+00
-1.5420104761e-03  0.0000000000e+00
-1.1214303462e-03  0.0000000000e+00
-7.4900823125e-04  0.0000000000e+00
-4.2836513225e-04  0.0000000000e+00
-1.6047604955e-04  0.0000000000e+00
 5.5881817253e-05  0.0000000000e+00
 2.2365506905e-04  0.0000000000e+00
 3.4706810715e-04  0.0000000000e+00
 4.3119513313e-04  0.0000000000e+00
 4.8158014868e-04  0.0000000000e+00
 5.0391315558e-04  0.0000000000e+00
 5.0375715553e-04  0.0000000000e+00
 4.8633915015e-04  0.0000000000e+00
 4.5640014091e-04  0.0000000000e+00
 4.1809912908e-04  0.0000000000e+00
 3.7495611576e-04  0.0000000000e+00
 3.2985010184e-04  0.0000000000e+00
 2.8503808800e-04  0.0000000000e+00
 2.4220007478e-04  0.0000000000e+00
 2.0250506252e-04  0.0000000000e+00
 1.6668505146e-04  0.0000000000e+00
 1.3510804171e-04  0.0000000000e+00
 1.0785903330e-04  0.0000000000e+00
 8.4804926182e-05  0.0000000000e+00
 6.5665220273e-05  0.0000000000e+00
 5.0061715456e-05  0.0000000000e+00
 3.7566111598e-05  0.0000000000e+00
 2.7734608563e-05  0.0000000000e+00
 2.0135006216e-05  0.0000000000e+00
 1.4364904435e-05  0.0000000000e+00
 1.0063103107e-05  0.0000000000e+00
 6.9156921351e-06  0.0000000000e+00
 4.6572814379e-06  0.0000000000e+00
 3.0693909476e-06  0.0000000000e+00
 1.9765806102e-06  0.0000000000e+00
 1.2413903833e-06  0.0000000000e+00
 7.5865523423e-07  0.0000000000e+00
 4.4990413890e-07  0.0000000000e+00
 2.5799907965e-07  0.0000000000e+00
 1.4242504397e-07  0.0000000000e+00
 7.5231323227e-08  0.0000000000e+00
 3.7693611637e-08  0.0000000000e+00
 1.7666805454e-08  0.0000000000e+00
 7.5465123299e-09  0.0000000000e+00
 2.7579708515e-09  0.0000000000e+00
 6.7280020772e-10  0.0000000000e+00
-1.3902904292e-10  0.0000000000e+00
-4.0479112497e-10  0.0000000000e+00
       0
