# Nanometrics Centaur Datalogger
# 2016-06-20
# Nikolaus Horn / ZAMG
# 
# input sample rate 30khz
# decimation factor 15
#
theoretical   1 FIR_filter   fir    seed
3.0000000000e+04    15              86
     173
-4.3625108766e-10  0.0000000000e+00
-1.8063803630e-09  0.0000000000e+00
-5.5703911193e-09  0.0000000000e+00
-1.4385702891e-08  0.0000000000e+00
-3.2956406622e-08  0.0000000000e+00
-6.9106013886e-08  0.0000000000e+00
-1.3519702717e-07  0.0000000000e+00
-2.4992105022e-07  0.0000000000e+00
-4.4043208850e-07  0.0000000000e+00
-7.4475814965e-07  0.0000000000e+00
-1.2143502440e-06  0.0000000000e+00
-1.9164803851e-06  0.0000000000e+00
-2.9362805900e-06  0.0000000000e+00
-4.3777208796e-06  0.0000000000e+00
-6.3632512786e-06  0.0000000000e+00
-9.0312218147e-06  0.0000000000e+00
-1.2530502518e-05  0.0000000000e+00
-1.7011603418e-05  0.0000000000e+00
-2.2613404544e-05  0.0000000000e+00
-2.9445405917e-05  0.0000000000e+00
-3.7565307548e-05  0.0000000000e+00
-4.6951409434e-05  0.0000000000e+00
-5.7471011548e-05  0.0000000000e+00
-6.8847213834e-05  0.0000000000e+00
-8.0623316200e-05  0.0000000000e+00
-9.2130518512e-05  0.0000000000e+00
-1.0246002059e-04  0.0000000000e+00
-1.1044802219e-04  0.0000000000e+00
-1.1466602304e-04  0.0000000000e+00
-1.1344202279e-04  0.0000000000e+00
-1.0489602108e-04  0.0000000000e+00
-8.7005817483e-05  0.0000000000e+00
-5.7704711595e-05  0.0000000000e+00
-1.5008703016e-05  0.0000000000e+00
 4.2822008605e-05  0.0000000000e+00
 1.1709502353e-04  0.0000000000e+00
 2.0847204189e-04  0.0000000000e+00
 3.1674606365e-04  0.0000000000e+00
 4.4061108854e-04  0.0000000000e+00
 5.7745011603e-04  0.0000000000e+00
 7.2315314531e-04  0.0000000000e+00
 8.7198117521e-04  0.0000000000e+00
 1.0165102043e-03  0.0000000000e+00
 1.1476802306e-03  0.0000000000e+00
 1.2548802522e-03  0.0000000000e+00
 1.3262802665e-03  0.0000000000e+00
 1.3492002711e-03  0.0000000000e+00
 1.3106602634e-03  0.0000000000e+00
 1.1980102407e-03  0.0000000000e+00
 9.9978120089e-04  0.0000000000e+00
 7.0651914197e-04  0.0000000000e+00
 3.1174406264e-04  0.0000000000e+00
-1.8709003759e-04  0.0000000000e+00
-7.8766915827e-04  0.0000000000e+00
-1.4819902978e-03  0.0000000000e+00
-2.2556504532e-03  0.0000000000e+00
-3.0874106204e-03  0.0000000000e+00
-3.9489407935e-03  0.0000000000e+00
-4.8049509655e-03  0.0000000000e+00
-5.6136611280e-03  0.0000000000e+00
-6.3276012715e-03  0.0000000000e+00
-6.8948513854e-03  0.0000000000e+00
-7.2606314589e-03  0.0000000000e+00
-7.3692014807e-03  0.0000000000e+00
-7.1660614399e-03  0.0000000000e+00
-6.6003513263e-03  0.0000000000e+00
-5.6273211307e-03  0.0000000000e+00
-4.2108108461e-03  0.0000000000e+00
-2.3256004673e-03  0.0000000000e+00
 4.0499208138e-05  0.0000000000e+00
 2.8849105797e-03  0.0000000000e+00
 6.1890612436e-03  0.0000000000e+00
 9.9177219928e-03  0.0000000000e+00
 1.4019002817e-02  0.0000000000e+00
 1.8424903702e-02  0.0000000000e+00
 2.3053004632e-02  0.0000000000e+00
 2.7808105588e-02  0.0000000000e+00
 3.2585206548e-02  0.0000000000e+00
 3.7272707489e-02  0.0000000000e+00
 4.1755708390e-02  0.0000000000e+00
 4.5920509227e-02  0.0000000000e+00
 4.9657909978e-02  0.0000000000e+00
 5.2867810623e-02  0.0000000000e+00
 5.5462311144e-02  0.0000000000e+00
 5.7369411528e-02  0.0000000000e+00
 5.8535711762e-02  0.0000000000e+00
 5.8928111841e-02  0.0000000000e+00
 5.8535711762e-02  0.0000000000e+00
 5.7369411528e-02  0.0000000000e+00
 5.5462311144e-02  0.0000000000e+00
 5.2867810623e-02  0.0000000000e+00
 4.9657909978e-02  0.0000000000e+00
 4.5920509227e-02  0.0000000000e+00
 4.1755708390e-02  0.0000000000e+00
 3.7272707489e-02  0.0000000000e+00
 3.2585206548e-02  0.0000000000e+00
 2.7808105588e-02  0.0000000000e+00
 2.3053004632e-02  0.0000000000e+00
 1.8424903702e-02  0.0000000000e+00
 1.4019002817e-02  0.0000000000e+00
 9.9177219928e-03  0.0000000000e+00
 6.1890612436e-03  0.0000000000e+00
 2.8849105797e-03  0.0000000000e+00
 4.0499208138e-05  0.0000000000e+00
-2.3256004673e-03  0.0000000000e+00
-4.2108108461e-03  0.0000000000e+00
-5.6273211307e-03  0.0000000000e+00
-6.6003513263e-03  0.0000000000e+00
-7.1660614399e-03  0.0000000000e+00
-7.3692014807e-03  0.0000000000e+00
-7.2606314589e-03  0.0000000000e+00
-6.8948513854e-03  0.0000000000e+00
-6.3276012715e-03  0.0000000000e+00
-5.6136611280e-03  0.0000000000e+00
-4.8049509655e-03  0.0000000000e+00
-3.9489407935e-03  0.0000000000e+00
-3.0874106204e-03  0.0000000000e+00
-2.2556504532e-03  0.0000000000e+00
-1.4819902978e-03  0.0000000000e+00
-7.8766915827e-04  0.0000000000e+00
-1.8709003759e-04  0.0000000000e+00
 3.1174406264e-04  0.0000000000e+00
 7.0651914197e-04  0.0000000000e+00
 9.9978120089e-04  0.0000000000e+00
 1.1980102407e-03  0.0000000000e+00
 1.3106602634e-03  0.0000000000e+00
 1.3492002711e-03  0.0000000000e+00
 1.3262802665e-03  0.0000000000e+00
 1.2548802522e-03  0.0000000000e+00
 1.1476802306e-03  0.0000000000e+00
 1.0165102043e-03  0.0000000000e+00
 8.7198117521e-04  0.0000000000e+00
 7.2315314531e-04  0.0000000000e+00
 5.7745011603e-04  0.0000000000e+00
 4.4061108854e-04  0.0000000000e+00
 3.1674606365e-04  0.0000000000e+00
 2.0847204189e-04  0.0000000000e+00
 1.1709502353e-04  0.0000000000e+00
 4.2822008605e-05  0.0000000000e+00
-1.5008703016e-05  0.0000000000e+00
-5.7704711595e-05  0.0000000000e+00
-8.7005817483e-05  0.0000000000e+00
-1.0489602108e-04  0.0000000000e+00
-1.1344202279e-04  0.0000000000e+00
-1.1466602304e-04  0.0000000000e+00
-1.1044802219e-04  0.0000000000e+00
-1.0246002059e-04  0.0000000000e+00
-9.2130518512e-05  0.0000000000e+00
-8.0623316200e-05  0.0000000000e+00
-6.8847213834e-05  0.0000000000e+00
-5.7471011548e-05  0.0000000000e+00
-4.6951409434e-05  0.0000000000e+00
-3.7565307548e-05  0.0000000000e+00
-2.9445405917e-05  0.0000000000e+00
-2.2613404544e-05  0.0000000000e+00
-1.7011603418e-05  0.0000000000e+00
-1.2530502518e-05  0.0000000000e+00
-9.0312218147e-06  0.0000000000e+00
-6.3632512786e-06  0.0000000000e+00
-4.3777208796e-06  0.0000000000e+00
-2.9362805900e-06  0.0000000000e+00
-1.9164803851e-06  0.0000000000e+00
-1.2143502440e-06  0.0000000000e+00
-7.4475814965e-07  0.0000000000e+00
-4.4043208850e-07  0.0000000000e+00
-2.4992105022e-07  0.0000000000e+00
-1.3519702717e-07  0.0000000000e+00
-6.9106013886e-08  0.0000000000e+00
-3.2956406622e-08  0.0000000000e+00
-1.4385702891e-08  0.0000000000e+00
-5.5703911193e-09  0.0000000000e+00
-1.8063803630e-09  0.0000000000e+00
-4.3625108766e-10  0.0000000000e+00
       0
