# Nanometrics Centaur Datalogger
# 2016-06-20
# Nikolaus Horn / ZAMG
# 
# input sample rate 2khz
# decimation factor 5
#
theoretical   1 FIR_filter   fir    seed
2000     5              47
      95
 6.1534414956e-09  0.0000000000e+00
 3.5305265956e-08  0.0000000000e+00
 1.0898620360e-07  0.0000000000e+00
 2.1428640032e-07  0.0000000000e+00
 2.2567042159e-07  0.0000000000e+00
-1.6821931426e-07  0.0000000000e+00
-1.4144526424e-06  0.0000000000e+00
-3.7709170447e-06  0.0000000000e+00
-6.6608024434e-06  0.0000000000e+00
-7.9628248758e-06  0.0000000000e+00
-3.8996372851e-06  0.0000000000e+00
 9.6039379417e-06  0.0000000000e+00
 3.3628462823e-05  0.0000000000e+00
 6.1831515511e-05  0.0000000000e+00
 7.7481544748e-05  0.0000000000e+00
 5.5815904273e-05  0.0000000000e+00
-2.5205247087e-05  0.0000000000e+00
-1.6656131116e-04  0.0000000000e+00
-3.2941561540e-04  0.0000000000e+00
-4.2892780130e-04  0.0000000000e+00
-3.5431166191e-04  0.0000000000e+00
-2.0297537919e-05  0.0000000000e+00
 5.6229705046e-04  0.0000000000e+00
 1.2295322970e-03  0.0000000000e+00
 1.6645531096e-03  0.0000000000e+00
 1.4885627809e-03  0.0000000000e+00
 4.3948282102e-04  0.0000000000e+00
-1.4185426501e-03  0.0000000000e+00
-3.5580166469e-03  0.0000000000e+00
-5.0354394070e-03  0.0000000000e+00
-4.7839089371e-03  0.0000000000e+00
-2.1051539328e-03  0.0000000000e+00
 2.8110252514e-03  0.0000000000e+00
 8.5947060563e-03  0.0000000000e+00
 1.2868124040e-02  0.0000000000e+00
 1.2973524237e-02  0.0000000000e+00
 7.1102332830e-03  0.0000000000e+00
-4.5056084172e-03  0.0000000000e+00
-1.8968935437e-02  0.0000000000e+00
-3.0934857791e-02  0.0000000000e+00
-3.3926363380e-02  0.0000000000e+00
-2.2421341887e-02  0.0000000000e+00
 5.9433011030e-03  0.0000000000e+00
 4.8878391313e-02  0.0000000000e+00
 9.9335285574e-02  0.0000000000e+00
 1.4701227464e-01  0.0000000000e+00
 1.8111233835e-01  0.0000000000e+00
 1.9348836147e-01  0.0000000000e+00
 1.8111233835e-01  0.0000000000e+00
 1.4701227464e-01  0.0000000000e+00
 9.9335285574e-02  0.0000000000e+00
 4.8878391313e-02  0.0000000000e+00
 5.9433011030e-03  0.0000000000e+00
-2.2421341887e-02  0.0000000000e+00
-3.3926363380e-02  0.0000000000e+00
-3.0934857791e-02  0.0000000000e+00
-1.8968935437e-02  0.0000000000e+00
-4.5056084172e-03  0.0000000000e+00
 7.1102332830e-03  0.0000000000e+00
 1.2973524237e-02  0.0000000000e+00
 1.2868124040e-02  0.0000000000e+00
 8.5947060563e-03  0.0000000000e+00
 2.8110252514e-03  0.0000000000e+00
-2.1051539328e-03  0.0000000000e+00
-4.7839089371e-03  0.0000000000e+00
-5.0354394070e-03  0.0000000000e+00
-3.5580166469e-03  0.0000000000e+00
-1.4185426501e-03  0.0000000000e+00
 4.3948282102e-04  0.0000000000e+00
 1.4885627809e-03  0.0000000000e+00
 1.6645531096e-03  0.0000000000e+00
 1.2295322970e-03  0.0000000000e+00
 5.6229705046e-04  0.0000000000e+00
-2.0297537919e-05  0.0000000000e+00
-3.5431166191e-04  0.0000000000e+00
-4.2892780130e-04  0.0000000000e+00
-3.2941561540e-04  0.0000000000e+00
-1.6656131116e-04  0.0000000000e+00
-2.5205247087e-05  0.0000000000e+00
 5.5815904273e-05  0.0000000000e+00
 7.7481544748e-05  0.0000000000e+00
 6.1831515511e-05  0.0000000000e+00
 3.3628462823e-05  0.0000000000e+00
 9.6039379417e-06  0.0000000000e+00
-3.8996372851e-06  0.0000000000e+00
-7.9628248758e-06  0.0000000000e+00
-6.6608024434e-06  0.0000000000e+00
-3.7709170447e-06  0.0000000000e+00
-1.4144526424e-06  0.0000000000e+00
-1.6821931426e-07  0.0000000000e+00
 2.2567042159e-07  0.0000000000e+00
 2.1428640032e-07  0.0000000000e+00
 1.0898620360e-07  0.0000000000e+00
 3.5305265956e-08  0.0000000000e+00
 6.1534414956e-09  0.0000000000e+00
       0
