# Nanometrics Centaur Datalogger
# 2024-07-10
# Frank Vernon - BRTT
# NRL:Dec_IR30000_OR500_NS3-DC123-10-DC65-3-DC223-2_NHfd2fb39
# 
# input sample rate 30khz
# decimation factor 10
#
theoretical   1 FIR_filter   fir    seed
30000     10              61
      123
+3.68713E-09  +0.00000E+00
+1.98859E-08  +0.00000E+00
+7.03420E-08  +0.00000E+00
+1.98155E-07  +0.00000E+00
+4.79212E-07  +0.00000E+00
+1.03358E-06  +0.00000E+00
+2.03294E-06  +0.00000E+00
+3.69797E-06  +0.00000E+00
+6.27754E-06  +0.00000E+00
+1.00017E-05  +0.00000E+00
+1.50013E-05  +0.00000E+00
+2.11925E-05  +0.00000E+00
+2.81326E-05  +0.00000E+00
+3.48634E-05  +0.00000E+00
+3.97754E-05  +0.00000E+00
+4.05351E-05  +0.00000E+00
+3.41307E-05  +0.00000E+00
+1.70923E-05  +0.00000E+00
-1.40685E-05  +0.00000E+00
-6.21775E-05  +0.00000E+00
-1.28495E-04  +0.00000E+00
-2.11666E-04  +0.00000E+00
-3.06663E-04  +0.00000E+00
-4.03918E-04  +0.00000E+00
-4.88889E-04  +0.00000E+00
-5.42326E-04  +0.00000E+00
-5.41467E-04  +0.00000E+00
-4.62321E-04  +0.00000E+00
-2.83048E-04  +0.00000E+00
+1.17213E-05  +0.00000E+00
+4.26027E-04  +0.00000E+00
+9.47785E-04  +0.00000E+00
+1.54484E-03  +0.00000E+00
+2.16275E-03  +0.00000E+00
+2.72524E-03  +0.00000E+00
+3.13793E-03  +0.00000E+00
+3.29590E-03  +0.00000E+00
+3.09491E-03  +0.00000E+00
+2.44576E-03  +0.00000E+00
+1.29062E-03  +0.00000E+00
-3.80534E-04  +0.00000E+00
-2.51539E-03  +0.00000E+00
-4.98904E-03  +0.00000E+00
-7.60024E-03  +0.00000E+00
-1.00759E-02  +0.00000E+00
-1.20848E-02  +0.00000E+00
-1.32607E-02  +0.00000E+00
-1.32331E-02  +0.00000E+00
-1.16639E-02  +0.00000E+00
-8.28658E-03  +0.00000E+00
-2.94261E-03  +0.00000E+00
+4.38759E-03  +0.00000E+00
+1.35646E-02  +0.00000E+00
+2.42835E-02  +0.00000E+00
+3.60834E-02  +0.00000E+00
+4.83729E-02  +0.00000E+00
+6.04701E-02  +0.00000E+00
+7.16544E-02  +0.00000E+00
+8.12249E-02  +0.00000E+00
+8.85593E-02  +0.00000E+00
+9.31687E-02  +0.00000E+00
+9.47409E-02  +0.00000E+00
+9.31687E-02  +0.00000E+00
+8.85593E-02  +0.00000E+00
+8.12249E-02  +0.00000E+00
+7.16544E-02  +0.00000E+00
+6.04701E-02  +0.00000E+00
+4.83729E-02  +0.00000E+00
+3.60834E-02  +0.00000E+00
+2.42835E-02  +0.00000E+00
+1.35646E-02  +0.00000E+00
+4.38759E-03  +0.00000E+00
-2.94261E-03  +0.00000E+00
-8.28658E-03  +0.00000E+00
-1.16639E-02  +0.00000E+00
-1.32331E-02  +0.00000E+00
-1.32607E-02  +0.00000E+00
-1.20848E-02  +0.00000E+00
-1.00759E-02  +0.00000E+00
-7.60024E-03  +0.00000E+00
-4.98904E-03  +0.00000E+00
-2.51539E-03  +0.00000E+00
-3.80534E-04  +0.00000E+00
+1.29062E-03  +0.00000E+00
+2.44576E-03  +0.00000E+00
+3.09491E-03  +0.00000E+00
+3.29590E-03  +0.00000E+00
+3.13793E-03  +0.00000E+00
+2.72524E-03  +0.00000E+00
+2.16275E-03  +0.00000E+00
+1.54484E-03  +0.00000E+00
+9.47785E-04  +0.00000E+00
+4.26027E-04  +0.00000E+00
+1.17213E-05  +0.00000E+00
-2.83048E-04  +0.00000E+00
-4.62321E-04  +0.00000E+00
-5.41467E-04  +0.00000E+00
-5.42326E-04  +0.00000E+00
-4.88889E-04  +0.00000E+00
-4.03918E-04  +0.00000E+00
-3.06663E-04  +0.00000E+00
-2.11666E-04  +0.00000E+00
-1.28495E-04  +0.00000E+00
-6.21775E-05  +0.00000E+00
-1.40685E-05  +0.00000E+00
+1.70923E-05  +0.00000E+00
+3.41307E-05  +0.00000E+00
+4.05351E-05  +0.00000E+00
+3.97754E-05  +0.00000E+00
+3.48634E-05  +0.00000E+00
+2.81326E-05  +0.00000E+00
+2.11925E-05  +0.00000E+00
+1.50013E-05  +0.00000E+00
+1.00017E-05  +0.00000E+00
+6.27754E-06  +0.00000E+00
+3.69797E-06  +0.00000E+00
+2.03294E-06  +0.00000E+00
+1.03358E-06  +0.00000E+00
+4.79212E-07  +0.00000E+00
+1.98155E-07  +0.00000E+00
+7.03420E-08  +0.00000E+00
+1.98859E-08  +0.00000E+00
+3.68713E-09  +0.00000E+00
       0
