# Nanometrics Centaur Datalogger
# 2016-06-20
# Nikolaus Horn / ZAMG
# 
# input sample rate 3khz
# decimation factor 10
#
theoretical   1 FIR_filter   fir    seed
2.0000000000e+03    10              93
     187
 8.4692319520e-10  0.0000000000e+00
 2.2742205242e-09  0.0000000000e+00
 4.5389510461e-09  0.0000000000e+00
 6.8737915843e-09  0.0000000000e+00
 7.1090416385e-09  0.0000000000e+00
 7.6278417581e-10  0.0000000000e+00
-1.9830104570e-08  0.0000000000e+00
-6.6099415235e-08  0.0000000000e+00
-1.5311403529e-07  0.0000000000e+00
-2.9824906874e-07  0.0000000000e+00
-5.1815211942e-07  0.0000000000e+00
-8.2363618983e-07  0.0000000000e+00
-1.2124802795e-06  0.0000000000e+00
-1.6605503827e-06  0.0000000000e+00
-2.1124704869e-06  0.0000000000e+00
-2.4735305701e-06  0.0000000000e+00
-2.6056206005e-06  0.0000000000e+00
-2.3301305370e-06  0.0000000000e+00
-1.4409803321e-06  0.0000000000e+00
 2.6980406218e-07  0.0000000000e+00
 2.9727106851e-06  0.0000000000e+00
 6.7488615555e-06  0.0000000000e+00
 1.1529602657e-05  0.0000000000e+00
 1.7035403926e-05  0.0000000000e+00
 2.2724805238e-05  0.0000000000e+00
 2.7767006400e-05  0.0000000000e+00
 3.1053707157e-05  0.0000000000e+00
 3.1263007205e-05  0.0000000000e+00
 2.6986106220e-05  0.0000000000e+00
 1.6918903899e-05  0.0000000000e+00
 1.1117602562e-07  0.0000000000e+00
-2.3745605473e-05  0.0000000000e+00
-5.4026712452e-05  0.0000000000e+00
-8.8922720495e-05  0.0000000000e+00
-1.2528202887e-04  0.0000000000e+00
-1.5860403656e-04  0.0000000000e+00
-1.8323604223e-04  0.0000000000e+00
-1.9279804444e-04  0.0000000000e+00
-1.8086404169e-04  0.0000000000e+00
-1.4185003269e-04  0.0000000000e+00
-7.2067016610e-05  0.0000000000e+00
 2.9193806729e-05  0.0000000000e+00
 1.5866503657e-04  0.0000000000e+00
 3.0838607108e-04  0.0000000000e+00
 4.6542210727e-04  0.0000000000e+00
 6.1219814110e-04  0.0000000000e+00
 7.2754716768e-04  0.0000000000e+00
 7.8851218174e-04  0.0000000000e+00
 7.7285817813e-04  0.0000000000e+00
 6.6212315261e-04  0.0000000000e+00
 4.4492610255e-04  0.0000000000e+00
 1.2016102769e-04  0.0000000000e+00
-3.0036906923e-04  0.0000000000e+00
-7.9036118216e-04  0.0000000000e+00
-1.3088703017e-03  0.0000000000e+00
-1.8020204153e-03  0.0000000000e+00
-2.2066205086e-03  0.0000000000e+00
-2.4557905660e-03  0.0000000000e+00
-2.4861905730e-03  0.0000000000e+00
-2.2463105177e-03  0.0000000000e+00
-1.7050303930e-03  0.0000000000e+00
-8.5946319809e-04  0.0000000000e+00
 2.5901105970e-04  0.0000000000e+00
 1.5815703645e-03  0.0000000000e+00
 3.0025006920e-03  0.0000000000e+00
 4.3841410105e-03  0.0000000000e+00
 5.5663212829e-03  0.0000000000e+00
 6.3800014705e-03  0.0000000000e+00
 6.6644015360e-03  0.0000000000e+00
 6.2860414488e-03  0.0000000000e+00
 5.1581411888e-03  0.0000000000e+00
 3.2582007509e-03  0.0000000000e+00
 6.4168214789e-04  0.0000000000e+00
-2.5501805878e-03  0.0000000000e+00
-6.0900614036e-03  0.0000000000e+00
-9.6727022294e-03  0.0000000000e+00
-1.2931702980e-02  0.0000000000e+00
-1.5464203564e-02  0.0000000000e+00
-1.6862603886e-02  0.0000000000e+00
-1.6749003860e-02  0.0000000000e+00
-1.4812503414e-02  0.0000000000e+00
-1.0842602499e-02  0.0000000000e+00
-4.7577810966e-03  0.0000000000e+00
 3.3748907778e-03  0.0000000000e+00
 1.3331803073e-02  0.0000000000e+00
 2.4737405701e-02  0.0000000000e+00
 3.7081608547e-02  0.0000000000e+00
 4.9750711467e-02  0.0000000000e+00
 6.2067014305e-02  0.0000000000e+00
 7.3336816903e-02  0.0000000000e+00
 8.2901519107e-02  0.0000000000e+00
 9.0186620786e-02  0.0000000000e+00
 9.4746421837e-02  0.0000000000e+00
 9.6298522195e-02  0.0000000000e+00
 9.4746421837e-02  0.0000000000e+00
 9.0186620786e-02  0.0000000000e+00
 8.2901519107e-02  0.0000000000e+00
 7.3336816903e-02  0.0000000000e+00
 6.2067014305e-02  0.0000000000e+00
 4.9750711467e-02  0.0000000000e+00
 3.7081608547e-02  0.0000000000e+00
 2.4737405701e-02  0.0000000000e+00
 1.3331803073e-02  0.0000000000e+00
 3.3748907778e-03  0.0000000000e+00
-4.7577810966e-03  0.0000000000e+00
-1.0842602499e-02  0.0000000000e+00
-1.4812503414e-02  0.0000000000e+00
-1.6749003860e-02  0.0000000000e+00
-1.6862603886e-02  0.0000000000e+00
-1.5464203564e-02  0.0000000000e+00
-1.2931702980e-02  0.0000000000e+00
-9.6727022294e-03  0.0000000000e+00
-6.0900614036e-03  0.0000000000e+00
-2.5501805878e-03  0.0000000000e+00
 6.4168214789e-04  0.0000000000e+00
 3.2582007509e-03  0.0000000000e+00
 5.1581411888e-03  0.0000000000e+00
 6.2860414488e-03  0.0000000000e+00
 6.6644015360e-03  0.0000000000e+00
 6.3800014705e-03  0.0000000000e+00
 5.5663212829e-03  0.0000000000e+00
 4.3841410105e-03  0.0000000000e+00
 3.0025006920e-03  0.0000000000e+00
 1.5815703645e-03  0.0000000000e+00
 2.5901105970e-04  0.0000000000e+00
-8.5946319809e-04  0.0000000000e+00
-1.7050303930e-03  0.0000000000e+00
-2.2463105177e-03  0.0000000000e+00
-2.4861905730e-03  0.0000000000e+00
-2.4557905660e-03  0.0000000000e+00
-2.2066205086e-03  0.0000000000e+00
-1.8020204153e-03  0.0000000000e+00
-1.3088703017e-03  0.0000000000e+00
-7.9036118216e-04  0.0000000000e+00
-3.0036906923e-04  0.0000000000e+00
 1.2016102769e-04  0.0000000000e+00
 4.4492610255e-04  0.0000000000e+00
 6.6212315261e-04  0.0000000000e+00
 7.7285817813e-04  0.0000000000e+00
 7.8851218174e-04  0.0000000000e+00
 7.2754716768e-04  0.0000000000e+00
 6.1219814110e-04  0.0000000000e+00
 4.6542210727e-04  0.0000000000e+00
 3.0838607108e-04  0.0000000000e+00
 1.5866503657e-04  0.0000000000e+00
 2.9193806729e-05  0.0000000000e+00
-7.2067016610e-05  0.0000000000e+00
-1.4185003269e-04  0.0000000000e+00
-1.8086404169e-04  0.0000000000e+00
-1.9279804444e-04  0.0000000000e+00
-1.8323604223e-04  0.0000000000e+00
-1.5860403656e-04  0.0000000000e+00
-1.2528202887e-04  0.0000000000e+00
-8.8922720495e-05  0.0000000000e+00
-5.4026712452e-05  0.0000000000e+00
-2.3745605473e-05  0.0000000000e+00
 1.1117602562e-07  0.0000000000e+00
 1.6918903899e-05  0.0000000000e+00
 2.6986106220e-05  0.0000000000e+00
 3.1263007205e-05  0.0000000000e+00
 3.1053707157e-05  0.0000000000e+00
 2.7767006400e-05  0.0000000000e+00
 2.2724805238e-05  0.0000000000e+00
 1.7035403926e-05  0.0000000000e+00
 1.1529602657e-05  0.0000000000e+00
 6.7488615555e-06  0.0000000000e+00
 2.9727106851e-06  0.0000000000e+00
 2.6980406218e-07  0.0000000000e+00
-1.4409803321e-06  0.0000000000e+00
-2.3301305370e-06  0.0000000000e+00
-2.6056206005e-06  0.0000000000e+00
-2.4735305701e-06  0.0000000000e+00
-2.1124704869e-06  0.0000000000e+00
-1.6605503827e-06  0.0000000000e+00
-1.2124802795e-06  0.0000000000e+00
-8.2363618983e-07  0.0000000000e+00
-5.1815211942e-07  0.0000000000e+00
-2.9824906874e-07  0.0000000000e+00
-1.5311403529e-07  0.0000000000e+00
-6.6099415235e-08  0.0000000000e+00
-1.9830104570e-08  0.0000000000e+00
 7.6278417581e-10  0.0000000000e+00
 7.1090416385e-09  0.0000000000e+00
 6.8737915843e-09  0.0000000000e+00
 4.5389510461e-09  0.0000000000e+00
 2.2742205242e-09  0.0000000000e+00
 8.4692319520e-10  0.0000000000e+00
       0
