# Nanometrics Centaur Datalogger
# 2024-07-10
# Frank Vernon - BRTT
# 
# input sample rate 30khz
# decimation factor 5
#
theoretical   1 FIR_filter   fir    seed
30000     5              31
      63
 2.6808525528e-08  0.0000000000e+00
 2.6218124966e-07  0.0000000000e+00
 1.3798413139e-06  0.0000000000e+00
 5.0695548274e-06  0.0000000000e+00
 1.4293813611e-05  0.0000000000e+00
 3.2160930625e-05  0.0000000000e+00
 5.8001555231e-05  0.0000000000e+00
 8.0364976527e-05  0.0000000000e+00
 6.9988466646e-05  0.0000000000e+00
-1.9518018586e-05  0.0000000000e+00
-2.3298922186e-04  0.0000000000e+00
-5.7163054433e-04  0.0000000000e+00
-9.3783489304e-04  0.0000000000e+00
-1.0999210474e-03  0.0000000000e+00
-7.2578669112e-04  0.0000000000e+00
 4.7565345294e-04  0.0000000000e+00
 2.5162323961e-03  0.0000000000e+00
 4.8839246507e-03  0.0000000000e+00
 6.4535361453e-03  0.0000000000e+00
 5.7201654470e-03  0.0000000000e+00
 1.4205813527e-03  0.0000000000e+00
-6.5923262775e-03  0.0000000000e+00
-1.6575515784e-02  0.0000000000e+00
-2.4684523506e-02  0.0000000000e+00
-2.5677624451e-02  0.0000000000e+00
-1.4542413848e-02  0.0000000000e+00
 1.1409810865e-02  0.0000000000e+00
 5.0795248369e-02  0.0000000000e+00
 9.7606492945e-02  0.0000000000e+00
 1.4233813554e-01  0.0000000000e+00
 1.7459916626e-01  0.0000000000e+00
 1.8635917746e-01  0.0000000000e+00
 1.7459916626e-01  0.0000000000e+00
 1.4233813554e-01  0.0000000000e+00
 9.7606492945e-02  0.0000000000e+00
 5.0795248369e-02  0.0000000000e+00
 1.1409810865e-02  0.0000000000e+00
-1.4542413848e-02  0.0000000000e+00
-2.5677624451e-02  0.0000000000e+00
-2.4684523506e-02  0.0000000000e+00
-1.6575515784e-02  0.0000000000e+00
-6.5923262775e-03  0.0000000000e+00
 1.4205813527e-03  0.0000000000e+00
 5.7201654470e-03  0.0000000000e+00
 6.4535361453e-03  0.0000000000e+00
 4.8839246507e-03  0.0000000000e+00
 2.5162323961e-03  0.0000000000e+00
 4.7565345294e-04  0.0000000000e+00
-7.2578669112e-04  0.0000000000e+00
-1.0999210474e-03  0.0000000000e+00
-9.3783489304e-04  0.0000000000e+00
-5.7163054433e-04  0.0000000000e+00
-2.3298922186e-04  0.0000000000e+00
-1.9518018586e-05  0.0000000000e+00
 6.9988466646e-05  0.0000000000e+00
 8.0364976527e-05  0.0000000000e+00
 5.8001555231e-05  0.0000000000e+00
 3.2160930625e-05  0.0000000000e+00
 1.4293813611e-05  0.0000000000e+00
 5.0695548274e-06  0.0000000000e+00
 1.3798413139e-06  0.0000000000e+00
 2.6218124966e-07  0.0000000000e+00
 2.6808525528e-08  0.0000000000e+00
       0
