# Nanometrics Centaur Datalogger
# 2016-06-20
# Nikolaus Horn / ZAMG
# 
# input sample rate 400hz
# decimation factor 2
#
theoretical   1 FIR_filter   fir    seed
400     2             111
     223
-2.4877006306e-10  0.0000000000e+00
 4.7374412009e-09  0.0000000000e+00
 1.2403203144e-08  0.0000000000e+00
 2.1842305537e-09  0.0000000000e+00
-2.9735007538e-08  0.0000000000e+00
-2.7741007032e-08  0.0000000000e+00
 4.8235012227e-08  0.0000000000e+00
 9.0485222938e-08  0.0000000000e+00
-4.3772011096e-08  0.0000000000e+00
-2.0292505144e-07  0.0000000000e+00
-2.9325107434e-08  0.0000000000e+00
 3.5767709067e-07  0.0000000000e+00
 2.3807606035e-07  0.0000000000e+00
-5.0505412803e-07  0.0000000000e+00
-6.5666116646e-07  0.0000000000e+00
 5.2951413423e-07  0.0000000000e+00
 1.3330303379e-06  0.0000000000e+00
-2.3539105967e-07  0.0000000000e+00
-2.2345605665e-06  0.0000000000e+00
-6.4318916305e-07  0.0000000000e+00
 3.1788508058e-06  0.0000000000e+00
 2.3918906063e-06  0.0000000000e+00
-3.7664309548e-06  0.0000000000e+00
-5.2131313215e-06  0.0000000000e+00
 3.3438808477e-06  0.0000000000e+00
 9.0698422992e-06  0.0000000000e+00
-1.0342002622e-06  0.0000000000e+00
-1.3494803421e-05  0.0000000000e+00
-4.1282010465e-06  0.0000000000e+00
 1.7408104413e-05  0.0000000000e+00
 1.2932503278e-05  0.0000000000e+00
-1.9011204819e-05  0.0000000000e+00
-2.5598206489e-05  0.0000000000e+00
 1.5838504015e-05  0.0000000000e+00
 4.1298510469e-05  0.0000000000e+00
-5.0513612805e-06  0.0000000000e+00
-5.7694314625e-05  0.0000000000e+00
-1.5973404049e-05  0.0000000000e+00
 7.0623217903e-05  0.0000000000e+00
 4.8762112361e-05  0.0000000000e+00
-7.4118318789e-05  0.0000000000e+00
-9.2656023488e-05  0.0000000000e+00
 6.0928115445e-05  0.0000000000e+00
 1.4370403643e-04  0.0000000000e+00
-2.3657105997e-05  0.0000000000e+00
-1.9381804913e-04  0.0000000000e+00
-4.3460711017e-05  0.0000000000e+00
 2.3052905844e-04  0.0000000000e+00
 1.4230003607e-04  0.0000000000e+00
-2.3769706026e-04  0.0000000000e+00
-2.6842006804e-04  0.0000000000e+00
 1.9742005005e-04  0.0000000000e+00
 4.0898610368e-04  0.0000000000e+00
-9.3226423633e-05  0.0000000000e+00
-5.4166713731e-04  0.0000000000e+00
-8.5650621712e-05  0.0000000000e+00
 6.3514616101e-04  0.0000000000e+00
 3.3942408604e-04  0.0000000000e+00
-6.5179416523e-04  0.0000000000e+00
-6.5316216557e-04  0.0000000000e+00
 5.5273414012e-04  0.0000000000e+00
 9.9353325186e-04  0.0000000000e+00
-3.0513307735e-04  0.0000000000e+00
-1.3080203316e-03  0.0000000000e+00
-1.0898702763e-04  0.0000000000e+00
 1.5276403873e-03  0.0000000000e+00
 6.8364617330e-04  0.0000000000e+00
-1.5738103990e-03  0.0000000000e+00
-1.3811903501e-03  0.0000000000e+00
 1.3693203471e-03  0.0000000000e+00
 2.1278405394e-03  0.0000000000e+00
-8.5273921617e-04  0.0000000000e+00
-2.8143307134e-03  0.0000000000e+00
-5.4359813780e-06  0.0000000000e+00
 3.3029308373e-03  0.0000000000e+00
 1.1872403010e-03  0.0000000000e+00
-3.4414908724e-03  0.0000000000e+00
-2.6150206629e-03  0.0000000000e+00
 3.0838607817e-03  0.0000000000e+00
 4.1455410509e-03  0.0000000000e+00
-2.1149305361e-03  0.0000000000e+00
-5.5726714126e-03  0.0000000000e+00
 4.7754312106e-04  0.0000000000e+00
 6.6401716833e-03  0.0000000000e+00
 1.8025404569e-03  0.0000000000e+00
-7.0646417909e-03  0.0000000000e+00
-4.5973811654e-03  0.0000000000e+00
 6.5669416647e-03  0.0000000000e+00
 7.6669019435e-03  0.0000000000e+00
-4.9089512444e-03  0.0000000000e+00
-1.0660302702e-02  0.0000000000e+00
 1.9310604895e-03  0.0000000000e+00
 1.3128903328e-02  0.0000000000e+00
 2.4148706122e-03  0.0000000000e+00
-1.4547603688e-02  0.0000000000e+00
-8.0424820387e-03  0.0000000000e+00
 1.4337303634e-02  0.0000000000e+00
 1.4722103732e-02  0.0000000000e+00
-1.1873603010e-02  0.0000000000e+00
-2.2088905599e-02  0.0000000000e+00
 6.4510616353e-03  0.0000000000e+00
 2.9669407521e-02  0.0000000000e+00
 2.8717207280e-03  0.0000000000e+00
-3.6922209360e-02  0.0000000000e+00
-1.7776304506e-02  0.0000000000e+00
 4.3291510974e-02  0.0000000000e+00
 4.2483610769e-02  0.0000000000e+00
-4.8264812235e-02  0.0000000000e+00
-9.2808723527e-02  0.0000000000e+00
 5.1428613037e-02  0.0000000000e+00
 3.1377707954e-01  0.0000000000e+00
 4.4748611344e-01  0.0000000000e+00
 3.1377707954e-01  0.0000000000e+00
 5.1428613037e-02  0.0000000000e+00
-9.2808723527e-02  0.0000000000e+00
-4.8264812235e-02  0.0000000000e+00
 4.2483610769e-02  0.0000000000e+00
 4.3291510974e-02  0.0000000000e+00
-1.7776304506e-02  0.0000000000e+00
-3.6922209360e-02  0.0000000000e+00
 2.8717207280e-03  0.0000000000e+00
 2.9669407521e-02  0.0000000000e+00
 6.4510616353e-03  0.0000000000e+00
-2.2088905599e-02  0.0000000000e+00
-1.1873603010e-02  0.0000000000e+00
 1.4722103732e-02  0.0000000000e+00
 1.4337303634e-02  0.0000000000e+00
-8.0424820387e-03  0.0000000000e+00
-1.4547603688e-02  0.0000000000e+00
 2.4148706122e-03  0.0000000000e+00
 1.3128903328e-02  0.0000000000e+00
 1.9310604895e-03  0.0000000000e+00
-1.0660302702e-02  0.0000000000e+00
-4.9089512444e-03  0.0000000000e+00
 7.6669019435e-03  0.0000000000e+00
 6.5669416647e-03  0.0000000000e+00
-4.5973811654e-03  0.0000000000e+00
-7.0646417909e-03  0.0000000000e+00
 1.8025404569e-03  0.0000000000e+00
 6.6401716833e-03  0.0000000000e+00
 4.7754312106e-04  0.0000000000e+00
-5.5726714126e-03  0.0000000000e+00
-2.1149305361e-03  0.0000000000e+00
 4.1455410509e-03  0.0000000000e+00
 3.0838607817e-03  0.0000000000e+00
-2.6150206629e-03  0.0000000000e+00
-3.4414908724e-03  0.0000000000e+00
 1.1872403010e-03  0.0000000000e+00
 3.3029308373e-03  0.0000000000e+00
-5.4359813780e-06  0.0000000000e+00
-2.8143307134e-03  0.0000000000e+00
-8.5273921617e-04  0.0000000000e+00
 2.1278405394e-03  0.0000000000e+00
 1.3693203471e-03  0.0000000000e+00
-1.3811903501e-03  0.0000000000e+00
-1.5738103990e-03  0.0000000000e+00
 6.8364617330e-04  0.0000000000e+00
 1.5276403873e-03  0.0000000000e+00
-1.0898702763e-04  0.0000000000e+00
-1.3080203316e-03  0.0000000000e+00
-3.0513307735e-04  0.0000000000e+00
 9.9353325186e-04  0.0000000000e+00
 5.5273414012e-04  0.0000000000e+00
-6.5316216557e-04  0.0000000000e+00
-6.5179416523e-04  0.0000000000e+00
 3.3942408604e-04  0.0000000000e+00
 6.3514616101e-04  0.0000000000e+00
-8.5650621712e-05  0.0000000000e+00
-5.4166713731e-04  0.0000000000e+00
-9.3226423633e-05  0.0000000000e+00
 4.0898610368e-04  0.0000000000e+00
 1.9742005005e-04  0.0000000000e+00
-2.6842006804e-04  0.0000000000e+00
-2.3769706026e-04  0.0000000000e+00
 1.4230003607e-04  0.0000000000e+00
 2.3052905844e-04  0.0000000000e+00
-4.3460711017e-05  0.0000000000e+00
-1.9381804913e-04  0.0000000000e+00
-2.3657105997e-05  0.0000000000e+00
 1.4370403643e-04  0.0000000000e+00
 6.0928115445e-05  0.0000000000e+00
-9.2656023488e-05  0.0000000000e+00
-7.4118318789e-05  0.0000000000e+00
 4.8762112361e-05  0.0000000000e+00
 7.0623217903e-05  0.0000000000e+00
-1.5973404049e-05  0.0000000000e+00
-5.7694314625e-05  0.0000000000e+00
-5.0513612805e-06  0.0000000000e+00
 4.1298510469e-05  0.0000000000e+00
 1.5838504015e-05  0.0000000000e+00
-2.5598206489e-05  0.0000000000e+00
-1.9011204819e-05  0.0000000000e+00
 1.2932503278e-05  0.0000000000e+00
 1.7408104413e-05  0.0000000000e+00
-4.1282010465e-06  0.0000000000e+00
-1.3494803421e-05  0.0000000000e+00
-1.0342002622e-06  0.0000000000e+00
 9.0698422992e-06  0.0000000000e+00
 3.3438808477e-06  0.0000000000e+00
-5.2131313215e-06  0.0000000000e+00
-3.7664309548e-06  0.0000000000e+00
 2.3918906063e-06  0.0000000000e+00
 3.1788508058e-06  0.0000000000e+00
-6.4318916305e-07  0.0000000000e+00
-2.2345605665e-06  0.0000000000e+00
-2.3539105967e-07  0.0000000000e+00
 1.3330303379e-06  0.0000000000e+00
 5.2951413423e-07  0.0000000000e+00
-6.5666116646e-07  0.0000000000e+00
-5.0505412803e-07  0.0000000000e+00
 2.3807606035e-07  0.0000000000e+00
 3.5767709067e-07  0.0000000000e+00
-2.9325107434e-08  0.0000000000e+00
-2.0292505144e-07  0.0000000000e+00
-4.3772011096e-08  0.0000000000e+00
 9.0485222938e-08  0.0000000000e+00
 4.8235012227e-08  0.0000000000e+00
-2.7741007032e-08  0.0000000000e+00
-2.9735007538e-08  0.0000000000e+00
 2.1842305537e-09  0.0000000000e+00
 1.2403203144e-08  0.0000000000e+00
 4.7374412009e-09  0.0000000000e+00
-2.4877006306e-10  0.0000000000e+00
       0
