# Nanometrics Centaur Datalogger
# 2016-06-20
# Nikolaus Horn / ZAMG
# 
# input sample rate 200hz
# decimation factor 2
#
theoretical   1 FIR_filter   fir    seed
2.0000000000e+02     2             111
     223
-2.4877006702e-10  0.0000000000e+00
 4.7374412763e-09  0.0000000000e+00
 1.2403203341e-08  0.0000000000e+00
 2.1842305884e-09  0.0000000000e+00
-2.9735008011e-08  0.0000000000e+00
-2.7741007474e-08  0.0000000000e+00
 4.8235012995e-08  0.0000000000e+00
 9.0485224377e-08  0.0000000000e+00
-4.3772011792e-08  0.0000000000e+00
-2.0292505467e-07  0.0000000000e+00
-2.9325107900e-08  0.0000000000e+00
 3.5767709636e-07  0.0000000000e+00
 2.3807606414e-07  0.0000000000e+00
-5.0505413606e-07  0.0000000000e+00
-6.5666117691e-07  0.0000000000e+00
 5.2951414265e-07  0.0000000000e+00
 1.3330303591e-06  0.0000000000e+00
-2.3539106342e-07  0.0000000000e+00
-2.2345606020e-06  0.0000000000e+00
-6.4318917328e-07  0.0000000000e+00
 3.1788508564e-06  0.0000000000e+00
 2.3918906444e-06  0.0000000000e+00
-3.7664310147e-06  0.0000000000e+00
-5.2131314044e-06  0.0000000000e+00
 3.3438809009e-06  0.0000000000e+00
 9.0698424435e-06  0.0000000000e+00
-1.0342002786e-06  0.0000000000e+00
-1.3494803636e-05  0.0000000000e+00
-4.1282011122e-06  0.0000000000e+00
 1.7408104690e-05  0.0000000000e+00
 1.2932503484e-05  0.0000000000e+00
-1.9011205122e-05  0.0000000000e+00
-2.5598206896e-05  0.0000000000e+00
 1.5838504267e-05  0.0000000000e+00
 4.1298511126e-05  0.0000000000e+00
-5.0513613609e-06  0.0000000000e+00
-5.7694315543e-05  0.0000000000e+00
-1.5973404303e-05  0.0000000000e+00
 7.0623219026e-05  0.0000000000e+00
 4.8762113137e-05  0.0000000000e+00
-7.4118319968e-05  0.0000000000e+00
-9.2656024962e-05  0.0000000000e+00
 6.0928116414e-05  0.0000000000e+00
 1.4370403871e-04  0.0000000000e+00
-2.3657106373e-05  0.0000000000e+00
-1.9381805222e-04  0.0000000000e+00
-4.3460711708e-05  0.0000000000e+00
 2.3052906211e-04  0.0000000000e+00
 1.4230003834e-04  0.0000000000e+00
-2.3769706404e-04  0.0000000000e+00
-2.6842007231e-04  0.0000000000e+00
 1.9742005319e-04  0.0000000000e+00
 4.0898611018e-04  0.0000000000e+00
-9.3226425116e-05  0.0000000000e+00
-5.4166714593e-04  0.0000000000e+00
-8.5650623075e-05  0.0000000000e+00
 6.3514617111e-04  0.0000000000e+00
 3.3942409144e-04  0.0000000000e+00
-6.5179417560e-04  0.0000000000e+00
-6.5316217596e-04  0.0000000000e+00
 5.5273414891e-04  0.0000000000e+00
 9.9353326766e-04  0.0000000000e+00
-3.0513308220e-04  0.0000000000e+00
-1.3080203524e-03  0.0000000000e+00
-1.0898702936e-04  0.0000000000e+00
 1.5276404116e-03  0.0000000000e+00
 6.8364618418e-04  0.0000000000e+00
-1.5738104240e-03  0.0000000000e+00
-1.3811903721e-03  0.0000000000e+00
 1.3693203689e-03  0.0000000000e+00
 2.1278405732e-03  0.0000000000e+00
-8.5273922973e-04  0.0000000000e+00
-2.8143307582e-03  0.0000000000e+00
-5.4359814645e-06  0.0000000000e+00
 3.3029308898e-03  0.0000000000e+00
 1.1872403198e-03  0.0000000000e+00
-3.4414909272e-03  0.0000000000e+00
-2.6150207045e-03  0.0000000000e+00
 3.0838608308e-03  0.0000000000e+00
 4.1455411168e-03  0.0000000000e+00
-2.1149305698e-03  0.0000000000e+00
-5.5726715013e-03  0.0000000000e+00
 4.7754312865e-04  0.0000000000e+00
 6.6401717889e-03  0.0000000000e+00
 1.8025404856e-03  0.0000000000e+00
-7.0646419032e-03  0.0000000000e+00
-4.5973812386e-03  0.0000000000e+00
 6.5669417692e-03  0.0000000000e+00
 7.6669020655e-03  0.0000000000e+00
-4.9089513225e-03  0.0000000000e+00
-1.0660302872e-02  0.0000000000e+00
 1.9310605202e-03  0.0000000000e+00
 1.3128903537e-02  0.0000000000e+00
 2.4148706506e-03  0.0000000000e+00
-1.4547603919e-02  0.0000000000e+00
-8.0424821667e-03  0.0000000000e+00
 1.4337303863e-02  0.0000000000e+00
 1.4722103966e-02  0.0000000000e+00
-1.1873603199e-02  0.0000000000e+00
-2.2088905951e-02  0.0000000000e+00
 6.4510617379e-03  0.0000000000e+00
 2.9669407993e-02  0.0000000000e+00
 2.8717207737e-03  0.0000000000e+00
-3.6922209947e-02  0.0000000000e+00
-1.7776304789e-02  0.0000000000e+00
 4.3291511663e-02  0.0000000000e+00
 4.2483611445e-02  0.0000000000e+00
-4.8264813003e-02  0.0000000000e+00
-9.2808725003e-02  0.0000000000e+00
 5.1428613855e-02  0.0000000000e+00
 3.1377708453e-01  0.0000000000e+00
 4.4748612055e-01  0.0000000000e+00
 3.1377708453e-01  0.0000000000e+00
 5.1428613855e-02  0.0000000000e+00
-9.2808725003e-02  0.0000000000e+00
-4.8264813003e-02  0.0000000000e+00
 4.2483611445e-02  0.0000000000e+00
 4.3291511663e-02  0.0000000000e+00
-1.7776304789e-02  0.0000000000e+00
-3.6922209947e-02  0.0000000000e+00
 2.8717207737e-03  0.0000000000e+00
 2.9669407993e-02  0.0000000000e+00
 6.4510617379e-03  0.0000000000e+00
-2.2088905951e-02  0.0000000000e+00
-1.1873603199e-02  0.0000000000e+00
 1.4722103966e-02  0.0000000000e+00
 1.4337303863e-02  0.0000000000e+00
-8.0424821667e-03  0.0000000000e+00
-1.4547603919e-02  0.0000000000e+00
 2.4148706506e-03  0.0000000000e+00
 1.3128903537e-02  0.0000000000e+00
 1.9310605202e-03  0.0000000000e+00
-1.0660302872e-02  0.0000000000e+00
-4.9089513225e-03  0.0000000000e+00
 7.6669020655e-03  0.0000000000e+00
 6.5669417692e-03  0.0000000000e+00
-4.5973812386e-03  0.0000000000e+00
-7.0646419032e-03  0.0000000000e+00
 1.8025404856e-03  0.0000000000e+00
 6.6401717889e-03  0.0000000000e+00
 4.7754312865e-04  0.0000000000e+00
-5.5726715013e-03  0.0000000000e+00
-2.1149305698e-03  0.0000000000e+00
 4.1455411168e-03  0.0000000000e+00
 3.0838608308e-03  0.0000000000e+00
-2.6150207045e-03  0.0000000000e+00
-3.4414909272e-03  0.0000000000e+00
 1.1872403198e-03  0.0000000000e+00
 3.3029308898e-03  0.0000000000e+00
-5.4359814645e-06  0.0000000000e+00
-2.8143307582e-03  0.0000000000e+00
-8.5273922973e-04  0.0000000000e+00
 2.1278405732e-03  0.0000000000e+00
 1.3693203689e-03  0.0000000000e+00
-1.3811903721e-03  0.0000000000e+00
-1.5738104240e-03  0.0000000000e+00
 6.8364618418e-04  0.0000000000e+00
 1.5276404116e-03  0.0000000000e+00
-1.0898702936e-04  0.0000000000e+00
-1.3080203524e-03  0.0000000000e+00
-3.0513308220e-04  0.0000000000e+00
 9.9353326766e-04  0.0000000000e+00
 5.5273414891e-04  0.0000000000e+00
-6.5316217596e-04  0.0000000000e+00
-6.5179417560e-04  0.0000000000e+00
 3.3942409144e-04  0.0000000000e+00
 6.3514617111e-04  0.0000000000e+00
-8.5650623075e-05  0.0000000000e+00
-5.4166714593e-04  0.0000000000e+00
-9.3226425116e-05  0.0000000000e+00
 4.0898611018e-04  0.0000000000e+00
 1.9742005319e-04  0.0000000000e+00
-2.6842007231e-04  0.0000000000e+00
-2.3769706404e-04  0.0000000000e+00
 1.4230003834e-04  0.0000000000e+00
 2.3052906211e-04  0.0000000000e+00
-4.3460711708e-05  0.0000000000e+00
-1.9381805222e-04  0.0000000000e+00
-2.3657106373e-05  0.0000000000e+00
 1.4370403871e-04  0.0000000000e+00
 6.0928116414e-05  0.0000000000e+00
-9.2656024962e-05  0.0000000000e+00
-7.4118319968e-05  0.0000000000e+00
 4.8762113137e-05  0.0000000000e+00
 7.0623219026e-05  0.0000000000e+00
-1.5973404303e-05  0.0000000000e+00
-5.7694315543e-05  0.0000000000e+00
-5.0513613609e-06  0.0000000000e+00
 4.1298511126e-05  0.0000000000e+00
 1.5838504267e-05  0.0000000000e+00
-2.5598206896e-05  0.0000000000e+00
-1.9011205122e-05  0.0000000000e+00
 1.2932503484e-05  0.0000000000e+00
 1.7408104690e-05  0.0000000000e+00
-4.1282011122e-06  0.0000000000e+00
-1.3494803636e-05  0.0000000000e+00
-1.0342002786e-06  0.0000000000e+00
 9.0698424435e-06  0.0000000000e+00
 3.3438809009e-06  0.0000000000e+00
-5.2131314044e-06  0.0000000000e+00
-3.7664310147e-06  0.0000000000e+00
 2.3918906444e-06  0.0000000000e+00
 3.1788508564e-06  0.0000000000e+00
-6.4318917328e-07  0.0000000000e+00
-2.2345606020e-06  0.0000000000e+00
-2.3539106342e-07  0.0000000000e+00
 1.3330303591e-06  0.0000000000e+00
 5.2951414265e-07  0.0000000000e+00
-6.5666117691e-07  0.0000000000e+00
-5.0505413606e-07  0.0000000000e+00
 2.3807606414e-07  0.0000000000e+00
 3.5767709636e-07  0.0000000000e+00
-2.9325107900e-08  0.0000000000e+00
-2.0292505467e-07  0.0000000000e+00
-4.3772011792e-08  0.0000000000e+00
 9.0485224377e-08  0.0000000000e+00
 4.8235012995e-08  0.0000000000e+00
-2.7741007474e-08  0.0000000000e+00
-2.9735008011e-08  0.0000000000e+00
 2.1842305884e-09  0.0000000000e+00
 1.2403203341e-08  0.0000000000e+00
 4.7374412763e-09  0.0000000000e+00
-2.4877006702e-10  0.0000000000e+00
       0
