# Nanometrics Centaur Datalogger
# 2024-07-10
# Frank Vernon - BRTT
# 
# input sample rate 2khz
# decimation factor 2
#
theoretical   1 FIR_filter   fir    seed
2000     2             111
     223
-2.4877005945e-10  0.0000000000e+00
 4.7374411320e-09  0.0000000000e+00
 1.2403202964e-08  0.0000000000e+00
 2.1842305219e-09  0.0000000000e+00
-2.9735007105e-08  0.0000000000e+00
-2.7741006629e-08  0.0000000000e+00
 4.8235011526e-08  0.0000000000e+00
 9.0485221622e-08  0.0000000000e+00
-4.3772010460e-08  0.0000000000e+00
-2.0292504849e-07  0.0000000000e+00
-2.9325107007e-08  0.0000000000e+00
 3.5767708547e-07  0.0000000000e+00
 2.3807605689e-07  0.0000000000e+00
-5.0505412069e-07  0.0000000000e+00
-6.5666115691e-07  0.0000000000e+00
 5.2951412653e-07  0.0000000000e+00
 1.3330303185e-06  0.0000000000e+00
-2.3539105625e-07  0.0000000000e+00
-2.2345605340e-06  0.0000000000e+00
-6.4318915369e-07  0.0000000000e+00
 3.1788507596e-06  0.0000000000e+00
 2.3918905716e-06  0.0000000000e+00
-3.7664309000e-06  0.0000000000e+00
-5.2131312457e-06  0.0000000000e+00
 3.3438807990e-06  0.0000000000e+00
 9.0698421673e-06  0.0000000000e+00
-1.0342002471e-06  0.0000000000e+00
-1.3494803225e-05  0.0000000000e+00
-4.1282009865e-06  0.0000000000e+00
 1.7408104160e-05  0.0000000000e+00
 1.2932503090e-05  0.0000000000e+00
-1.9011204543e-05  0.0000000000e+00
-2.5598206117e-05  0.0000000000e+00
 1.5838503785e-05  0.0000000000e+00
 4.1298509869e-05  0.0000000000e+00
-5.0513612071e-06  0.0000000000e+00
-5.7694313786e-05  0.0000000000e+00
-1.5973403817e-05  0.0000000000e+00
 7.0623216876e-05  0.0000000000e+00
 4.8762111652e-05  0.0000000000e+00
-7.4118317711e-05  0.0000000000e+00
-9.2656022141e-05  0.0000000000e+00
 6.0928114559e-05  0.0000000000e+00
 1.4370403434e-04  0.0000000000e+00
-2.3657105653e-05  0.0000000000e+00
-1.9381804631e-04  0.0000000000e+00
-4.3460710385e-05  0.0000000000e+00
 2.3052905509e-04  0.0000000000e+00
 1.4230003400e-04  0.0000000000e+00
-2.3769705680e-04  0.0000000000e+00
-2.6842006414e-04  0.0000000000e+00
 1.9742004717e-04  0.0000000000e+00
 4.0898609773e-04  0.0000000000e+00
-9.3226422277e-05  0.0000000000e+00
-5.4166712944e-04  0.0000000000e+00
-8.5650620467e-05  0.0000000000e+00
 6.3514615177e-04  0.0000000000e+00
 3.3942408111e-04  0.0000000000e+00
-6.5179415575e-04  0.0000000000e+00
-6.5316215608e-04  0.0000000000e+00
 5.5273413208e-04  0.0000000000e+00
 9.9353323741e-04  0.0000000000e+00
-3.0513307291e-04  0.0000000000e+00
-1.3080203126e-03  0.0000000000e+00
-1.0898702604e-04  0.0000000000e+00
 1.5276403650e-03  0.0000000000e+00
 6.8364616336e-04  0.0000000000e+00
-1.5738103761e-03  0.0000000000e+00
-1.3811903300e-03  0.0000000000e+00
 1.3693203272e-03  0.0000000000e+00
 2.1278405085e-03  0.0000000000e+00
-8.5273920377e-04  0.0000000000e+00
-2.8143306725e-03  0.0000000000e+00
-5.4359812990e-06  0.0000000000e+00
 3.3029307893e-03  0.0000000000e+00
 1.1872402837e-03  0.0000000000e+00
-3.4414908224e-03  0.0000000000e+00
-2.6150206249e-03  0.0000000000e+00
 3.0838607369e-03  0.0000000000e+00
 4.1455409906e-03  0.0000000000e+00
-2.1149305054e-03  0.0000000000e+00
-5.5726713316e-03  0.0000000000e+00
 4.7754311411e-04  0.0000000000e+00
 6.6401715867e-03  0.0000000000e+00
 1.8025404307e-03  0.0000000000e+00
-7.0646416881e-03  0.0000000000e+00
-4.5973810986e-03  0.0000000000e+00
 6.5669415692e-03  0.0000000000e+00
 7.6669018321e-03  0.0000000000e+00
-4.9089511730e-03  0.0000000000e+00
-1.0660302547e-02  0.0000000000e+00
 1.9310604614e-03  0.0000000000e+00
 1.3128903137e-02  0.0000000000e+00
 2.4148705771e-03  0.0000000000e+00
-1.4547603476e-02  0.0000000000e+00
-8.0424819218e-03  0.0000000000e+00
 1.4337303426e-02  0.0000000000e+00
 1.4722103518e-02  0.0000000000e+00
-1.1873602837e-02  0.0000000000e+00
-2.2088905278e-02  0.0000000000e+00
 6.4510615415e-03  0.0000000000e+00
 2.9669407090e-02  0.0000000000e+00
 2.8717206862e-03  0.0000000000e+00
-3.6922208823e-02  0.0000000000e+00
-1.7776304248e-02  0.0000000000e+00
 4.3291510345e-02  0.0000000000e+00
 4.2483610152e-02  0.0000000000e+00
-4.8264811533e-02  0.0000000000e+00
-9.2808722177e-02  0.0000000000e+00
 5.1428612289e-02  0.0000000000e+00
 3.1377707498e-01  0.0000000000e+00
 4.4748610693e-01  0.0000000000e+00
 3.1377707498e-01  0.0000000000e+00
 5.1428612289e-02  0.0000000000e+00
-9.2808722177e-02  0.0000000000e+00
-4.8264811533e-02  0.0000000000e+00
 4.2483610152e-02  0.0000000000e+00
 4.3291510345e-02  0.0000000000e+00
-1.7776304248e-02  0.0000000000e+00
-3.6922208823e-02  0.0000000000e+00
 2.8717206862e-03  0.0000000000e+00
 2.9669407090e-02  0.0000000000e+00
 6.4510615415e-03  0.0000000000e+00
-2.2088905278e-02  0.0000000000e+00
-1.1873602837e-02  0.0000000000e+00
 1.4722103518e-02  0.0000000000e+00
 1.4337303426e-02  0.0000000000e+00
-8.0424819218e-03  0.0000000000e+00
-1.4547603476e-02  0.0000000000e+00
 2.4148705771e-03  0.0000000000e+00
 1.3128903137e-02  0.0000000000e+00
 1.9310604614e-03  0.0000000000e+00
-1.0660302547e-02  0.0000000000e+00
-4.9089511730e-03  0.0000000000e+00
 7.6669018321e-03  0.0000000000e+00
 6.5669415692e-03  0.0000000000e+00
-4.5973810986e-03  0.0000000000e+00
-7.0646416881e-03  0.0000000000e+00
 1.8025404307e-03  0.0000000000e+00
 6.6401715867e-03  0.0000000000e+00
 4.7754311411e-04  0.0000000000e+00
-5.5726713316e-03  0.0000000000e+00
-2.1149305054e-03  0.0000000000e+00
 4.1455409906e-03  0.0000000000e+00
 3.0838607369e-03  0.0000000000e+00
-2.6150206249e-03  0.0000000000e+00
-3.4414908224e-03  0.0000000000e+00
 1.1872402837e-03  0.0000000000e+00
 3.3029307893e-03  0.0000000000e+00
-5.4359812990e-06  0.0000000000e+00
-2.8143306725e-03  0.0000000000e+00
-8.5273920377e-04  0.0000000000e+00
 2.1278405085e-03  0.0000000000e+00
 1.3693203272e-03  0.0000000000e+00
-1.3811903300e-03  0.0000000000e+00
-1.5738103761e-03  0.0000000000e+00
 6.8364616336e-04  0.0000000000e+00
 1.5276403650e-03  0.0000000000e+00
-1.0898702604e-04  0.0000000000e+00
-1.3080203126e-03  0.0000000000e+00
-3.0513307291e-04  0.0000000000e+00
 9.9353323741e-04  0.0000000000e+00
 5.5273413208e-04  0.0000000000e+00
-6.5316215608e-04  0.0000000000e+00
-6.5179415575e-04  0.0000000000e+00
 3.3942408111e-04  0.0000000000e+00
 6.3514615177e-04  0.0000000000e+00
-8.5650620467e-05  0.0000000000e+00
-5.4166712944e-04  0.0000000000e+00
-9.3226422277e-05  0.0000000000e+00
 4.0898609773e-04  0.0000000000e+00
 1.9742004717e-04  0.0000000000e+00
-2.6842006414e-04  0.0000000000e+00
-2.3769705680e-04  0.0000000000e+00
 1.4230003400e-04  0.0000000000e+00
 2.3052905509e-04  0.0000000000e+00
-4.3460710385e-05  0.0000000000e+00
-1.9381804631e-04  0.0000000000e+00
-2.3657105653e-05  0.0000000000e+00
 1.4370403434e-04  0.0000000000e+00
 6.0928114559e-05  0.0000000000e+00
-9.2656022141e-05  0.0000000000e+00
-7.4118317711e-05  0.0000000000e+00
 4.8762111652e-05  0.0000000000e+00
 7.0623216876e-05  0.0000000000e+00
-1.5973403817e-05  0.0000000000e+00
-5.7694313786e-05  0.0000000000e+00
-5.0513612071e-06  0.0000000000e+00
 4.1298509869e-05  0.0000000000e+00
 1.5838503785e-05  0.0000000000e+00
-2.5598206117e-05  0.0000000000e+00
-1.9011204543e-05  0.0000000000e+00
 1.2932503090e-05  0.0000000000e+00
 1.7408104160e-05  0.0000000000e+00
-4.1282009865e-06  0.0000000000e+00
-1.3494803225e-05  0.0000000000e+00
-1.0342002471e-06  0.0000000000e+00
 9.0698421673e-06  0.0000000000e+00
 3.3438807990e-06  0.0000000000e+00
-5.2131312457e-06  0.0000000000e+00
-3.7664309000e-06  0.0000000000e+00
 2.3918905716e-06  0.0000000000e+00
 3.1788507596e-06  0.0000000000e+00
-6.4318915369e-07  0.0000000000e+00
-2.2345605340e-06  0.0000000000e+00
-2.3539105625e-07  0.0000000000e+00
 1.3330303185e-06  0.0000000000e+00
 5.2951412653e-07  0.0000000000e+00
-6.5666115691e-07  0.0000000000e+00
-5.0505412069e-07  0.0000000000e+00
 2.3807605689e-07  0.0000000000e+00
 3.5767708547e-07  0.0000000000e+00
-2.9325107007e-08  0.0000000000e+00
-2.0292504849e-07  0.0000000000e+00
-4.3772010460e-08  0.0000000000e+00
 9.0485221622e-08  0.0000000000e+00
 4.8235011526e-08  0.0000000000e+00
-2.7741006629e-08  0.0000000000e+00
-2.9735007105e-08  0.0000000000e+00
 2.1842305219e-09  0.0000000000e+00
 1.2403202964e-08  0.0000000000e+00
 4.7374411320e-09  0.0000000000e+00
-2.4877005945e-10  0.0000000000e+00
       0
