# Nanometrics Centaur Datalogger
# 2024-07-10
# Frank Vernon - BRTT
# NRL:Dec_IR30000_OR500_NS3-DC123-10-DC65-3-DC223-2_NHfd2fb39
# 
# input sample rate 3khz
# decimation factor 3
#
theoretical   1 FIR_filter   fir    seed
3000     3              32
      65
+7.90688E-08  +0.00000E+00
+2.32413E-07  +0.00000E+00
-2.77321E-07  +0.00000E+00
-2.57888E-06  +0.00000E+00
-4.46206E-06  +0.00000E+00
+2.84005E-06  +0.00000E+00
+2.42661E-05  +0.00000E+00
+3.58274E-05  +0.00000E+00
-1.51065E-05  +0.00000E+00
-1.34353E-04  +0.00000E+00
-1.82544E-04  +0.00000E+00
+5.51242E-05  +0.00000E+00
+5.34642E-04  +0.00000E+00
+6.89293E-04  +0.00000E+00
-1.53812E-04  +0.00000E+00
-1.68141E-03  +0.00000E+00
-2.09247E-03  +0.00000E+00
+3.47145E-04  +0.00000E+00
+4.42934E-03  +0.00000E+00
+5.38784E-03  +0.00000E+00
-6.55105E-04  +0.00000E+00
-1.02272E-02  +0.00000E+00
-1.23174E-02  +0.00000E+00
+1.05555E-03  +0.00000E+00
+2.17469E-02  +0.00000E+00
+2.64640E-02  +0.00000E+00
-1.47190E-03  +0.00000E+00
-4.64331E-02  +0.00000E+00
-6.02253E-02  +0.00000E+00
+1.79131E-03  +0.00000E+00
+1.34672E-01  +0.00000E+00
+2.72649E-01  +0.00000E+00
+3.31422E-01  +0.00000E+00
+2.72649E-01  +0.00000E+00
+1.34672E-01  +0.00000E+00
+1.79131E-03  +0.00000E+00
-6.02253E-02  +0.00000E+00
-4.64331E-02  +0.00000E+00
-1.47190E-03  +0.00000E+00
+2.64640E-02  +0.00000E+00
+2.17469E-02  +0.00000E+00
+1.05555E-03  +0.00000E+00
-1.23174E-02  +0.00000E+00
-1.02272E-02  +0.00000E+00
-6.55105E-04  +0.00000E+00
+5.38784E-03  +0.00000E+00
+4.42934E-03  +0.00000E+00
+3.47145E-04  +0.00000E+00
-2.09247E-03  +0.00000E+00
-1.68141E-03  +0.00000E+00
-1.53812E-04  +0.00000E+00
+6.89293E-04  +0.00000E+00
+5.34642E-04  +0.00000E+00
+5.51242E-05  +0.00000E+00
-1.82544E-04  +0.00000E+00
-1.34353E-04  +0.00000E+00
-1.51065E-05  +0.00000E+00
+3.58274E-05  +0.00000E+00
+2.42661E-05  +0.00000E+00
+2.84005E-06  +0.00000E+00
-4.46206E-06  +0.00000E+00
-2.57888E-06  +0.00000E+00
-2.77321E-07  +0.00000E+00
+2.32413E-07  +0.00000E+00
+7.90688E-08  +0.00000E+00
       0
