# Nanometrics HRD24 Digitizer
# Information from the HRD24 Manual
# Nikolaus Horn, ZAMG, 2007
# coefficients are symmetric, listed in time order
# normalization factor 	1.0
# gain factor 			1.0
theoretical  4  anti_alias   fir    hdr24-manual
500 5
56
.12782890E-04 0.0
.48643590E-04 0.0
.11441210E-03 0.0
.19101250E-03 0.0
.21918730E-03 0.0
.10430840E-03 0.0
-.24262950E-03 0.0
-.82881090E-03 0.0
-.14973390E-02 0.0
-.18942790E-02 0.0
-.15440160E-02 0.0
-.57334200E-04 0.0
.25742180E-02 0.0
.57240760E-02 0.0
.80869100E-02 0.0
.79813300E-02 0.0
.40091240E-02 0.0
-.41013180E-02 0.0
-.14800320E-01 0.0
-.24551390E-01 0.0
-.28451320E-01 0.0
-.21612060E-01 0.0
-.93961880E-03 0.0
.33307630E-01 0.0
.76832370E-01 0.0
.12189460E+00 0.0
.15915570E+00 0.0
.18025140E+00 0.0
.18025140E+00 0.0
.15915570E+00 0.0
.12189460E+00 0.0
.76832370E-01 0.0
.33307630E-01 0.0
-.93961880E-03 0.0
-.21612060E-01 0.0
-.28451320E-01 0.0
-.24551390E-01 0.0
-.14800320E-01 0.0
-.41013180E-02 0.0
.40091240E-02 0.0
.79813300E-02 0.0
.80869100E-02 0.0
.57240760E-02 0.0
.25742180E-02 0.0
-.57334200E-04 0.0
-.15440160E-02 0.0
-.18942790E-02 0.0
-.14973390E-02 0.0
-.82881090E-03 0.0
-.24262950E-03 0.0
.10430840E-03 0.0
.21918730E-03 0.0
.19101250E-03 0.0
.11441210E-03 0.0
.48643590E-04 0.0
.12782890E-04 0.0
0
