# Nanometrics HRD24 Digitizer
# Information from the HRD24 Manual
# Nikolaus Horn, ZAMG, 2007
# coefficients are symmetric, listed in time order
# normalization factor 	1.0
# gain factor 			1.0
theoretical  3  anti_alias   fir    hdr24-manual
2000 4
256
-.63165740E-06 0.0
-.62659390E-06 0.0
.12341120E-07 0.0
.19443620E-05 0.0
.52688010E-05 0.0
.92897450E-05 0.0
.12445590E-04 0.0
.12748020E-04 0.0
.87046720E-05 0.0
.38979440E-06 0.0
-.99129780E-05 0.0
-.18047240E-04 0.0
-.19491400E-04 0.0
-.11616430E-04 0.0
.43002920E-05 0.0
.22504380E-04 0.0
.34411790E-04 0.0
.32263790E-04 0.0
.13405330E-04 0.0
-.16936110E-04 0.0
-.46279200E-04 0.0
-.59500730E-04 0.0
-.46016810E-04 0.0
-.63744060E-05 0.0
.45373710E-04 0.0
.85775730E-04 0.0
.91924170E-04 0.0
.53358520E-04 0.0
-.19861020E-04 0.0
-.97951750E-04 0.0
-.14255550E-03 0.0
-.12460020E-03 0.0
-.40992450E-04 0.0
.78728180E-04 0.0
.18117280E-03 0.0
.21176560E-03 0.0
.14223950E-03 0.0
-.10259850E-04 0.0
-.18378220E-03 0.0
-.29509180E-03 0.0
-.27808870E-03 0.0
-.12008070E-03 0.0
.12294540E-03 0.0
.34332070E-03 0.0
.42759340E-03 0.0
.31267720E-03 0.0
.25394960E-04 0.0
-.31720130E-03 0.0
-.55291660E-03 0.0
-.54898170E-03 0.0
-.27285180E-03 0.0
.17702630E-03 0.0
.60176520E-03 0.0
.78727530E-03 0.0
.60901970E-03 0.0
.10637440E-03 0.0
-.51488380E-03 0.0
-.96290410E-03 0.0
-.99370050E-03 0.0
-.53871000E-03 0.0
.23864060E-03 0.0
.99472770E-03 0.0
.13537440E-02 0.0
.10901390E-02 0.0
.25880070E-03 0.0
-.79823550E-03 0.0
-.15868160E-02 0.0
-.16872140E-02 0.0
-.97042530E-03 0.0
.30438790E-03 0.0
.15734170E-02 0.0
.22119950E-02 0.0
.18360320E-02 0.0
.51828330E-03 0.0
-.11970330E-02 0.0
-.25107530E-02 0.0
-.27346700E-02 0.0
-.16423060E-02 0.0
.37022530E-03 0.0
.24128750E-02 0.0
.34870880E-02 0.0
.29651350E-02 0.0
.93716220E-03 0.0
-.17585740E-02 0.0
-.38698640E-02 0.0
-.43023520E-02 0.0
-.26724400E-02 0.0
.43201660E-03 0.0
.36408040E-02 0.0
.53930380E-02 0.0
.46822380E-02 0.0
.16054280E-02 0.0
-.25721630E-02 0.0
-.59171980E-02 0.0
-.67056870E-02 0.0
-.42873790E-02 0.0
.48599150E-03 0.0
.55216500E-02 0.0
.83789800E-02 0.0
.74249080E-02 0.0
.27166160E-02 0.0
-.38455880E-02 0.0
-.92457940E-02 0.0
-.10700780E-01 0.0
-.70426100E-02 0.0
.52905760E-03 0.0
.87573810E-02 0.0
.13670180E-01 0.0
.12425050E-01 0.0
.48309240E-02 0.0
-.62198690E-02 0.0
-.15746090E-01 0.0
-.18802240E-01 0.0
-.12872000E-01 0.0
.55895630E-03 0.0
.16093270E-01 0.0
.26359450E-01 0.0
.25168140E-01 0.0
.10638890E-01 0.0
-.13085150E-01 0.0
-.36463380E-01 0.0
-.47557470E-01 0.0
-.36446600E-01 0.0
.57424880E-03 0.0
.58698170E-01 0.0
.12526940E+00 0.0
.18337210E+00 0.0
.21718010E+00 0.0
.21718010E+00 0.0
.18337210E+00 0.0
.12526940E+00 0.0
.58698170E-01 0.0
.57424880E-03 0.0
-.36446600E-01 0.0
-.47557470E-01 0.0
-.36463380E-01 0.0
-.13085150E-01 0.0
.10638890E-01 0.0
.25168140E-01 0.0
.26359450E-01 0.0
.16093270E-01 0.0
.55895630E-03 0.0
-.12872000E-01 0.0
-.18802240E-01 0.0
-.15746090E-01 0.0
-.62198690E-02 0.0
.48309240E-02 0.0
.12425050E-01 0.0
.13670180E-01 0.0
.87573810E-02 0.0
.52905760E-03 0.0
-.70426100E-02 0.0
-.10700780E-01 0.0
-.92457940E-02 0.0
-.38455880E-02 0.0
.27166160E-02 0.0
.74249080E-02 0.0
.83789800E-02 0.0
.55216500E-02 0.0
.48599150E-03 0.0
-.42873790E-02 0.0
-.67056870E-02 0.0
-.59171980E-02 0.0
-.25721630E-02 0.0
.16054280E-02 0.0
.46822380E-02 0.0
.53930380E-02 0.0
.36408040E-02 0.0
.43201660E-03 0.0
-.26724400E-02 0.0
-.43023520E-02 0.0
-.38698640E-02 0.0
-.17585740E-02 0.0
.93716220E-03 0.0
.29651350E-02 0.0
.34870880E-02 0.0
.24128750E-02 0.0
.37022530E-03 0.0
-.16423060E-02 0.0
-.27346700E-02 0.0
-.25107530E-02 0.0
-.11970330E-02 0.0
.51828330E-03 0.0
.18360320E-02 0.0
.22119950E-02 0.0
.15734170E-02 0.0
.30438790E-03 0.0
-.97042530E-03 0.0
-.16872140E-02 0.0
-.15868160E-02 0.0
-.79823550E-03 0.0
.25880070E-03 0.0
.10901390E-02 0.0
.13537440E-02 0.0
.99472770E-03 0.0
.23864060E-03 0.0
-.53871000E-03 0.0
-.99370050E-03 0.0
-.96290410E-03 0.0
-.51488380E-03 0.0
.10637440E-03 0.0
.60901970E-03 0.0
.78727530E-03 0.0
.60176520E-03 0.0
.17702630E-03 0.0
-.27285180E-03 0.0
-.54898170E-03 0.0
-.55291660E-03 0.0
-.31720130E-03 0.0
.25394960E-04 0.0
.31267720E-03 0.0
.42759340E-03 0.0
.34332070E-03 0.0
.12294540E-03 0.0
-.12008070E-03 0.0
-.27808870E-03 0.0
-.29509180E-03 0.0
-.18378220E-03 0.0
-.10259850E-04 0.0
.14223950E-03 0.0
.21176560E-03 0.0
.18117280E-03 0.0
.78728180E-04 0.0
-.40992450E-04 0.0
-.12460020E-03 0.0
-.14255550E-03 0.0
-.97951750E-04 0.0
-.19861020E-04 0.0
.53358520E-04 0.0
.91924170E-04 0.0
.85775730E-04 0.0
.45373710E-04 0.0
-.63744060E-05 0.0
-.46016810E-04 0.0
-.59500730E-04 0.0
-.46279200E-04 0.0
-.16936110E-04 0.0
.13405330E-04 0.0
.32263790E-04 0.0
.34411790E-04 0.0
.22504380E-04 0.0
.43002920E-05 0.0
-.11616430E-04 0.0
-.19491400E-04 0.0
-.18047240E-04 0.0
-.99129780E-05 0.0
.38979440E-06 0.0
.87046720E-05 0.0
.12748020E-04 0.0
.12445590E-04 0.0
.92897450E-05 0.0
.52688010E-05 0.0
.19443620E-05 0.0
.12341120E-07 0.0
-.62659390E-06 0.0
-.63165740E-06 0.0
0
