# Nanometrics HRD24 Digitizer
# Information from the HRD24 Manual
# Nikolaus Horn, ZAMG, 2007
# coefficients are symmetric, listed in time order
# normalization factor 	1.0
# gain factor 			1.0
theoretical  1  anti_alias   fir    hdr24-manual
2000 2
118
-.10469050E-04 0.0
-.23775850E-04 0.0
-.57189790E-05 0.0
.34235910E-04 0.0
.30510890E-04 0.0
-.43931380E-04 0.0
-.74450120E-04 0.0
.33569670E-04 0.0
.13626920E-03 0.0
.12775610E-04 0.0
-.20250920E-03 0.0
-.11221470E-03 0.0
.24881280E-03 0.0
.27300920E-03 0.0
-.23787890E-03 0.0
-.48829860E-03 0.0
.12572530E-03 0.0
.72734340E-03 0.0
.12936810E-03 0.0
-.93176250E-03 0.0
-.55240180E-03 0.0
.10165270E-02 0.0
.11356850E-02 0.0
-.87963280E-03 0.0
-.18237780E-02 0.0
.42009940E-03 0.0
.25042740E-02 0.0
.43635570E-03 0.0
-.30083210E-02 0.0
-.17077060E-02 0.0
.31243130E-02 0.0
.33271760E-02 0.0
-.26257430E-02 0.0
-.51224640E-02 0.0
.13114520E-02 0.0
.68085340E-02 0.0
.94634530E-03 0.0
-.79983710E-02 0.0
-.41534900E-02 0.0
.82323910E-02 0.0
.81525810E-02 0.0
-.70231140E-02 0.0
-.12595930E-01 0.0
.39059990E-02 0.0
.16935290E-01 0.0
.15189370E-02 0.0
-.20422150E-01 0.0
-.95799080E-02 0.0
.22094260E-01 0.0
.20608240E-01 0.0
-.20677420E-01 0.0
-.35219510E-01 0.0
.14170540E-01 0.0
.55255850E-01 0.0
.19045860E-02 0.0
-.87902020E-01 0.0
-.45041460E-01 0.0
.18229700E+00 0.0
.41058640E+00 0.0
.41058640E+00 0.0
.18229700E+00 0.0
-.45041460E-01 0.0
-.87902020E-01 0.0
.19045860E-02 0.0
.55255850E-01 0.0
.14170540E-01 0.0
-.35219510E-01 0.0
-.20677420E-01 0.0
.20608240E-01 0.0
.22094260E-01 0.0
-.95799080E-02 0.0
-.20422150E-01 0.0
.15189370E-02 0.0
.16935290E-01 0.0
.39059990E-02 0.0
-.12595930E-01 0.0
-.70231140E-02 0.0
.81525810E-02 0.0
.82323910E-02 0.0
-.41534900E-02 0.0
-.79983710E-02 0.0
.94634530E-03 0.0
.68085340E-02 0.0
.13114520E-02 0.0
-.51224640E-02 0.0
-.26257430E-02 0.0
.33271760E-02 0.0
.31243130E-02 0.0
-.17077060E-02 0.0
-.30083210E-02 0.0
.43635570E-03 0.0
.25042740E-02 0.0
.42009940E-03 0.0
-.18237780E-02 0.0
-.87963280E-03 0.0
.11356850E-02 0.0
.10165270E-02 0.0
-.55240180E-03 0.0
-.93176250E-03 0.0
.12936810E-03 0.0
.72734340E-03 0.0
.12572530E-03 0.0
-.48829860E-03 0.0
-.23787890E-03 0.0
.27300920E-03 0.0
.24881280E-03 0.0
-.11221470E-03 0.0
-.20250920E-03 0.0
.12775610E-04 0.0
.13626920E-03 0.0
.33569670E-04 0.0
-.74450120E-04 0.0
-.43931380E-04 0.0
.30510890E-04 0.0
.34235910E-04 0.0
-.57189790E-05 0.0
-.23775850E-04 0.0
-.10469050E-04 0.0
0
