# Nanometrics HRD24 Digitizer
# Information from the HRD24 Manual
# Nikolaus Horn, ZAMG, 2007
# coefficients are symmetric, listed in time order
# normalization factor 	1.0
# gain factor 			1.0
theoretical  5  anti_alias   fir    hdr24-manual
50 5
256
-.58341210E-05 0.0
-.97909810E-05 0.0
-.14950560E-04 0.0
-.18411240E-04 0.0
-.17651870E-04 0.0
-.10377960E-04 0.0
.45130490E-05 0.0
.26043100E-04 0.0
.50695700E-04 0.0
.72713060E-04 0.0
.85281480E-04 0.0
.82442490E-04 0.0
.61274060E-04 0.0
.23651500E-04 0.0
-.23135700E-04 0.0
-.67405480E-04 0.0
-.95796680E-04 0.0
-.97157430E-04 0.0
-.66560650E-04 0.0
-.81320900E-05 0.0
.64496310E-04 0.0
.13074540E-03 0.0
.16840730E-03 0.0
.16048740E-03 0.0
.10159850E-03 0.0
.17182670E-05 0.0
-.11440040E-03 0.0
-.21272770E-03 0.0
-.25939080E-03 0.0
-.23160750E-03 0.0
-.12678270E-03 0.0
.33505350E-04 0.0
.20673650E-03 0.0
.33995610E-03 0.0
.38523620E-03 0.0
.31579180E-03 0.0
.13760430E-03 0.0
-.10787590E-03 0.0
-.35208950E-03 0.0
-.51762300E-03 0.0
-.54179750E-03 0.0
-.39867720E-03 0.0
-.11216670E-03 0.0
.24520840E-03 0.0
.56929360E-03 0.0
.75359680E-03 0.0
.72298160E-03 0.0
.46145650E-03 0.0
.24388810E-04 0.0
-.47066000E-03 0.0
-.87408170E-03 0.0
-.10481340E-02 0.0
-.91212410E-03 0.0
-.47452460E-03 0.0
.15975800E-03 0.0
.81206220E-03 0.0
.12786600E-02 0.0
.13927240E-02 0.0
.10812130E-02 0.0
.39795400E-03 0.0
-.48014670E-03 0.0
-.12964150E-02 0.0
-.17875410E-02 0.0
-.17662870E-02 0.0
-.11884130E-02 0.0
-.18094000E-03 0.0
.98108760E-03 0.0
.19470490E-02 0.0
.23942110E-02 0.0
.21323790E-02 0.0
.11766510E-02 0.0
-.23782690E-03 0.0
-.17093030E-02 0.0
-.27805280E-02 0.0
-.30777790E-02 0.0
-.24364060E-02 0.0
-.97198160E-03 0.0
.93041830E-03 0.0
.27128880E-02 0.0
.38046110E-02 0.0
.38003170E-02 0.0
.26026980E-02 0.0
.48070990E-03 0.0
-.19821030E-02 0.0
-.40427900E-02 0.0
-.50181070E-02 0.0
-.45043970E-02 0.0
-.25293030E-02 0.0
.41830170E-03 0.0
.35003010E-02 0.0
.57607290E-02 0.0
.64147440E-02 0.0
.51099710E-02 0.0
.20761460E-02 0.0
-.18935850E-02 0.0
-.56389330E-02 0.0
-.79612020E-02 0.0
-.79942670E-02 0.0
-.55064680E-02 0.0
-.10335250E-02 0.0
.42143110E-02 0.0
.86632170E-02 0.0
.10829570E-01 0.0
.97904870E-02 0.0
.55284280E-02 0.0
-.96807720E-03 0.0
-.79023240E-02 0.0
-.13135920E-01 0.0
-.14809990E-01 0.0
-.11950010E-01 0.0
-.48711300E-02 0.0
.47579920E-02 0.0
.14249090E-01 0.0
.20571980E-01 0.0
.21218270E-01 0.0
.15025070E-01 0.0
.27228040E-02 0.0
-.12974050E-01 0.0
-.27805090E-01 0.0
-.36865790E-01 0.0
-.35778870E-01 0.0
-.21855210E-01 0.0
.50520950E-02 0.0
.42237240E-01 0.0
.84486840E-01 0.0
.12503380E+00 0.0
.15691950E+00 0.0
.17445760E+00 0.0
.17445760E+00 0.0
.15691950E+00 0.0
.12503380E+00 0.0
.84486840E-01 0.0
.42237240E-01 0.0
.50520950E-02 0.0
-.21855210E-01 0.0
-.35778870E-01 0.0
-.36865790E-01 0.0
-.27805090E-01 0.0
-.12974050E-01 0.0
.27228040E-02 0.0
.15025070E-01 0.0
.21218270E-01 0.0
.20571980E-01 0.0
.14249090E-01 0.0
.47579920E-02 0.0
-.48711300E-02 0.0
-.11950010E-01 0.0
-.14809990E-01 0.0
-.13135920E-01 0.0
-.79023240E-02 0.0
-.96807720E-03 0.0
.55284280E-02 0.0
.97904870E-02 0.0
.10829570E-01 0.0
.86632170E-02 0.0
.42143110E-02 0.0
-.10335250E-02 0.0
-.55064680E-02 0.0
-.79942670E-02 0.0
-.79612020E-02 0.0
-.56389330E-02 0.0
-.18935850E-02 0.0
.20761460E-02 0.0
.51099710E-02 0.0
.64147440E-02 0.0
.57607290E-02 0.0
.35003010E-02 0.0
.41830170E-03 0.0
-.25293030E-02 0.0
-.45043970E-02 0.0
-.50181070E-02 0.0
-.40427900E-02 0.0
-.19821030E-02 0.0
.48070990E-03 0.0
.26026980E-02 0.0
.38003170E-02 0.0
.38046110E-02 0.0
.27128880E-02 0.0
.93041830E-03 0.0
-.97198160E-03 0.0
-.24364060E-02 0.0
-.30777790E-02 0.0
-.27805280E-02 0.0
-.17093030E-02 0.0
-.23782690E-03 0.0
.11766510E-02 0.0
.21323790E-02 0.0
.23942110E-02 0.0
.19470490E-02 0.0
.98108760E-03 0.0
-.18094000E-03 0.0
-.11884130E-02 0.0
-.17662870E-02 0.0
-.17875410E-02 0.0
-.12964150E-02 0.0
-.48014670E-03 0.0
.39795400E-03 0.0
.10812130E-02 0.0
.13927240E-02 0.0
.12786600E-02 0.0
.81206220E-03 0.0
.15975800E-03 0.0
-.47452460E-03 0.0
-.91212410E-03 0.0
-.10481340E-02 0.0
-.87408170E-03 0.0
-.47066000E-03 0.0
.24388810E-04 0.0
.46145650E-03 0.0
.72298160E-03 0.0
.75359680E-03 0.0
.56929360E-03 0.0
.24520840E-03 0.0
-.11216670E-03 0.0
-.39867720E-03 0.0
-.54179750E-03 0.0
-.51762300E-03 0.0
-.35208950E-03 0.0
-.10787590E-03 0.0
.13760430E-03 0.0
.31579180E-03 0.0
.38523620E-03 0.0
.33995610E-03 0.0
.20673650E-03 0.0
.33505350E-04 0.0
-.12678270E-03 0.0
-.23160750E-03 0.0
-.25939080E-03 0.0
-.21272770E-03 0.0
-.11440040E-03 0.0
.17182670E-05 0.0
.10159850E-03 0.0
.16048740E-03 0.0
.16840730E-03 0.0
.13074540E-03 0.0
.64496310E-04 0.0
-.81320900E-05 0.0
-.66560650E-04 0.0
-.97157430E-04 0.0
-.95796680E-04 0.0
-.67405480E-04 0.0
-.23135700E-04 0.0
.23651500E-04 0.0
.61274060E-04 0.0
.82442490E-04 0.0
.85281480E-04 0.0
.72713060E-04 0.0
.50695700E-04 0.0
.26043100E-04 0.0
.45130490E-05 0.0
-.10377960E-04 0.0
-.17651870E-04 0.0
-.18411240E-04 0.0
-.14950560E-04 0.0
-.97909810E-05 0.0
-.58341210E-05 0.0
0
