# Nanometrics HRD24 Digitizer
# Information from the HRD24 Manual
# Nikolaus Horn, ZAMG, 2007
# coefficients are symmetric, listed in time order
# normalization factor 	1.0
# gain factor 			1.0
theoretical  4  anti_alias   fir    hdr24-manual
1000 10
36
.17959570E+00 0.0
.15658660E+00 0.0
.11696820E+00 0.0
.71106050E-01 0.0
.29584940E-01 0.0
-.19804620E-03 0.0
-.15757160E-01 0.0
-.19135740E-01 0.0
-.14987090E-01 0.0
-.82432300E-02 0.0
-.24120900E-02 0.0
.10071550E-02 0.0
.21350310E-02 0.0
.18729370E-02 0.0
.11472870E-02 0.0
.52109530E-03 0.0
.16726350E-03 0.0
.30742490E-04 0.0
.30742490E-04 0.0
.16726350E-03 0.0
.52109530E-03 0.0
.11472870E-02 0.0
.18729370E-02 0.0
.21350310E-02 0.0
.10071550E-02 0.0
-.24120900E-02 0.0
-.82432300E-02 0.0
-.14987090E-01 0.0
-.19135740E-01 0.0
-.15757160E-01 0.0
-.19804620E-03 0.0
.29584940E-01 0.0
.71106050E-01 0.0
.11696820E+00 0.0
.15658660E+00 0.0
.17959570E+00 0.0
0
