# Nanometric Titan nano_200sps_dec15_fir1 FIR filter file  
# $Id$
# coefficients are symetric, listed in time order 
# type                  2  
# npoles                0  
# input sample rate     30000  
# decimation factor     15 
# normalization factor  1.0 
# gain factor           1.000000 
theoretical  1  anti_alias   fir    coef_conv 
30000 15 86
173
-4.362506220108750e-010	0.0 
-1.806376451116416e-009	0.0 
-5.570394776144358e-009	0.0 
-1.438565196188544e-008	0.0 
-3.295637947256818e-008	0.0 
-6.910595136467388e-008	0.0 
-1.351974812166871e-007	0.0 
-2.499213997487419e-007	0.0 
-4.404316319576105e-007	0.0 
-7.447576664034625e-007	0.0 
-1.214345110894767e-006	0.0 
-1.916484003651231e-006	0.0 
-2.936281628072127e-006	0.0 
-4.377722173080341e-006	0.0 
-6.363249425455480e-006	0.0 
-9.031219018893644e-006	0.0 
-1.253050991642668e-005	0.0 
-1.701158506617340e-005	0.0 
-2.261336249927899e-005	0.0 
-2.944542166285249e-005	0.0 
-3.756534261937042e-005	0.0 
-4.695136269020378e-005	0.0 
-5.747103928147660e-005	0.0 
-6.884721727189637e-005	0.0 
-8.062328835311143e-005	0.0 
-9.213045884260119e-005	0.0 
-1.024604566907290e-004	0.0 
-1.104477393848633e-004	0.0 
-1.146657308989088e-004	0.0 
-1.134418328258946e-004	0.0 
-1.048958370196779e-004	0.0 
-8.700583403336131e-005	0.0 
-5.770470299733258e-005	0.0 
-1.500874890848986e-005	0.0 
+4.282198036188565e-005	0.0 
+1.170946708592686e-004	0.0 
+2.084718760741516e-004	0.0 
+3.167458041499561e-004	0.0 
+4.406109467810773e-004	0.0 
+5.774502548319454e-004	0.0 
+7.231526444568223e-004	0.0 
+8.719814767556627e-004	0.0 
+1.016514513735156e-003	0.0 
+1.147675456659802e-003	0.0 
+1.254875311444148e-003	0.0 
+1.326278362059338e-003	0.0 
+1.349202425238514e-003	0.0 
+1.310656377889152e-003	0.0 
+1.198009886879690e-003	0.0 
+9.997811537926220e-004	0.0 
+7.065187636937218e-004	0.0 
+3.117439541878291e-004	0.0 
-1.870895590434082e-004	0.0 
-7.876689608887009e-004	0.0 
-1.481985597005660e-003	0.0 
-2.255648076383899e-003	0.0 
-3.087405267712509e-003	0.0 
-3.948935724464110e-003	0.0 
-4.804952725862425e-003	0.0 
-5.613662944727127e-003	0.0 
-6.327602002650539e-003	0.0 
-6.894852362841282e-003	0.0 
-7.260628906030117e-003	0.0 
-7.369196124240714e-003	0.0 
-7.166059317737823e-003	0.0 
-6.600351775276087e-003	0.0 
-5.627321980254949e-003	0.0 
-4.210810695767793e-003	0.0 
-2.325598488811593e-003	0.0 
+4.049920848604366e-005	0.0 
+2.884909393986904e-003	0.0 
+6.189061272639760e-003	0.0 
+9.917722222465147e-003	0.0 
+1.401898110594868e-002	0.0 
+1.842492232406818e-002	0.0 
+2.305300233040384e-002	0.0 
+2.780810631408575e-002	0.0 
+3.258522823069956e-002	0.0 
+3.727268423059304e-002	0.0 
+4.175573972102439e-002	0.0 
+4.592050559581340e-002	0.0 
+4.965794112684497e-002	0.0 
+5.286779084561585e-002	0.0 
+5.546228122998397e-002	0.0 
+5.736941044406934e-002	0.0 
+5.853568053358436e-002	0.0 
+5.892814561810381e-002	0.0 
+5.853568053358436e-002	0.0 
+5.736941044406934e-002	0.0 
+5.546228122998397e-002	0.0 
+5.286779084561585e-002	0.0 
+4.965794112684497e-002	0.0 
+4.592050559581340e-002	0.0 
+4.175573972102439e-002	0.0 
+3.727268423059304e-002	0.0 
+3.258522823069956e-002	0.0 
+2.780810631408575e-002	0.0 
+2.305300233040384e-002	0.0 
+1.842492232406818e-002	0.0 
+1.401898110594868e-002	0.0 
+9.917722222465147e-003	0.0 
+6.189061272639760e-003	0.0 
+2.884909393986904e-003	0.0 
+4.049920848604366e-005	0.0 
-2.325598488811593e-003	0.0 
-4.210810695767793e-003	0.0 
-5.627321980254949e-003	0.0 
-6.600351775276087e-003	0.0 
-7.166059317737823e-003	0.0 
-7.369196124240714e-003	0.0 
-7.260628906030117e-003	0.0 
-6.894852362841282e-003	0.0 
-6.327602002650539e-003	0.0 
-5.613662944727127e-003	0.0 
-4.804952725862425e-003	0.0 
-3.948935724464110e-003	0.0 
-3.087405267712509e-003	0.0 
-2.255648076383899e-003	0.0 
-1.481985597005660e-003	0.0 
-7.876689608887009e-004	0.0 
-1.870895590434082e-004	0.0 
+3.117439541878291e-004	0.0 
+7.065187636937218e-004	0.0 
+9.997811537926220e-004	0.0 
+1.198009886879690e-003	0.0 
+1.310656377889152e-003	0.0 
+1.349202425238514e-003	0.0 
+1.326278362059338e-003	0.0 
+1.254875311444148e-003	0.0 
+1.147675456659802e-003	0.0 
+1.016514513735156e-003	0.0 
+8.719814767556627e-004	0.0 
+7.231526444568223e-004	0.0 
+5.774502548319454e-004	0.0 
+4.406109467810773e-004	0.0 
+3.167458041499561e-004	0.0 
+2.084718760741516e-004	0.0 
+1.170946708592686e-004	0.0 
+4.282198036188565e-005	0.0 
-1.500874890848986e-005	0.0 
-5.770470299733258e-005	0.0 
-8.700583403336131e-005	0.0 
-1.048958370196779e-004	0.0 
-1.134418328258946e-004	0.0 
-1.146657308989088e-004	0.0 
-1.104477393848633e-004	0.0 
-1.024604566907290e-004	0.0 
-9.213045884260119e-005	0.0 
-8.062328835311143e-005	0.0 
-6.884721727189637e-005	0.0 
-5.747103928147660e-005	0.0 
-4.695136269020378e-005	0.0 
-3.756534261937042e-005	0.0 
-2.944542166285249e-005	0.0 
-2.261336249927899e-005	0.0 
-1.701158506617340e-005	0.0 
-1.253050991642668e-005	0.0 
-9.031219018893644e-006	0.0 
-6.363249425455480e-006	0.0 
-4.377722173080341e-006	0.0 
-2.936281628072127e-006	0.0 
-1.916484003651231e-006	0.0 
-1.214345110894767e-006	0.0 
-7.447576664034625e-007	0.0 
-4.404316319576105e-007	0.0 
-2.499213997487419e-007	0.0 
-1.351974812166871e-007	0.0 
-6.910595136467388e-008	0.0 
-3.295637947256818e-008	0.0 
-1.438565196188544e-008	0.0 
-5.570394776144358e-009	0.0 
-1.806376451116416e-009	0.0 
-4.362506220108750e-010	0.0 
0
