# Nanometric Trident nano_200sps_dec5_fir2 FIR filter file  
# $Id$
# coefficients are symetric, listed in time order 
# type                  2  
# npoles                0  
# input sample rate     2000  
# decimation factor     5 
# normalization factor  1.0 
# gain factor           1.000000 
theoretical  1  anti_alias   fir    coef_conv 
2000 5 47
95
+6.153430295132828e-009	0.0 
+3.530519327063935e-008	0.0 
+1.089858214494524e-007	0.0 
+2.142857295407477e-007	0.0 
+2.256697716333727e-007	0.0 
-1.682190850826297e-007	0.0 
-1.414450788649266e-006	0.0 
-3.770907100820789e-006	0.0 
-6.660793923894316e-006	0.0 
-7.962811040042683e-006	0.0 
-3.899630850342331e-006	0.0 
+9.603922277193346e-006	0.0 
+3.362840827823712e-005	0.0 
+6.183138898420558e-005	0.0 
+7.748136498063315e-005	0.0 
+5.581577095929406e-005	0.0 
-2.520515934503081e-005	0.0 
-1.665611915198329e-004	0.0 
-3.294145372558157e-004	0.0 
-4.289274408458540e-004	0.0 
-3.543105868444424e-004	0.0 
-2.029750670138214e-005	0.0 
+5.622960580560747e-004	0.0 
+1.229527426586142e-003	0.0 
+1.664545040670753e-003	0.0 
+1.488560016088282e-003	0.0 
+4.394819913049908e-004	0.0 
-1.418539563620706e-003	0.0 
-3.558013639677270e-003	0.0 
-5.035428581611710e-003	0.0 
-4.783902856107047e-003	0.0 
-2.105146950388155e-003	0.0 
+2.811017086151542e-003	0.0 
+8.594694156147317e-003	0.0 
+1.286812435881155e-002	0.0 
+1.297354635818739e-002	0.0 
+7.110221727755215e-003	0.0 
-4.505597263086766e-003	0.0 
-1.896891727817149e-002	0.0 
-3.093477238042327e-002	0.0 
-3.392627187366533e-002	0.0 
-2.242131236251002e-002	0.0 
+5.943292375288421e-003	0.0 
+4.887832338440840e-002	0.0 
+9.933513218795276e-002	0.0 
+1.470122062931602e-001	0.0 
+1.811124481365914e-001	0.0 
+1.934882509424306e-001	0.0 
+1.811124481365914e-001	0.0 
+1.470122062931602e-001	0.0 
+9.933513218795276e-002	0.0 
+4.887832338440840e-002	0.0 
+5.943292375288421e-003	0.0 
-2.242131236251002e-002	0.0 
-3.392627187366533e-002	0.0 
-3.093477238042327e-002	0.0 
-1.896891727817149e-002	0.0 
-4.505597263086766e-003	0.0 
+7.110221727755215e-003	0.0 
+1.297354635818739e-002	0.0 
+1.286812435881155e-002	0.0 
+8.594694156147317e-003	0.0 
+2.811017086151542e-003	0.0 
-2.105146950388155e-003	0.0 
-4.783902856107047e-003	0.0 
-5.035428581611710e-003	0.0 
-3.558013639677270e-003	0.0 
-1.418539563620706e-003	0.0 
+4.394819913049908e-004	0.0 
+1.488560016088282e-003	0.0 
+1.664545040670753e-003	0.0 
+1.229527426586142e-003	0.0 
+5.622960580560747e-004	0.0 
-2.029750670138214e-005	0.0 
-3.543105868444424e-004	0.0 
-4.289274408458540e-004	0.0 
-3.294145372558157e-004	0.0 
-1.665611915198329e-004	0.0 
-2.520515934503081e-005	0.0 
+5.581577095929406e-005	0.0 
+7.748136498063315e-005	0.0 
+6.183138898420558e-005	0.0 
+3.362840827823712e-005	0.0 
+9.603922277193346e-006	0.0 
-3.899630850342331e-006	0.0 
-7.962811040042683e-006	0.0 
-6.660793923894316e-006	0.0 
-3.770907100820789e-006	0.0 
-1.414450788649266e-006	0.0 
-1.682190850826297e-007	0.0 
+2.256697716333727e-007	0.0 
+2.142857295407477e-007	0.0 
+1.089858214494524e-007	0.0 
+3.530519327063935e-008	0.0 
+6.153430295132828e-009	0.0 
0
