# Nanometric Trident nano_10sps_dec20_fir1 FIR filter file  
# coefficients are symetric, listed in time order 
# type                  2  
# npoles                0  
# input sample rate     2000  
# decimation factor     20 
# normalization factor  1.0 
# gain factor           1.000000 
theoretical  1  anti_alias   fir    coef_conv 
2000 20 107
213
+1.064907617486405e-009	0.0 
+1.034453178307261e-009	0.0 
+9.664113963958244e-010	0.0 
+8.418348553462952e-010	0.0 
+6.249258356490772e-010	0.0 
+2.516549535268758e-010	0.0 
-3.876703288067790e-010	0.0 
-1.474331731295020e-009	0.0 
-3.298806094223753e-009	0.0 
-6.314136929531576e-009	0.0 
-1.121016047230174e-008	0.0 
-1.901483719775274e-008	0.0 
-3.123022237999416e-008	0.0 
-5.001196408074772e-008	0.0 
-7.840265257259518e-008	0.0 
-1.206307425175897e-007	0.0 
-1.824880863208179e-007	0.0 
-2.718002527084321e-007	0.0 
-3.990046104754481e-007	0.0 
-5.778515264232270e-007	0.0 
-8.262437818926275e-007	0.0 
-1.167228277378105e-006	0.0 
-1.630152097364685e-006	0.0 
-2.251991852378070e-006	0.0 
-3.078860723061025e-006	0.0 
-4.167691627856855e-006	0.0 
-5.588087296214108e-006	0.0 
-7.424318639540946e-006	0.0 
-9.777441626027677e-006	0.0 
-1.276748991862822e-005	0.0 
-1.653568591925185e-005	0.0 
-2.124659677792683e-005	0.0 
-2.709014468801596e-005	0.0 
-3.428336281447289e-005	0.0 
-4.307177003589932e-005	0.0 
-5.373021998545357e-005	0.0 
-6.656306343787459e-005	0.0 
-8.190344879132025e-005	0.0 
-1.001115742094661e-004	0.0 
-1.215716979621988e-004	0.0 
-1.466877117031738e-004	0.0 
-1.758770859167701e-004	0.0 
-2.095630085718339e-004	0.0 
-2.481645580520465e-004	0.0 
-2.920847804659816e-004	0.0 
-3.416965800307624e-004	0.0 
-3.973263796728150e-004	0.0 
-4.592355672882901e-004	0.0 
-5.275998108837911e-004	0.0 
-6.024864023037121e-004	0.0 
-6.838298732466565e-004	0.0 
-7.714062171413840e-004	0.0 
-8.648061441093757e-004	0.0 
-9.634078911739306e-004	0.0 
-1.066350203188083e-003	0.0 
-1.172506188408088e-003	0.0 
-1.280458832741380e-003	0.0 
-1.388479024791834e-003	0.0 
-1.494506996192347e-003	0.0 
-1.596138114719560e-003	0.0 
-1.690613977896006e-003	0.0 
-1.774819739131641e-003	0.0 
-1.845288554367976e-003	0.0 
-1.898213962743382e-003	0.0 
-1.929470908861292e-003	0.0 
-1.934645976577522e-003	0.0 
-1.909077235596615e-003	0.0 
-1.847903904417293e-003	0.0 
-1.746125809244897e-003	0.0 
-1.598672372460225e-003	0.0 
-1.400480601239162e-003	0.0 
-1.146581273096341e-003	0.0 
-8.321922374960512e-004	0.0 
-4.528174789654291e-004	0.0 
-4.350325607132146e-006	0.0 
+5.168210539300105e-004	0.0 
+1.113707933547817e-003	0.0 
+1.788617335426292e-003	0.0 
+2.543052729685069e-003	0.0 
+3.377621575812952e-003	0.0 
+4.291952172227477e-003	0.0 
+5.284622236434193e-003	0.0 
+6.353101529129874e-003	0.0 
+7.493710660214747e-003	0.0 
+8.701597973949728e-003	0.0 
+9.970736107327261e-003	0.0 
+1.129393945504515e-002	0.0 
+1.266290336317476e-002	0.0 
+1.406826542043067e-002	0.0 
+1.549968873126445e-002	0.0 
+1.694596655060130e-002	0.0 
+1.839514714878393e-002	0.0 
+1.983467727077701e-002	0.0 
+2.125156206983979e-002	0.0 
+2.263253894652174e-002	0.0 
+2.396426232227562e-002	0.0 
+2.523349603555283e-002	0.0 
+2.642730977791709e-002	0.0 
+2.753327579770644e-002	0.0 
+2.853966199622893e-002	0.0 
+2.943561753119303e-002	0.0 
+3.021134712629040e-002	0.0 
+3.085827046415188e-002	0.0 
+3.136916330916253e-002	0.0 
+3.173827736108024e-002	0.0 
+3.196143627177688e-002	0.0 
+3.203610575514897e-002	0.0 
+3.196143627177688e-002	0.0 
+3.173827736108024e-002	0.0 
+3.136916330916253e-002	0.0 
+3.085827046415188e-002	0.0 
+3.021134712629040e-002	0.0 
+2.943561753119303e-002	0.0 
+2.853966199622893e-002	0.0 
+2.753327579770644e-002	0.0 
+2.642730977791709e-002	0.0 
+2.523349603555283e-002	0.0 
+2.396426232227562e-002	0.0 
+2.263253894652174e-002	0.0 
+2.125156206983979e-002	0.0 
+1.983467727077701e-002	0.0 
+1.839514714878393e-002	0.0 
+1.694596655060130e-002	0.0 
+1.549968873126445e-002	0.0 
+1.406826542043067e-002	0.0 
+1.266290336317476e-002	0.0 
+1.129393945504515e-002	0.0 
+9.970736107327261e-003	0.0 
+8.701597973949728e-003	0.0 
+7.493710660214747e-003	0.0 
+6.353101529129874e-003	0.0 
+5.284622236434193e-003	0.0 
+4.291952172227477e-003	0.0 
+3.377621575812952e-003	0.0 
+2.543052729685069e-003	0.0 
+1.788617335426292e-003	0.0 
+1.113707933547817e-003	0.0 
+5.168210539300105e-004	0.0 
-4.350325607132146e-006	0.0 
-4.528174789654291e-004	0.0 
-8.321922374960512e-004	0.0 
-1.146581273096341e-003	0.0 
-1.400480601239162e-003	0.0 
-1.598672372460225e-003	0.0 
-1.746125809244897e-003	0.0 
-1.847903904417293e-003	0.0 
-1.909077235596615e-003	0.0 
-1.934645976577522e-003	0.0 
-1.929470908861292e-003	0.0 
-1.898213962743382e-003	0.0 
-1.845288554367976e-003	0.0 
-1.774819739131641e-003	0.0 
-1.690613977896006e-003	0.0 
-1.596138114719560e-003	0.0 
-1.494506996192347e-003	0.0 
-1.388479024791834e-003	0.0 
-1.280458832741380e-003	0.0 
-1.172506188408088e-003	0.0 
-1.066350203188083e-003	0.0 
-9.634078911739306e-004	0.0 
-8.648061441093757e-004	0.0 
-7.714062171413840e-004	0.0 
-6.838298732466565e-004	0.0 
-6.024864023037121e-004	0.0 
-5.275998108837911e-004	0.0 
-4.592355672882901e-004	0.0 
-3.973263796728150e-004	0.0 
-3.416965800307624e-004	0.0 
-2.920847804659816e-004	0.0 
-2.481645580520465e-004	0.0 
-2.095630085718339e-004	0.0 
-1.758770859167701e-004	0.0 
-1.466877117031738e-004	0.0 
-1.215716979621988e-004	0.0 
-1.001115742094661e-004	0.0 
-8.190344879132025e-005	0.0 
-6.656306343787459e-005	0.0 
-5.373021998545357e-005	0.0 
-4.307177003589932e-005	0.0 
-3.428336281447289e-005	0.0 
-2.709014468801596e-005	0.0 
-2.124659677792683e-005	0.0 
-1.653568591925185e-005	0.0 
-1.276748991862822e-005	0.0 
-9.777441626027677e-006	0.0 
-7.424318639540946e-006	0.0 
-5.588087296214108e-006	0.0 
-4.167691627856855e-006	0.0 
-3.078860723061025e-006	0.0 
-2.251991852378070e-006	0.0 
-1.630152097364685e-006	0.0 
-1.167228277378105e-006	0.0 
-8.262437818926275e-007	0.0 
-5.778515264232270e-007	0.0 
-3.990046104754481e-007	0.0 
-2.718002527084321e-007	0.0 
-1.824880863208179e-007	0.0 
-1.206307425175897e-007	0.0 
-7.840265257259518e-008	0.0 
-5.001196408074772e-008	0.0 
-3.123022237999416e-008	0.0 
-1.901483719775274e-008	0.0 
-1.121016047230174e-008	0.0 
-6.314136929531576e-009	0.0 
-3.298806094223753e-009	0.0 
-1.474331731295020e-009	0.0 
-3.876703288067790e-010	0.0 
+2.516549535268758e-010	0.0 
+6.249258356490772e-010	0.0 
+8.418348553462952e-010	0.0 
+9.664113963958244e-010	0.0 
+1.034453178307261e-009	0.0 
+1.064907617486405e-009	0.0 
0
