# Nanometric Trident nano_1000sps_dec3_fir2 FIR filter file  
# version:      $Revision$Date: 2007/05/26 22:51:26
# coefficients are symetric, listed in time order 
# type                  2  
# npoles                0  
# input sample rate     2000  
# decimation factor     3 
# normalization factor  1.0 
# gain factor           1.000000 
theoretical  1  anti_alias   fir    coef_conv 
2000 3 27
55
+1.987935777749492e-007	0.0 
+1.106136279359727e-006	0.0 
+1.872564270474522e-006	0.0 
-2.822938187551184e-006	0.0 
-1.801762495946041e-005	0.0 
-2.708240890860545e-005	0.0 
+1.897264325952234e-005	0.0 
+1.377321648742390e-004	0.0 
+1.919252787600896e-004	0.0 
-8.155059628113955e-005	0.0 
-6.803289719184677e-004	0.0 
-8.993755026035479e-004	0.0 
+2.532831548553589e-004	0.0 
+2.485114515984222e-003	0.0 
+3.166611047172176e-003	0.0 
-6.061190825988742e-004	0.0 
-7.278794088595842e-003	0.0 
-9.074381784058786e-003	0.0 
+1.160719791137329e-003	0.0 
+1.830473627571735e-002	0.0 
+2.281387287432125e-002	0.0 
-1.820819890113855e-003	0.0 
-4.356198705011789e-002	0.0 
-5.730081138457384e-002	0.0 
+2.373355179260169e-003	0.0 
+1.335128242801155e-001	0.0 
+2.715583162433188e-001	0.0 
+3.307428992695577e-001	0.0 
+2.715583162433188e-001	0.0 
+1.335128242801155e-001	0.0 
+2.373355179260169e-003	0.0 
-5.730081138457384e-002	0.0 
-4.356198705011789e-002	0.0 
-1.820819890113855e-003	0.0 
+2.281387287432125e-002	0.0 
+1.830473627571735e-002	0.0 
+1.160719791137329e-003	0.0 
-9.074381784058786e-003	0.0 
-7.278794088595842e-003	0.0 
-6.061190825988742e-004	0.0 
+3.166611047172176e-003	0.0 
+2.485114515984222e-003	0.0 
+2.532831548553589e-004	0.0 
-8.993755026035479e-004	0.0 
-6.803289719184677e-004	0.0 
-8.155059628113955e-005	0.0 
+1.919252787600896e-004	0.0 
+1.377321648742390e-004	0.0 
+1.897264325952234e-005	0.0 
-2.708240890860545e-005	0.0 
-1.801762495946041e-005	0.0 
-2.822938187551184e-006	0.0 
+1.872564270474522e-006	0.0 
+1.106136279359727e-006	0.0 
+1.987935777749492e-007	0.0 
0
