# Nanometric Trident nano_500sps_dec10_fir1 FIR filter file  
# $Id$
# coefficients are symetric, listed in time order 
# type                  2  
# npoles                0  
# input sample rate     2000  
# decimation factor     10 
# normalization factor  1.0 
# gain factor           1.000000 
theoretical  1  anti_alias   fir    coef_conv 
2000 10 61
123
+3.687128668327759e-009	0.0 
+1.988589997819086e-008	0.0 
+7.034199836249336e-008	0.0 
+1.981551146357140e-007	0.0 
+4.792119292369644e-007	0.0 
+1.033576482295382e-006	0.0 
+2.032944112302389e-006	0.0 
+3.697965251359757e-006	0.0 
+6.277537895395675e-006	0.0 
+1.000168084517540e-005	0.0 
+1.500126073542470e-005	0.0 
+2.119253056761970e-005	0.0 
+2.813260153887296e-005	0.0 
+3.486342885224429e-005	0.0 
+3.977541911819388e-005	0.0 
+4.053507381786698e-005	0.0 
+3.413072429162836e-005	0.0 
+1.709234599273666e-005	0.0 
-1.406849924421359e-005	0.0 
-6.217744677998088e-005	0.0 
-1.284946686854785e-004	0.0 
-2.116655632316000e-004	0.0 
-3.066626157854046e-004	0.0 
-4.039174825654819e-004	0.0 
-4.888885632207030e-004	0.0 
-5.423257955303867e-004	0.0 
-5.414671700015274e-004	0.0 
-4.623206105076822e-004	0.0 
-2.830476383156453e-004	0.0 
+1.172128556701199e-005	0.0 
+4.260272234484851e-004	0.0 
+9.477853191995096e-004	0.0 
+1.544838112478128e-003	0.0 
+2.162752610676306e-003	0.0 
+2.725241782148576e-003	0.0 
+3.137933978553986e-003	0.0 
+3.295901551424277e-003	0.0 
+3.094905995970230e-003	0.0 
+2.445761095731593e-003	0.0 
+1.290622555288920e-003	0.0 
-3.805336330911445e-004	0.0 
-2.515388644389134e-003	0.0 
-4.989038131499888e-003	0.0 
-7.600237496991304e-003	0.0 
-1.007589772317286e-002	0.0 
-1.208482969725210e-002	0.0 
-1.326071106718158e-002	0.0 
-1.323307351805670e-002	0.0 
-1.166392378080628e-002	0.0 
-8.286581953329937e-003	0.0 
-2.942606160478644e-003	0.0 
+4.387593765495640e-003	0.0 
+1.356458584960782e-002	0.0 
+2.428350823651835e-002	0.0 
+3.608344175243675e-002	0.0 
+4.837292074113681e-002	0.0 
+6.047011291596699e-002	0.0 
+7.165442981681870e-002	0.0 
+8.122484949574002e-002	0.0 
+8.855924630699395e-002	0.0 
+9.316867606453692e-002	0.0 
+9.474092531265110e-002	0.0 
+9.316867606453692e-002	0.0 
+8.855924630699395e-002	0.0 
+8.122484949574002e-002	0.0 
+7.165442981681870e-002	0.0 
+6.047011291596699e-002	0.0 
+4.837292074113681e-002	0.0 
+3.608344175243675e-002	0.0 
+2.428350823651835e-002	0.0 
+1.356458584960782e-002	0.0 
+4.387593765495640e-003	0.0 
-2.942606160478644e-003	0.0 
-8.286581953329937e-003	0.0 
-1.166392378080628e-002	0.0 
-1.323307351805670e-002	0.0 
-1.326071106718158e-002	0.0 
-1.208482969725210e-002	0.0 
-1.007589772317286e-002	0.0 
-7.600237496991304e-003	0.0 
-4.989038131499888e-003	0.0 
-2.515388644389134e-003	0.0 
-3.805336330911445e-004	0.0 
+1.290622555288920e-003	0.0 
+2.445761095731593e-003	0.0 
+3.094905995970230e-003	0.0 
+3.295901551424277e-003	0.0 
+3.137933978553986e-003	0.0 
+2.725241782148576e-003	0.0 
+2.162752610676306e-003	0.0 
+1.544838112478128e-003	0.0 
+9.477853191995096e-004	0.0 
+4.260272234484851e-004	0.0 
+1.172128556701199e-005	0.0 
-2.830476383156453e-004	0.0 
-4.623206105076822e-004	0.0 
-5.414671700015274e-004	0.0 
-5.423257955303867e-004	0.0 
-4.888885632207030e-004	0.0 
-4.039174825654819e-004	0.0 
-3.066626157854046e-004	0.0 
-2.116655632316000e-004	0.0 
-1.284946686854785e-004	0.0 
-6.217744677998088e-005	0.0 
-1.406849924421359e-005	0.0 
+1.709234599273666e-005	0.0 
+3.413072429162836e-005	0.0 
+4.053507381786698e-005	0.0 
+3.977541911819388e-005	0.0 
+3.486342885224429e-005	0.0 
+2.813260153887296e-005	0.0 
+2.119253056761970e-005	0.0 
+1.500126073542470e-005	0.0 
+1.000168084517540e-005	0.0 
+6.277537895395675e-006	0.0 
+3.697965251359757e-006	0.0 
+2.032944112302389e-006	0.0 
+1.033576482295382e-006	0.0 
+4.792119292369644e-007	0.0 
+1.981551146357140e-007	0.0 
+7.034199836249336e-008	0.0 
+1.988589997819086e-008	0.0 
+3.687128668327759e-009	0.0 
0
