# Nanometric Trident nano_1000sps_dec5_fir1 FIR filter file  
# $Id$
# coefficients are symetric, listed in time order 
# type                  2  
# npoles                0  
# input sample rate     2000  
# decimation factor     5 
# normalization factor  1.0 
# gain factor           1.000000 
theoretical  1  anti_alias   fir    coef_conv 
2000 5 31
63
+2.680854976635399e-008	0.0 
+2.621807504749845e-007	0.0 
+1.379843023444468e-006	0.0 
+5.069548265907504e-006	0.0 
+1.429380975697960e-005	0.0 
+3.216090626380187e-005	0.0 
+5.800148422397549e-005	0.0 
+8.036492159490036e-005	0.0 
+6.998844477239671e-005	0.0 
-1.951802499589744e-005	0.0 
-2.329892356228854e-004	0.0 
-5.716295662189337e-004	0.0 
-9.378336808238523e-004	0.0 
-1.099915313503737e-003	0.0 
-7.257858064354704e-004	0.0 
+4.756533878558921e-004	0.0 
+2.516234277838917e-003	0.0 
+4.883922625154118e-003	0.0 
+6.453534700234562e-003	0.0 
+5.720159266924601e-003	0.0 
+1.420576847482689e-003	0.0 
-6.592321068530753e-003	0.0 
-1.657547943894720e-002	0.0 
-2.468446947332750e-002	0.0 
-2.567756602308608e-002	0.0 
-1.454237111676001e-002	0.0 
+1.140977444786802e-002	0.0 
+5.079517356947721e-002	0.0 
+9.760642899463642e-002	0.0 
+1.423377798040746e-001	0.0 
+1.745994145142351e-001	0.0 
+1.863593565358893e-001	0.0 
+1.745994145142351e-001	0.0 
+1.423377798040746e-001	0.0 
+9.760642899463642e-002	0.0 
+5.079517356947721e-002	0.0 
+1.140977444786802e-002	0.0 
-1.454237111676001e-002	0.0 
-2.567756602308608e-002	0.0 
-2.468446947332750e-002	0.0 
-1.657547943894720e-002	0.0 
-6.592321068530753e-003	0.0 
+1.420576847482689e-003	0.0 
+5.720159266924601e-003	0.0 
+6.453534700234562e-003	0.0 
+4.883922625154118e-003	0.0 
+2.516234277838917e-003	0.0 
+4.756533878558921e-004	0.0 
-7.257858064354704e-004	0.0 
-1.099915313503737e-003	0.0 
-9.378336808238523e-004	0.0 
-5.716295662189337e-004	0.0 
-2.329892356228854e-004	0.0 
-1.951802499589744e-005	0.0 
+6.998844477239671e-005	0.0 
+8.036492159490036e-005	0.0 
+5.800148422397549e-005	0.0 
+3.216090626380187e-005	0.0 
+1.429380975697960e-005	0.0 
+5.069548265907504e-006	0.0 
+1.379843023444468e-006	0.0 
+2.621807504749845e-007	0.0 
+2.680854976635399e-008	0.0 
0
