# Nanometric Trident nano_40sps_dec15_fir1 FIR filter file  
# coefficients are symetric, listed in time order 
# type                  2  
# npoles                0  
# input sample rate     2000  
# decimation factor     15 
# normalization factor  1.0 
# gain factor           1.000000 
theoretical  1  anti_alias   fir    coef_conv 
2000 15 89
177
-1.505962962619764e-010	0.0 
-1.498864434953276e-010	0.0 
-1.003114352411142e-010	0.0 
+1.259463995744371e-010	0.0 
+7.960451695184910e-010	0.0 
+2.429826097389767e-009	0.0 
+5.982544997374707e-009	0.0 
+1.312757892786212e-008	0.0 
+2.667805205372700e-008	0.0 
+5.119490161176941e-008	0.0 
+9.383677815944899e-008	0.0 
+1.655130572685399e-007	0.0 
+2.824033985862602e-007	0.0 
+4.679036833418200e-007	0.0 
+7.550463649832197e-007	0.0 
+1.189420819154159e-006	0.0 
+1.832583606329407e-006	0.0 
+2.765897637017751e-006	0.0 
+4.094671457151648e-006	0.0 
+5.952385021026578e-006	0.0 
+8.504687388082939e-006	0.0 
+1.195273793146133e-005	0.0 
+1.653534118667076e-005	0.0 
+2.252920428425832e-005	0.0 
+3.024653562249012e-005	0.0 
+4.002911702265472e-005	0.0 
+5.223793436414649e-005	0.0 
+6.723746022952897e-005	0.0 
+8.537376347669023e-005	0.0 
+1.069457910959372e-004	0.0 
+1.321694408673993e-004	0.0 
+1.611344285464181e-004	0.0 
+1.937544537908303e-004	0.0 
+2.297117798746024e-004	0.0 
+2.683980488962403e-004	0.0 
+3.088539312739519e-004	0.0 
+3.497110189143424e-004	0.0 
+3.891401673183375e-004	0.0 
+4.248112145966680e-004	0.0 
+4.538695883396501e-004	0.0 
+4.729356829883044e-004	0.0 
+4.781329785920880e-004	0.0 
+4.651506086952275e-004	0.0 
+4.293454127561792e-004	0.0 
+3.658873852657924e-004	0.0 
+2.699508399385001e-004	0.0 
+1.369515508045477e-004	0.0 
-3.717234768200115e-005	0.0 
-2.556407481231493e-004	0.0 
-5.204813600606632e-004	0.0 
-8.321601815404552e-004	0.0 
-1.189207019513620e-003	0.0 
-1.587853242030926e-003	0.0 
-2.021701280200689e-003	0.0 
-2.481447041803338e-003	0.0 
-2.954677152845623e-003	0.0 
-3.425762635913756e-003	0.0 
-3.875869133321610e-003	0.0 
-4.283101011280494e-003	0.0 
-4.622792626947323e-003	0.0 
-4.867954765909377e-003	0.0 
-4.989877905201589e-003	0.0 
-4.958886747251959e-003	0.0 
-4.745232698266504e-003	0.0 
-4.320102989381414e-003	0.0 
-3.656717367713873e-003	0.0 
-2.731476152982046e-003	0.0 
-1.525117404310592e-003	0.0 
-2.383639087218765e-005	0.0 
+1.779682118927733e-003	0.0 
+3.885368743620226e-003	0.0 
+6.285059680983166e-003	0.0 
+8.962016016969544e-003	0.0 
+1.189070922779163e-002	0.0 
+1.503690098284010e-002	0.0 
+1.835803446437611e-002	0.0 
+2.180394204064246e-002	0.0 
+2.531786080272187e-002	0.0 
+2.883773382245979e-002	0.0 
+3.229776167772108e-002	0.0 
+3.563015650334431e-002	0.0 
+3.876704021700151e-002	0.0 
+4.164242023074721e-002	0.0 
+4.419417038407394e-002	0.0 
+4.636594238533214e-002	0.0 
+4.810893393369396e-002	0.0 
+4.938344395179416e-002	0.0 
+5.016015285223379e-002	0.0 
+5.042107618011157e-002	0.0 
+5.016015285223379e-002	0.0 
+4.938344395179416e-002	0.0 
+4.810893393369396e-002	0.0 
+4.636594238533214e-002	0.0 
+4.419417038407394e-002	0.0 
+4.164242023074721e-002	0.0 
+3.876704021700151e-002	0.0 
+3.563015650334431e-002	0.0 
+3.229776167772108e-002	0.0 
+2.883773382245979e-002	0.0 
+2.531786080272187e-002	0.0 
+2.180394204064246e-002	0.0 
+1.835803446437611e-002	0.0 
+1.503690098284010e-002	0.0 
+1.189070922779163e-002	0.0 
+8.962016016969544e-003	0.0 
+6.285059680983166e-003	0.0 
+3.885368743620226e-003	0.0 
+1.779682118927733e-003	0.0 
-2.383639087218765e-005	0.0 
-1.525117404310592e-003	0.0 
-2.731476152982046e-003	0.0 
-3.656717367713873e-003	0.0 
-4.320102989381414e-003	0.0 
-4.745232698266504e-003	0.0 
-4.958886747251959e-003	0.0 
-4.989877905201589e-003	0.0 
-4.867954765909377e-003	0.0 
-4.622792626947323e-003	0.0 
-4.283101011280494e-003	0.0 
-3.875869133321610e-003	0.0 
-3.425762635913756e-003	0.0 
-2.954677152845623e-003	0.0 
-2.481447041803338e-003	0.0 
-2.021701280200689e-003	0.0 
-1.587853242030926e-003	0.0 
-1.189207019513620e-003	0.0 
-8.321601815404552e-004	0.0 
-5.204813600606632e-004	0.0 
-2.556407481231493e-004	0.0 
-3.717234768200115e-005	0.0 
+1.369515508045477e-004	0.0 
+2.699508399385001e-004	0.0 
+3.658873852657924e-004	0.0 
+4.293454127561792e-004	0.0 
+4.651506086952275e-004	0.0 
+4.781329785920880e-004	0.0 
+4.729356829883044e-004	0.0 
+4.538695883396501e-004	0.0 
+4.248112145966680e-004	0.0 
+3.891401673183375e-004	0.0 
+3.497110189143424e-004	0.0 
+3.088539312739519e-004	0.0 
+2.683980488962403e-004	0.0 
+2.297117798746024e-004	0.0 
+1.937544537908303e-004	0.0 
+1.611344285464181e-004	0.0 
+1.321694408673993e-004	0.0 
+1.069457910959372e-004	0.0 
+8.537376347669023e-005	0.0 
+6.723746022952897e-005	0.0 
+5.223793436414649e-005	0.0 
+4.002911702265472e-005	0.0 
+3.024653562249012e-005	0.0 
+2.252920428425832e-005	0.0 
+1.653534118667076e-005	0.0 
+1.195273793146133e-005	0.0 
+8.504687388082939e-006	0.0 
+5.952385021026578e-006	0.0 
+4.094671457151648e-006	0.0 
+2.765897637017751e-006	0.0 
+1.832583606329407e-006	0.0 
+1.189420819154159e-006	0.0 
+7.550463649832197e-007	0.0 
+4.679036833418200e-007	0.0 
+2.824033985862602e-007	0.0 
+1.655130572685399e-007	0.0 
+9.383677815944899e-008	0.0 
+5.119490161176941e-008	0.0 
+2.667805205372700e-008	0.0 
+1.312757892786212e-008	0.0 
+5.982544997374707e-009	0.0 
+2.429826097389767e-009	0.0 
+7.960451695184910e-010	0.0 
+1.259463995744371e-010	0.0 
-1.003114352411142e-010	0.0 
-1.498864434953276e-010	0.0 
-1.505962962619764e-010	0.0 
0
