# Nanometric Tautrus FIR filter file  
# $Id$
# coefficients are symetric, listed in time order 
# type                  2  
# npoles                0  
# input sample rate     500  
# decimation factor     2 
# normalization factor  1.0 
# gain factor           1.000000 
theoretical  3  anti_alias   fir    coef_conv 
500 2 112
223
-2.487704073631181e-010
+4.737439758869627e-009
+1.240318920913107e-008
+2.184229963813306e-009
-2.973504470949853e-008
-2.774098397333487e-008
+4.823500641306028e-008
+9.048519725175742e-008
-4.377201937731960e-008
-2.029250639003875e-007
-2.932509742660224e-008
+3.576771181845490e-007
+2.380755516575443e-007
-5.050541265325251e-007
-6.566606160434081e-007
+5.295136199801142e-007
+1.333026564739420e-006
-2.353908661900860e-007
-2.234558255777740e-006
-6.431886720336236e-007
+3.178847859642279e-006
+2.391893663270882e-006
-3.766425715549474e-006
-5.213130996570269e-006
+3.343878835698979e-006
+9.069842337901537e-006
-1.034202665666667e-006
-1.349476353372010e-005
-4.128203067878262e-006
+1.740813571972671e-005
+1.293246945424367e-005
-1.901116086317058e-005
-2.559820150658931e-005
+1.583846664297833e-005
+4.129854219272497e-005
-5.051361531234260e-006
-5.769433718028819e-005
-1.597343340345311e-005
+7.062319519353707e-005
+4.876211902966221e-005
-7.411825064261423e-005
-9.265601046647684e-005
+6.092805886715002e-005
+1.437041528677315e-004
-2.365713142641937e-005
-1.938176534863781e-004
-4.346068390483575e-005
+2.305286005770023e-004
+1.422997430119745e-004
-2.376966240860235e-004
-2.684195404303642e-004
+1.974200184015998e-004
+4.089861668732694e-004
-9.322642224777145e-005
-5.416667040038034e-004
-8.565059594353358e-005
+6.351458753935074e-004
+3.394235438661822e-004
-6.517938478495219e-004
-6.531622837118695e-004
+5.527339849418497e-004
+9.935334284260212e-004
-3.051329942536734e-004
-1.308020364817281e-003
-1.089866761415155e-004
+1.527642392221839e-003
+6.836461053210791e-004
-1.573807813969138e-003
-1.381190291127471e-003
+1.369316440666299e-003
+2.127841145429655e-003
-8.527391469852445e-004
-2.814325561899974e-003
-5.435980978213282e-006
+3.302926411211769e-003
+1.187235385529431e-003
-3.441492859559195e-003
-2.615018460333554e-003
+3.083861131922053e-003
+4.145541224298037e-003
-2.114932740796397e-003
-5.572668686252893e-003
+4.775431526676058e-004
+6.640170511329856e-003
+1.802537521879636e-003
-7.064640192213203e-003
-4.597380817112646e-003
+6.566940317484810e-003
+7.666904141149428e-003
-4.908950080892368e-003
-1.066028889600873e-002
+1.931063619415937e-003
+1.312888066219805e-002
+2.414871264176499e-003
-1.454757748158677e-002
-8.042475439797359e-003
+1.433728095680021e-002
+1.472206237002311e-002
-1.187358886084607e-002
-2.208894932833420e-002
+6.451059640865893e-003
+2.966939534975369e-002
+2.871718562712786e-003
-3.692218906488918e-002
-1.777634564159653e-002
+4.329151455872206e-002
+4.248360716585619e-002
-4.826484520071661e-002
-9.280869043016983e-002
+5.142858357174776e-002
+3.137773586587529e-001
+4.474858173759422e-001
+3.137773586587529e-001
+5.142858357174776e-002
-9.280869043016983e-002
-4.826484520071661e-002
+4.248360716585619e-002
+4.329151455872206e-002
-1.777634564159653e-002
-3.692218906488918e-002
+2.871718562712786e-003
+2.966939534975369e-002
+6.451059640865893e-003
-2.208894932833420e-002
-1.187358886084607e-002
+1.472206237002311e-002
+1.433728095680021e-002
-8.042475439797359e-003
-1.454757748158677e-002
+2.414871264176499e-003
+1.312888066219805e-002
+1.931063619415937e-003
-1.066028889600873e-002
-4.908950080892368e-003
+7.666904141149428e-003
+6.566940317484810e-003
-4.597380817112646e-003
-7.064640192213203e-003
+1.802537521879636e-003
+6.640170511329856e-003
+4.775431526676058e-004
-5.572668686252893e-003
-2.114932740796397e-003
+4.145541224298037e-003
+3.083861131922053e-003
-2.615018460333554e-003
-3.441492859559195e-003
+1.187235385529431e-003
+3.302926411211769e-003
-5.435980978213282e-006
-2.814325561899974e-003
-8.527391469852445e-004
+2.127841145429655e-003
+1.369316440666299e-003
-1.381190291127471e-003
-1.573807813969138e-003
+6.836461053210791e-004
+1.527642392221839e-003
-1.089866761415155e-004
-1.308020364817281e-003
-3.051329942536734e-004
+9.935334284260212e-004
+5.527339849418497e-004
-6.531622837118695e-004
-6.517938478495219e-004
+3.394235438661822e-004
+6.351458753935074e-004
-8.565059594353358e-005
-5.416667040038034e-004
-9.322642224777145e-005
+4.089861668732694e-004
+1.974200184015998e-004
-2.684195404303642e-004
-2.376966240860235e-004
+1.422997430119745e-004
+2.305286005770023e-004
-4.346068390483575e-005
-1.938176534863781e-004
-2.365713142641937e-005
+1.437041528677315e-004
+6.092805886715002e-005
-9.265601046647684e-005
-7.411825064261423e-005
+4.876211902966221e-005
+7.062319519353707e-005
-1.597343340345311e-005
-5.769433718028819e-005
-5.051361531234260e-006
+4.129854219272497e-005
+1.583846664297833e-005
-2.559820150658931e-005
-1.901116086317058e-005
+1.293246945424367e-005
+1.740813571972671e-005
-4.128203067878262e-006
-1.349476353372010e-005
-1.034202665666667e-006
+9.069842337901537e-006
+3.343878835698979e-006
-5.213130996570269e-006
-3.766425715549474e-006
+2.391893663270882e-006
+3.178847859642279e-006
-6.431886720336236e-007
-2.234558255777740e-006
-2.353908661900860e-007
+1.333026564739420e-006
+5.295136199801142e-007
-6.566606160434081e-007
-5.050541265325251e-007
+2.380755516575443e-007
+3.576771181845490e-007
-2.932509742660224e-008
-2.029250639003875e-007
-4.377201937731960e-008
+9.048519725175742e-008
+4.823500641306028e-008
-2.774098397333487e-008
-2.973504470949853e-008
+2.184229963813306e-009
+1.240318920913107e-008
+4.737439758869627e-009
-2.487704073631181e-010
0
