# Nanometric Trident nano_500sps_dec3_fir2 FIR filter file  
# $Id$
# coefficients are symetric, listed in time order 
# type                  2  
# npoles                0  
# input sample rate     2000  
# decimation factor     3 
# normalization factor  1.0 
# gain factor           1.000000 
theoretical  1  anti_alias   fir    coef_conv 
2000 3 32
65
+7.906879610198613e-008	0.0 
+2.324131181456852e-007	0.0 
-2.773212822834928e-007	0.0 
-2.578884454846203e-006	0.0 
-4.462061570757843e-006	0.0 
+2.840054550840448e-006	0.0 
+2.426607976251553e-005	0.0 
+3.582744254187091e-005	0.0 
-1.510647510251522e-005	0.0 
-1.343526843047522e-004	0.0 
-1.825442777287194e-004	0.0 
+5.512420004172292e-005	0.0 
+5.346423500720257e-004	0.0 
+6.892924901102732e-004	0.0 
-1.538123336945688e-004	0.0 
-1.681413493662007e-003	0.0 
-2.092473772821497e-003	0.0 
+3.471450087760466e-004	0.0 
+4.429339585437376e-003	0.0 
+5.387843229955970e-003	0.0 
-6.551049401636806e-004	0.0 
-1.022723777722751e-002	0.0 
-1.231744148068455e-002	0.0 
+1.055553777511986e-003	0.0 
+2.174685894103925e-002	0.0 
+2.646399758733937e-002	0.0 
-1.471895785988979e-003	0.0 
-4.643308275563292e-002	0.0 
-6.022532548275477e-002	0.0 
+1.791307862058360e-003	0.0 
+1.346723647853785e-001	0.0 
+2.726495000282411e-001	0.0 
+3.314217853600064e-001	0.0 
+2.726495000282411e-001	0.0 
+1.346723647853785e-001	0.0 
+1.791307862058360e-003	0.0 
-6.022532548275477e-002	0.0 
-4.643308275563292e-002	0.0 
-1.471895785988979e-003	0.0 
+2.646399758733937e-002	0.0 
+2.174685894103925e-002	0.0 
+1.055553777511986e-003	0.0 
-1.231744148068455e-002	0.0 
-1.022723777722751e-002	0.0 
-6.551049401636806e-004	0.0 
+5.387843229955970e-003	0.0 
+4.429339585437376e-003	0.0 
+3.471450087760466e-004	0.0 
-2.092473772821497e-003	0.0 
-1.681413493662007e-003	0.0 
-1.538123336945688e-004	0.0 
+6.892924901102732e-004	0.0 
+5.346423500720257e-004	0.0 
+5.512420004172292e-005	0.0 
-1.825442777287194e-004	0.0 
-1.343526843047522e-004	0.0 
-1.510647510251522e-005	0.0 
+3.582744254187091e-005	0.0 
+2.426607976251553e-005	0.0 
+2.840054550840448e-006	0.0 
-4.462061570757843e-006	0.0 
-2.578884454846203e-006	0.0 
-2.773212822834928e-007	0.0 
+2.324131181456852e-007	0.0 
+7.906879610198613e-008	0.0 
0
