# Nanometric Trident nano_120sps_dec5_fir2 FIR filter file  
# $Id$
# coefficients are symetric, listed in time order 
# type                  2  
# npoles                0  
# input sample rate     2000  
# decimation factor     5 
# normalization factor  1.0 
# gain factor           1.000000 
theoretical  1  anti_alias   fir    coef_conv 
2000 5 34
69
-3.200801662364815e-009	0.0 
-1.988439646433057e-008	0.0 
-5.402910439495697e-008	0.0 
-3.547032265328775e-010	0.0 
+6.452688615155827e-007	0.0 
+3.280814268787692e-006	0.0 
+1.058986896003402e-005	0.0 
+2.597279770902737e-005	0.0 
+5.076968476801004e-005	0.0 
+7.857946348675915e-005	0.0 
+8.823298699088323e-005	0.0 
+4.073539194744338e-005	0.0 
-1.113268976328547e-004	0.0 
-3.946869928122824e-004	0.0 
-7.687326169762171e-004	0.0 
-1.080568247436766e-003	0.0 
-1.058650779949517e-003	0.0 
-3.857227284916195e-004	0.0 
+1.132148333669320e-003	0.0 
+3.338236697125898e-003	0.0 
+5.544662142675237e-003	0.0 
+6.545367146237799e-003	0.0 
+4.941769693002198e-003	0.0 
-2.163436736430420e-004	0.0 
-8.650542097071775e-003	0.0 
-1.827152361006828e-002	0.0 
-2.517602379478459e-002	0.0 
-2.446009307559762e-002	0.0 
-1.176902845944294e-002	0.0 
+1.487007643807905e-002	0.0 
+5.364033265254078e-002	0.0 
+9.863398203828931e-002	0.0 
+1.409934743174493e-001	0.0 
+1.712727280104992e-001	0.0 
+1.822634740405426e-001	0.0 
+1.712727280104992e-001	0.0 
+1.409934743174493e-001	0.0 
+9.863398203828931e-002	0.0 
+5.364033265254078e-002	0.0 
+1.487007643807905e-002	0.0 
-1.176902845944294e-002	0.0 
-2.446009307559762e-002	0.0 
-2.517602379478459e-002	0.0 
-1.827152361006828e-002	0.0 
-8.650542097071775e-003	0.0 
-2.163436736430420e-004	0.0 
+4.941769693002198e-003	0.0 
+6.545367146237799e-003	0.0 
+5.544662142675237e-003	0.0 
+3.338236697125898e-003	0.0 
+1.132148333669320e-003	0.0 
-3.857227284916195e-004	0.0 
-1.058650779949517e-003	0.0 
-1.080568247436766e-003	0.0 
-7.687326169762171e-004	0.0 
-3.946869928122824e-004	0.0 
-1.113268976328547e-004	0.0 
+4.073539194744338e-005	0.0 
+8.823298699088323e-005	0.0 
+7.857946348675915e-005	0.0 
+5.076968476801004e-005	0.0 
+2.597279770902737e-005	0.0 
+1.058986896003402e-005	0.0 
+3.280814268787692e-006	0.0 
+6.452688615155827e-007	0.0 
-3.547032265328775e-010	0.0 
-5.402910439495697e-008	0.0 
-1.988439646433057e-008	0.0 
-3.200801662364815e-009	0.0 
0
