# Nanometric Trident nano_120sps_dec5_fir1 FIR filter file  
# coefficients are symetric, listed in time order 
# type                  2  
# npoles                0  
# input sample rate     2000  
# decimation factor     5 
# normalization factor  1.0 
# gain factor           1.000000 
theoretical  1  anti_alias   fir    coef_conv 
2000 5 29
59
+1.035954137727850e-008	0.0 
+2.380715563670972e-008	0.0 
+1.215287844369605e-007	0.0 
+6.172676526658757e-007	0.0 
+2.571918915092029e-006	0.0 
+8.904631629860253e-006	0.0 
+2.631544018920328e-005	0.0 
+6.772048046339687e-005	0.0 
+1.537474600982135e-004	0.0 
+3.101772956392099e-004	0.0 
+5.569243004121623e-004	0.0 
+8.849267693883314e-004	0.0 
+1.222095834531600e-003	0.0 
+1.398922199638253e-003	0.0 
+1.136096196340338e-003	0.0 
+8.425031828590839e-005	0.0 
-2.059035906704833e-003	0.0 
-5.354157294749186e-003	0.0 
-9.387696093571527e-003	0.0 
-1.309153737935447e-002	0.0 
-1.472662638912829e-002	0.0 
-1.212621130824787e-002	0.0 
-3.218564922601985e-003	0.0 
+1.326626426974910e-002	0.0 
+3.711431453572162e-002	0.0 
+6.623396816708169e-002	0.0 
+9.676901273444644e-002	0.0 
+1.237877548669908e-001	0.0 
+1.424107155595921e-001	0.0 
+1.490567475532042e-001	0.0 
+1.424107155595921e-001	0.0 
+1.237877548669908e-001	0.0 
+9.676901273444644e-002	0.0 
+6.623396816708169e-002	0.0 
+3.711431453572162e-002	0.0 
+1.326626426974910e-002	0.0 
-3.218564922601985e-003	0.0 
-1.212621130824787e-002	0.0 
-1.472662638912829e-002	0.0 
-1.309153737935447e-002	0.0 
-9.387696093571527e-003	0.0 
-5.354157294749186e-003	0.0 
-2.059035906704833e-003	0.0 
+8.425031828590839e-005	0.0 
+1.136096196340338e-003	0.0 
+1.398922199638253e-003	0.0 
+1.222095834531600e-003	0.0 
+8.849267693883314e-004	0.0 
+5.569243004121623e-004	0.0 
+3.101772956392099e-004	0.0 
+1.537474600982135e-004	0.0 
+6.772048046339687e-005	0.0 
+2.631544018920328e-005	0.0 
+8.904631629860253e-006	0.0 
+2.571918915092029e-006	0.0 
+6.172676526658757e-007	0.0 
+1.215287844369605e-007	0.0 
+2.380715563670972e-008	0.0 
+1.035954137727850e-008	0.0 
0
