# Nanometric Tautrus nano_250sps_dec15_fir1 FIR filter file  
# $Id$
# coefficients are symetric, listed in time order 
# type                  2  
# npoles                0  
# input sample rate     30000  
# decimation factor     15 
# normalization factor  1.0 
# gain factor           1.000000 
theoretical  1  anti_alias   fir    coef_conv 
30000 15 94
187
+8.021030126486040e-010
+3.116465281322954e-009
+8.900115387399319e-009
+2.136146814812414e-008
+4.570784023345887e-008
+8.987454061363188e-008
+1.653511290640104e-007
+2.880143028736028e-007
+4.788495859462893e-007
+7.643930834336960e-007
+1.176682162350611e-006
+1.752462239372588e-006
+2.531369521032817e-006
+3.552811458666108e-006
+4.851296667295614e-006
+6.450038935287051e-006
+8.352786690148797e-006
+1.053400537573397e-005
+1.292776921871672e-005
+1.541599738000767e-005
+1.781697664826134e-005
+1.987542901447057e-005
+2.125568121713784e-005
+2.153973335069806e-005
+2.023216363887429e-005
+1.677380514750772e-005
+1.056594338415373e-005
+1.006375479843661e-006
-1.246198150029029e-005
-3.029015118851888e-005
-5.275118835398751e-005
-7.986000081114194e-005
-1.112890756465557e-004
-1.462857856040548e-004
-1.835983647205234e-004
-2.214188245058332e-004
-2.573518756722413e-004
-2.884191682702904e-004
-3.111077216309345e-004
-3.214701658867537e-004
-3.152822824160907e-004
-2.882602925636772e-004
-2.363364525664862e-004
-1.559868966166114e-004
-4.460053997650746e-005
+9.912750037842685e-005
+2.747997277641338e-004
+4.799437567234438e-004
+7.096935698296908e-004
+9.565568674128922e-004
+1.210301216066353e-003
+1.457989889701200e-003
+1.684194060772773e-003
+1.871401247451172e-003
+2.000630731882190e-003
+2.052255296633008e-003
+2.007015534185219e-003
+1.847198806192423e-003
+1.557940464429397e-003
+1.128591117168111e-003
+5.540815297725676e-004
-1.637928057539577e-004
-1.015251361450041e-003
-1.981658010139670e-003
-3.034982229904094e-003
-4.137665265566254e-003
-5.242950206338383e-003
-6.295715632909457e-003
-7.233828789220752e-003
-7.990007176426315e-003
-8.494148392339482e-003
-8.676058538571006e-003
-8.468481339745442e-003
-7.810305072536729e-003
-6.649804237083092e-003
-4.947759193738214e-003
-2.680291017135879e-003
+1.587485239945302e-004
+3.555980255831438e-003
+7.477421931622852e-003
+1.186823250844216e-002
+1.665333935431844e-002
+2.173897011228853e-002
+2.701506644905470e-002
+3.235851157027770e-002
+3.763705973498812e-002
+4.271381658749089e-002
+4.745208632226936e-002
+5.172037756453186e-002
+5.539734599110489e-002
+5.837644917231717e-002
+6.057009828070978e-002
+6.191311190166436e-002
+6.236530823420591e-002
+6.191311190166436e-002
+6.057009828070978e-002
+5.837644917231717e-002
+5.539734599110489e-002
+5.172037756453186e-002
+4.745208632226936e-002
+4.271381658749089e-002
+3.763705973498812e-002
+3.235851157027770e-002
+2.701506644905470e-002
+2.173897011228853e-002
+1.665333935431844e-002
+1.186823250844216e-002
+7.477421931622852e-003
+3.555980255831438e-003
+1.587485239945302e-004
-2.680291017135879e-003
-4.947759193738214e-003
-6.649804237083092e-003
-7.810305072536729e-003
-8.468481339745442e-003
-8.676058538571006e-003
-8.494148392339482e-003
-7.990007176426315e-003
-7.233828789220752e-003
-6.295715632909457e-003
-5.242950206338383e-003
-4.137665265566254e-003
-3.034982229904094e-003
-1.981658010139670e-003
-1.015251361450041e-003
-1.637928057539577e-004
+5.540815297725676e-004
+1.128591117168111e-003
+1.557940464429397e-003
+1.847198806192423e-003
+2.007015534185219e-003
+2.052255296633008e-003
+2.000630731882190e-003
+1.871401247451172e-003
+1.684194060772773e-003
+1.457989889701200e-003
+1.210301216066353e-003
+9.565568674128922e-004
+7.096935698296908e-004
+4.799437567234438e-004
+2.747997277641338e-004
+9.912750037842685e-005
-4.460053997650746e-005
-1.559868966166114e-004
-2.363364525664862e-004
-2.882602925636772e-004
-3.152822824160907e-004
-3.214701658867537e-004
-3.111077216309345e-004
-2.884191682702904e-004
-2.573518756722413e-004
-2.214188245058332e-004
-1.835983647205234e-004
-1.462857856040548e-004
-1.112890756465557e-004
-7.986000081114194e-005
-5.275118835398751e-005
-3.029015118851888e-005
-1.246198150029029e-005
+1.006375479843661e-006
+1.056594338415373e-005
+1.677380514750772e-005
+2.023216363887429e-005
+2.153973335069806e-005
+2.125568121713784e-005
+1.987542901447057e-005
+1.781697664826134e-005
+1.541599738000767e-005
+1.292776921871672e-005
+1.053400537573397e-005
+8.352786690148797e-006
+6.450038935287051e-006
+4.851296667295614e-006
+3.552811458666108e-006
+2.531369521032817e-006
+1.752462239372588e-006
+1.176682162350611e-006
+7.643930834336960e-007
+4.788495859462893e-007
+2.880143028736028e-007
+1.653511290640104e-007
+8.987454061363188e-008
+4.570784023345887e-008
+2.136146814812414e-008
+8.900115387399319e-009
+3.116465281322954e-009
+8.021030126486040e-010
0
