# Nanometric Trident nano_40sps_dec5_fir2 FIR filter file  
# coefficients are symetric, listed in time order 
# type                  2  
# npoles                0  
# input sample rate     2000  
# decimation factor     5 
# normalization factor  1.0 
# gain factor           1.000000 
theoretical  1  anti_alias   fir    coef_conv 
2000 5 36
71
-1.400229112626751e-008	0.0 
-1.255059101059420e-007	0.0 
-6.074920969991863e-007	0.0 
-2.046866214509816e-006	0.0 
-5.236352154040682e-006	0.0 
-1.042765851663702e-005	0.0 
-1.566514019930482e-005	0.0 
-1.467138197420866e-005	0.0 
+3.866902659757839e-006	0.0 
+5.254916999823256e-005	0.0 
+1.345446585325526e-004	0.0 
+2.273284714444688e-004	0.0 
+2.694088234873323e-004	0.0 
+1.653886989731449e-004	0.0 
-1.754205349151400e-004	0.0 
-7.649911881343388e-004	0.0 
-1.452110890908049e-003	0.0 
-1.881640586034664e-003	0.0 
-1.562382793320976e-003	0.0 
-7.930602619475102e-005	0.0 
+2.588434924594316e-003	0.0 
+5.777668544095568e-003	0.0 
+8.077697621925183e-003	0.0 
+7.665307255267063e-003	0.0 
+3.066021771572913e-003	0.0 
-5.859562061045245e-003	0.0 
-1.711851993111805e-002	0.0 
-2.645966399092334e-002	0.0 
-2.823533141430562e-002	0.0 
-1.718374882271293e-002	0.0 
+9.394698265041817e-003	0.0 
+4.991072675811308e-002	0.0 
+9.803477717651034e-002	0.0 
+1.439398984224276e-001	0.0 
+1.769958388062633e-001	0.0 
+1.890346344400278e-001	0.0 
+1.769958388062633e-001	0.0 
+1.439398984224276e-001	0.0 
+9.803477717651034e-002	0.0 
+4.991072675811308e-002	0.0 
+9.394698265041817e-003	0.0 
-1.718374882271293e-002	0.0 
-2.823533141430562e-002	0.0 
-2.645966399092334e-002	0.0 
-1.711851993111805e-002	0.0 
-5.859562061045245e-003	0.0 
+3.066021771572913e-003	0.0 
+7.665307255267063e-003	0.0 
+8.077697621925183e-003	0.0 
+5.777668544095568e-003	0.0 
+2.588434924594316e-003	0.0 
-7.930602619475102e-005	0.0 
-1.562382793320976e-003	0.0 
-1.881640586034664e-003	0.0 
-1.452110890908049e-003	0.0 
-7.649911881343388e-004	0.0 
-1.754205349151400e-004	0.0 
+1.653886989731449e-004	0.0 
+2.694088234873323e-004	0.0 
+2.273284714444688e-004	0.0 
+1.345446585325526e-004	0.0 
+5.254916999823256e-005	0.0 
+3.866902659757839e-006	0.0 
-1.467138197420866e-005	0.0 
-1.566514019930482e-005	0.0 
-1.042765851663702e-005	0.0 
-5.236352154040682e-006	0.0 
-2.046866214509816e-006	0.0 
-6.074920969991863e-007	0.0 
-1.255059101059420e-007	0.0 
-1.400229112626751e-008	0.0 
0
