# Nanometric Trident nano_20sps_dec10_fir2 FIR filter file  
# coefficients are symetric, listed in time order 
# type                  2  
# npoles                0  
# input sample rate     2000  
# decimation factor     10 
# normalization factor  1.0 
# gain factor           1.000000 
theoretical  1  anti_alias   fir    coef_conv 
2000 10 188
375
+8.469229815375836e-010	0.0 
+2.274220288025759e-009	0.0 
+4.538950837882147e-009	0.0 
+6.873790581886875e-009	0.0 
+7.109040416947659e-009	0.0 
+7.627841347268097e-010	0.0 
-1.983009558282680e-008	0.0 
-6.609942211224632e-008	0.0 
-1.531137889126984e-007	0.0 
-2.982494942275970e-007	0.0 
-5.181519089662492e-007	0.0 
-8.236355594832989e-007	0.0 
-1.212476329485351e-006	0.0 
-1.660554848844411e-006	0.0 
-2.112474379324042e-006	0.0 
-2.473531133129619e-006	0.0 
-2.605619128003023e-006	0.0 
-2.330133657562619e-006	0.0 
-1.440980274917891e-006	0.0 
+2.698043300278720e-007	0.0 
+2.972713778558616e-006	0.0 
+6.748858469608209e-006	0.0 
+1.152961592827038e-005	0.0 
+1.703543472209736e-005	0.0 
+2.272479023143328e-005	0.0 
+2.776698459480208e-005	0.0 
+3.105368391399539e-005	0.0 
+3.126302060212491e-005	0.0 
+2.698613281584723e-005	0.0 
+1.691886402482352e-005	0.0 
+1.111764912365637e-007	0.0 
-2.374558644778620e-005	0.0 
-5.402671731357865e-005	0.0 
-8.892267864716836e-005	0.0 
-1.252819457239765e-004	0.0 
-1.586044226011253e-004	0.0 
-1.832358557248136e-004	0.0 
-1.927980107782330e-004	0.0 
-1.808635900860097e-004	0.0 
-1.418501862256910e-004	0.0 
-7.206699315303354e-005	0.0 
+2.919375663577290e-005	0.0 
+1.586654736525826e-004	0.0 
+3.083858467014949e-004	0.0 
+4.654216635228285e-004	0.0 
+6.121982853786541e-004	0.0 
+7.275470741759510e-004	0.0 
+7.885115946319546e-004	0.0 
+7.728577835233870e-004	0.0 
+6.621229618182738e-004	0.0 
+4.449259850407905e-004	0.0 
+1.201613649467244e-004	0.0 
-3.003694627769020e-004	0.0 
-7.903605458595080e-004	0.0 
-1.308874060360023e-003	0.0 
-1.802020291776854e-003	0.0 
-2.206618091924962e-003	0.0 
-2.455790114635659e-003	0.0 
-2.486192180752311e-003	0.0 
-2.246311918537972e-003	0.0 
-1.705031041178952e-003	0.0 
-8.594632516121016e-004	0.0 
+2.590111721915774e-004	0.0 
+1.581566203839111e-003	0.0 
+3.002498487966101e-003	0.0 
+4.384141985044115e-003	0.0 
+5.566316483085373e-003	0.0 
+6.380002340389496e-003	0.0 
+6.664402331430841e-003	0.0 
+6.286042551189639e-003	0.0 
+5.158141388519080e-003	0.0 
+3.258199252425354e-003	0.0 
+6.416820735977283e-004	0.0 
-2.550179237628938e-003	0.0 
-6.090064766937297e-003	0.0 
-9.672703326103260e-003	0.0 
-1.293168061123908e-002	0.0 
-1.546424668939506e-002	0.0 
-1.686255838709300e-002	0.0 
-1.674898294478778e-002	0.0 
-1.481246018868655e-002	0.0 
-1.084255434379213e-002	0.0 
-4.757782696764870e-003	0.0 
+3.374886268966743e-003	0.0 
+1.333182798532389e-002	0.0 
+2.473737725852667e-002	0.0 
+3.708164756536587e-002	0.0 
+4.975069601283877e-002	0.0 
+6.206696168821097e-002	0.0 
+7.333684637153971e-002	0.0 
+8.290151879402521e-002	0.0 
+9.018659693370301e-002	0.0 
+9.474635107447013e-002	0.0 
+9.629848418816638e-002	0.0 
+8.469229815375836e-010	0.0 
+2.274220288025759e-009	0.0 
+4.538950837882147e-009	0.0 
+6.873790581886875e-009	0.0 
+7.109040416947659e-009	0.0 
+7.627841347268097e-010	0.0 
-1.983009558282680e-008	0.0 
-6.609942211224632e-008	0.0 
-1.531137889126984e-007	0.0 
-2.982494942275970e-007	0.0 
-5.181519089662492e-007	0.0 
-8.236355594832989e-007	0.0 
-1.212476329485351e-006	0.0 
-1.660554848844411e-006	0.0 
-2.112474379324042e-006	0.0 
-2.473531133129619e-006	0.0 
-2.605619128003023e-006	0.0 
-2.330133657562619e-006	0.0 
-1.440980274917891e-006	0.0 
+2.698043300278720e-007	0.0 
+2.972713778558616e-006	0.0 
+6.748858469608209e-006	0.0 
+1.152961592827038e-005	0.0 
+1.703543472209736e-005	0.0 
+2.272479023143328e-005	0.0 
+2.776698459480208e-005	0.0 
+3.105368391399539e-005	0.0 
+3.126302060212491e-005	0.0 
+2.698613281584723e-005	0.0 
+1.691886402482352e-005	0.0 
+1.111764912365637e-007	0.0 
-2.374558644778620e-005	0.0 
-5.402671731357865e-005	0.0 
-8.892267864716836e-005	0.0 
-1.252819457239765e-004	0.0 
-1.586044226011253e-004	0.0 
-1.832358557248136e-004	0.0 
-1.927980107782330e-004	0.0 
-1.808635900860097e-004	0.0 
-1.418501862256910e-004	0.0 
-7.206699315303354e-005	0.0 
+2.919375663577290e-005	0.0 
+1.586654736525826e-004	0.0 
+3.083858467014949e-004	0.0 
+4.654216635228285e-004	0.0 
+6.121982853786541e-004	0.0 
+7.275470741759510e-004	0.0 
+7.885115946319546e-004	0.0 
+7.728577835233870e-004	0.0 
+6.621229618182738e-004	0.0 
+4.449259850407905e-004	0.0 
+1.201613649467244e-004	0.0 
-3.003694627769020e-004	0.0 
-7.903605458595080e-004	0.0 
-1.308874060360023e-003	0.0 
-1.802020291776854e-003	0.0 
-2.206618091924962e-003	0.0 
-2.455790114635659e-003	0.0 
-2.486192180752311e-003	0.0 
-2.246311918537972e-003	0.0 
-1.705031041178952e-003	0.0 
-8.594632516121016e-004	0.0 
+2.590111721915774e-004	0.0 
+1.581566203839111e-003	0.0 
+3.002498487966101e-003	0.0 
+4.384141985044115e-003	0.0 
+5.566316483085373e-003	0.0 
+6.380002340389496e-003	0.0 
+6.664402331430841e-003	0.0 
+6.286042551189639e-003	0.0 
+5.158141388519080e-003	0.0 
+3.258199252425354e-003	0.0 
+6.416820735977283e-004	0.0 
-2.550179237628938e-003	0.0 
-6.090064766937297e-003	0.0 
-9.672703326103260e-003	0.0 
-1.293168061123908e-002	0.0 
-1.546424668939506e-002	0.0 
-1.686255838709300e-002	0.0 
-1.674898294478778e-002	0.0 
-1.481246018868655e-002	0.0 
-1.084255434379213e-002	0.0 
-4.757782696764870e-003	0.0 
+3.374886268966743e-003	0.0 
+1.333182798532389e-002	0.0 
+2.473737725852667e-002	0.0 
+3.708164756536587e-002	0.0 
+4.975069601283877e-002	0.0 
+6.206696168821097e-002	0.0 
+7.333684637153971e-002	0.0 
+8.290151879402521e-002	0.0 
+9.018659693370301e-002	0.0 
+9.474635107447013e-002	0.0 
+9.629848418816638e-002	0.0 
+9.474635107447013e-002	0.0 
+9.018659693370301e-002	0.0 
+8.290151879402521e-002	0.0 
+7.333684637153971e-002	0.0 
+6.206696168821097e-002	0.0 
+4.975069601283877e-002	0.0 
+3.708164756536587e-002	0.0 
+2.473737725852667e-002	0.0 
+1.333182798532389e-002	0.0 
+3.374886268966743e-003	0.0 
-4.757782696764870e-003	0.0 
-1.084255434379213e-002	0.0 
-1.481246018868655e-002	0.0 
-1.674898294478778e-002	0.0 
-1.686255838709300e-002	0.0 
-1.546424668939506e-002	0.0 
-1.293168061123908e-002	0.0 
-9.672703326103260e-003	0.0 
-6.090064766937297e-003	0.0 
-2.550179237628938e-003	0.0 
+6.416820735977283e-004	0.0 
+3.258199252425354e-003	0.0 
+5.158141388519080e-003	0.0 
+6.286042551189639e-003	0.0 
+6.664402331430841e-003	0.0 
+6.380002340389496e-003	0.0 
+5.566316483085373e-003	0.0 
+4.384141985044115e-003	0.0 
+3.002498487966101e-003	0.0 
+1.581566203839111e-003	0.0 
+2.590111721915774e-004	0.0 
-8.594632516121016e-004	0.0 
-1.705031041178952e-003	0.0 
-2.246311918537972e-003	0.0 
-2.486192180752311e-003	0.0 
-2.455790114635659e-003	0.0 
-2.206618091924962e-003	0.0 
-1.802020291776854e-003	0.0 
-1.308874060360023e-003	0.0 
-7.903605458595080e-004	0.0 
-3.003694627769020e-004	0.0 
+1.201613649467244e-004	0.0 
+4.449259850407905e-004	0.0 
+6.621229618182738e-004	0.0 
+7.728577835233870e-004	0.0 
+7.885115946319546e-004	0.0 
+7.275470741759510e-004	0.0 
+6.121982853786541e-004	0.0 
+4.654216635228285e-004	0.0 
+3.083858467014949e-004	0.0 
+1.586654736525826e-004	0.0 
+2.919375663577290e-005	0.0 
-7.206699315303354e-005	0.0 
-1.418501862256910e-004	0.0 
-1.808635900860097e-004	0.0 
-1.927980107782330e-004	0.0 
-1.832358557248136e-004	0.0 
-1.586044226011253e-004	0.0 
-1.252819457239765e-004	0.0 
-8.892267864716836e-005	0.0 
-5.402671731357865e-005	0.0 
-2.374558644778620e-005	0.0 
+1.111764912365637e-007	0.0 
+1.691886402482352e-005	0.0 
+2.698613281584723e-005	0.0 
+3.126302060212491e-005	0.0 
+3.105368391399539e-005	0.0 
+2.776698459480208e-005	0.0 
+2.272479023143328e-005	0.0 
+1.703543472209736e-005	0.0 
+1.152961592827038e-005	0.0 
+6.748858469608209e-006	0.0 
+2.972713778558616e-006	0.0 
+2.698043300278720e-007	0.0 
-1.440980274917891e-006	0.0 
-2.330133657562619e-006	0.0 
-2.605619128003023e-006	0.0 
-2.473531133129619e-006	0.0 
-2.112474379324042e-006	0.0 
-1.660554848844411e-006	0.0 
-1.212476329485351e-006	0.0 
-8.236355594832989e-007	0.0 
-5.181519089662492e-007	0.0 
-2.982494942275970e-007	0.0 
-1.531137889126984e-007	0.0 
-6.609942211224632e-008	0.0 
-1.983009558282680e-008	0.0 
+7.627841347268097e-010	0.0 
+7.109040416947659e-009	0.0 
+6.873790581886875e-009	0.0 
+4.538950837882147e-009	0.0 
+2.274220288025759e-009	0.0 
+8.469229815375836e-010	0.0 
+9.629848418816638e-002	0.0 
+9.474635107447013e-002	0.0 
+9.018659693370301e-002	0.0 
+8.290151879402521e-002	0.0 
+7.333684637153971e-002	0.0 
+6.206696168821097e-002	0.0 
+4.975069601283877e-002	0.0 
+3.708164756536587e-002	0.0 
+2.473737725852667e-002	0.0 
+1.333182798532389e-002	0.0 
+3.374886268966743e-003	0.0 
-4.757782696764870e-003	0.0 
-1.084255434379213e-002	0.0 
-1.481246018868655e-002	0.0 
-1.674898294478778e-002	0.0 
-1.686255838709300e-002	0.0 
-1.546424668939506e-002	0.0 
-1.293168061123908e-002	0.0 
-9.672703326103260e-003	0.0 
-6.090064766937297e-003	0.0 
-2.550179237628938e-003	0.0 
+6.416820735977283e-004	0.0 
+3.258199252425354e-003	0.0 
+5.158141388519080e-003	0.0 
+6.286042551189639e-003	0.0 
+6.664402331430841e-003	0.0 
+6.380002340389496e-003	0.0 
+5.566316483085373e-003	0.0 
+4.384141985044115e-003	0.0 
+3.002498487966101e-003	0.0 
+1.581566203839111e-003	0.0 
+2.590111721915774e-004	0.0 
-8.594632516121016e-004	0.0 
-1.705031041178952e-003	0.0 
-2.246311918537972e-003	0.0 
-2.486192180752311e-003	0.0 
-2.455790114635659e-003	0.0 
-2.206618091924962e-003	0.0 
-1.802020291776854e-003	0.0 
-1.308874060360023e-003	0.0 
-7.903605458595080e-004	0.0 
-3.003694627769020e-004	0.0 
+1.201613649467244e-004	0.0 
+4.449259850407905e-004	0.0 
+6.621229618182738e-004	0.0 
+7.728577835233870e-004	0.0 
+7.885115946319546e-004	0.0 
+7.275470741759510e-004	0.0 
+6.121982853786541e-004	0.0 
+4.654216635228285e-004	0.0 
+3.083858467014949e-004	0.0 
+1.586654736525826e-004	0.0 
+2.919375663577290e-005	0.0 
-7.206699315303354e-005	0.0 
-1.418501862256910e-004	0.0 
-1.808635900860097e-004	0.0 
-1.927980107782330e-004	0.0 
-1.832358557248136e-004	0.0 
-1.586044226011253e-004	0.0 
-1.252819457239765e-004	0.0 
-8.892267864716836e-005	0.0 
-5.402671731357865e-005	0.0 
-2.374558644778620e-005	0.0 
+1.111764912365637e-007	0.0 
+1.691886402482352e-005	0.0 
+2.698613281584723e-005	0.0 
+3.126302060212491e-005	0.0 
+3.105368391399539e-005	0.0 
+2.776698459480208e-005	0.0 
+2.272479023143328e-005	0.0 
+1.703543472209736e-005	0.0 
+1.152961592827038e-005	0.0 
+6.748858469608209e-006	0.0 
+2.972713778558616e-006	0.0 
+2.698043300278720e-007	0.0 
-1.440980274917891e-006	0.0 
-2.330133657562619e-006	0.0 
-2.605619128003023e-006	0.0 
-2.473531133129619e-006	0.0 
-2.112474379324042e-006	0.0 
-1.660554848844411e-006	0.0 
-1.212476329485351e-006	0.0 
-8.236355594832989e-007	0.0 
-5.181519089662492e-007	0.0 
-2.982494942275970e-007	0.0 
-1.531137889126984e-007	0.0 
-6.609942211224632e-008	0.0 
-1.983009558282680e-008	0.0 
+7.627841347268097e-010	0.0 
+7.109040416947659e-009	0.0 
+6.873790581886875e-009	0.0 
+4.538950837882147e-009	0.0 
+2.274220288025759e-009	0.0 
+8.469229815375836e-010	0.0 
0
