# Nanometric Trident nano_50sps_dec15_fir2 FIR filter file  
# $Id$
# coefficients are symetric, listed in time order 
# type                  2  
# npoles                0  
# input sample rate     1500
# decimation factor     15 
# normalization factor  1.0 
# gain factor           1.000000 
theoretical  1  anti_alias   fir    coef_conv 
1500 15 122
245
-2.248424117774393e-008	0.0 
-4.642643587439857e-008	0.0 
-9.086824871372440e-008	0.0 
-1.590206104387818e-007	0.0 
-2.567909974188776e-007	0.0 
-3.892381268506234e-007	0.0 
-5.594755976256573e-007	0.0 
-7.673527791484545e-007	0.0 
-1.007906680622452e-006	0.0 
-1.269830061004852e-006	0.0 
-1.534060697224885e-006	0.0 
-1.772617696662865e-006	0.0 
-1.948003004053838e-006	0.0 
-2.013491658270361e-006	0.0 
-1.914283940575952e-006	0.0 
-1.590138069648525e-006	0.0 
-9.791911300655609e-007	0.0 
-2.342015045344638e-008	0.0 
+1.324585004333917e-006	0.0 
+3.093646050624833e-006	0.0 
+5.285216140869372e-006	0.0 
+7.864428751619978e-006	0.0 
+1.075165762546044e-005	0.0 
+1.381553782516197e-005	0.0 
+1.686843983717624e-005	0.0 
+1.966547256150965e-005	0.0 
+2.190799579264532e-005	0.0 
+2.325259613478408e-005	0.0 
+2.332605821155048e-005	0.0 
+2.174674737429560e-005	0.0 
+1.815211823472118e-005	0.0 
+1.223172463043748e-005	0.0 
+3.764362047295070e-006	0.0 
-7.342600579662850e-006	0.0 
-2.101423843770261e-005	0.0 
-3.697254866283645e-005	0.0 
-5.470785053408204e-005	0.0 
-7.346080855720896e-005	0.0 
-9.221872210762419e-005	0.0 
-1.097294113743585e-004	0.0 
-1.245353476668098e-004	0.0 
-1.350297645882529e-004	0.0 
-1.395351171504224e-004	0.0 
-1.364028009897406e-004	0.0 
-1.241311999388250e-004	0.0 
-1.014973247366093e-004	0.0 
-6.769543330312970e-005	0.0 
-2.247431113985582e-005	0.0 
+3.373647444408592e-005	0.0 
+9.972202102469496e-005	0.0 
+1.734102405389535e-004	0.0 
+2.518433855177636e-004	0.0 
+3.312024576230887e-004	0.0 
+4.068920325346301e-004	0.0 
+4.736901742853282e-004	0.0 
+5.259645697748949e-004	0.0 
+5.579517406433626e-004	0.0 
+5.640915882999001e-004	0.0 
+5.394046556118302e-004	0.0 
+4.798947892116965e-004	0.0 
+3.829556263718983e-004	0.0 
+2.477558450261566e-004	0.0 
+7.557581133606256e-005	0.0 
-1.299326507476519e-004	0.0 
-3.625908219795382e-004	0.0 
-6.136667832837974e-004	0.0 
-8.719984411103067e-004	0.0 
-1.124279627356568e-003	0.0 
-1.355514828795137e-003	0.0 
-1.549638574359543e-003	0.0 
-1.690284969189717e-003	0.0 
-1.761681962109579e-003	0.0 
-1.749634219296640e-003	0.0 
-1.642548672797125e-003	0.0 
-1.432448635539632e-003	0.0 
-1.115916446683899e-003	0.0 
-6.949016118759333e-004	0.0 
-1.773317468296161e-004	0.0 
+4.225322873453017e-004	0.0 
+1.084047760917815e-003	0.0 
+1.780486976533114e-003	0.0 
+2.479703590402148e-003	0.0 
+3.145174209250359e-003	0.0 
+3.737400990478588e-003	0.0 
+4.215639662954890e-003	0.0 
+4.539896060021425e-003	0.0 
+4.673114109423882e-003	0.0 
+4.583460490679655e-003	0.0 
+4.246597092124963e-003	0.0 
+3.647823009057872e-003	0.0 
+2.783964077500575e-003	0.0 
+1.664890429221449e-003	0.0 
+3.145516543008143e-004	0.0 
-1.228565177570029e-003	0.0 
-2.911627520058403e-003	0.0 
-4.668344984598962e-003	0.0 
-6.420566608774059e-003	0.0 
-8.080567281826850e-003	0.0 
-9.553967139544177e-003	0.0 
-1.074319263670337e-002	0.0 
-1.155135541901075e-002	0.0 
-1.188639688191599e-002	0.0 
-1.166532418172082e-002	0.0 
-1.081834888780580e-002	0.0 
-9.292733605030502e-003	0.0 
-7.056155443227625e-003	0.0 
-4.099408426816391e-003	0.0 
-4.382895441187270e-004	0.0 
+3.885455633584578e-003	0.0 
+8.804213253621410e-003	0.0 
+1.422564865741498e-002	0.0 
+2.003491444518150e-002	0.0 
+2.609786342299352e-002	0.0 
+3.226516274457664e-002	0.0 
+3.837716119862833e-002	0.0 
+4.426932313959991e-002	0.0 
+4.977801211465580e-002	0.0 
+5.474638646804998e-002	0.0 
+5.903015934972362e-002	0.0 
+6.250297728148256e-002	0.0 
+6.506118483744229e-002	0.0 
+6.662776755658176e-002	0.0 
+6.715529982825459e-002	0.0 
+6.662776755658176e-002	0.0 
+6.506118483744229e-002	0.0 
+6.250297728148256e-002	0.0 
+5.903015934972362e-002	0.0 
+5.474638646804998e-002	0.0 
+4.977801211465580e-002	0.0 
+4.426932313959991e-002	0.0 
+3.837716119862833e-002	0.0 
+3.226516274457664e-002	0.0 
+2.609786342299352e-002	0.0 
+2.003491444518150e-002	0.0 
+1.422564865741498e-002	0.0 
+8.804213253621410e-003	0.0 
+3.885455633584578e-003	0.0 
-4.382895441187270e-004	0.0 
-4.099408426816391e-003	0.0 
-7.056155443227625e-003	0.0 
-9.292733605030502e-003	0.0 
-1.081834888780580e-002	0.0 
-1.166532418172082e-002	0.0 
-1.188639688191599e-002	0.0 
-1.155135541901075e-002	0.0 
-1.074319263670337e-002	0.0 
-9.553967139544177e-003	0.0 
-8.080567281826850e-003	0.0 
-6.420566608774059e-003	0.0 
-4.668344984598962e-003	0.0 
-2.911627520058403e-003	0.0 
-1.228565177570029e-003	0.0 
+3.145516543008143e-004	0.0 
+1.664890429221449e-003	0.0 
+2.783964077500575e-003	0.0 
+3.647823009057872e-003	0.0 
+4.246597092124963e-003	0.0 
+4.583460490679655e-003	0.0 
+4.673114109423882e-003	0.0 
+4.539896060021425e-003	0.0 
+4.215639662954890e-003	0.0 
+3.737400990478588e-003	0.0 
+3.145174209250359e-003	0.0 
+2.479703590402148e-003	0.0 
+1.780486976533114e-003	0.0 
+1.084047760917815e-003	0.0 
+4.225322873453017e-004	0.0 
-1.773317468296161e-004	0.0 
-6.949016118759333e-004	0.0 
-1.115916446683899e-003	0.0 
-1.432448635539632e-003	0.0 
-1.642548672797125e-003	0.0 
-1.749634219296640e-003	0.0 
-1.761681962109579e-003	0.0 
-1.690284969189717e-003	0.0 
-1.549638574359543e-003	0.0 
-1.355514828795137e-003	0.0 
-1.124279627356568e-003	0.0 
-8.719984411103067e-004	0.0 
-6.136667832837974e-004	0.0 
-3.625908219795382e-004	0.0 
-1.299326507476519e-004	0.0 
+7.557581133606256e-005	0.0 
+2.477558450261566e-004	0.0 
+3.829556263718983e-004	0.0 
+4.798947892116965e-004	0.0 
+5.394046556118302e-004	0.0 
+5.640915882999001e-004	0.0 
+5.579517406433626e-004	0.0 
+5.259645697748949e-004	0.0 
+4.736901742853282e-004	0.0 
+4.068920325346301e-004	0.0 
+3.312024576230887e-004	0.0 
+2.518433855177636e-004	0.0 
+1.734102405389535e-004	0.0 
+9.972202102469496e-005	0.0 
+3.373647444408592e-005	0.0 
-2.247431113985582e-005	0.0 
-6.769543330312970e-005	0.0 
-1.014973247366093e-004	0.0 
-1.241311999388250e-004	0.0 
-1.364028009897406e-004	0.0 
-1.395351171504224e-004	0.0 
-1.350297645882529e-004	0.0 
-1.245353476668098e-004	0.0 
-1.097294113743585e-004	0.0 
-9.221872210762419e-005	0.0 
-7.346080855720896e-005	0.0 
-5.470785053408204e-005	0.0 
-3.697254866283645e-005	0.0 
-2.101423843770261e-005	0.0 
-7.342600579662850e-006	0.0 
+3.764362047295070e-006	0.0 
+1.223172463043748e-005	0.0 
+1.815211823472118e-005	0.0 
+2.174674737429560e-005	0.0 
+2.332605821155048e-005	0.0 
+2.325259613478408e-005	0.0 
+2.190799579264532e-005	0.0 
+1.966547256150965e-005	0.0 
+1.686843983717624e-005	0.0 
+1.381553782516197e-005	0.0 
+1.075165762546044e-005	0.0 
+7.864428751619978e-006	0.0 
+5.285216140869372e-006	0.0 
+3.093646050624833e-006	0.0 
+1.324585004333917e-006	0.0 
-2.342015045344638e-008	0.0 
-9.791911300655609e-007	0.0 
-1.590138069648525e-006	0.0 
-1.914283940575952e-006	0.0 
-2.013491658270361e-006	0.0 
-1.948003004053838e-006	0.0 
-1.772617696662865e-006	0.0 
-1.534060697224885e-006	0.0 
-1.269830061004852e-006	0.0 
-1.007906680622452e-006	0.0 
-7.673527791484545e-007	0.0 
-5.594755976256573e-007	0.0 
-3.892381268506234e-007	0.0 
-2.567909974188776e-007	0.0 
-1.590206104387818e-007	0.0 
-9.086824871372440e-008	0.0 
-4.642643587439857e-008	0.0 
-2.248424117774393e-008	0.0 
0
