# Nanometric Trident nano_100sps_dec15_fir1 FIR filter file  
# coefficients are symetric, listed in time order 
# type                  2  
# npoles                0  
# input sample rate     2000  
# decimation factor     15 
# normalization factor  1.0 
# gain factor           1.000000 
theoretical  1  anti_alias   fir    coef_conv 
2000 15 82
165
-4.047907827113435e-010	0.0 
-1.390291410616280e-010	0.0 
+6.728000500156772e-010	0.0 
+2.757971531287775e-009	0.0 
+7.546506865872195e-009	0.0 
+1.766681105112393e-008	0.0 
+3.769362981944433e-008	0.0 
+7.523131717119556e-008	0.0 
+1.424254208543815e-007	0.0 
+2.579989942850785e-007	0.0 
+4.499037171963720e-007	0.0 
+7.586554657022834e-007	0.0 
+1.241385823501068e-006	0.0 
+1.976580337370245e-006	0.0 
+3.069389218520029e-006	0.0 
+4.657283633700868e-006	0.0 
+6.915692774450531e-006	0.0 
+1.006309584698377e-005	0.0 
+1.436486680838168e-005	0.0 
+2.013498922101177e-005	0.0 
+2.773458889448483e-005	0.0 
+3.756609353359231e-005	0.0 
+5.006174380375990e-005	0.0 
+6.566517495835717e-005	0.0 
+8.480488904700095e-005	0.0 
+1.078586692034099e-004	0.0 
+1.351083708846758e-004	0.0 
+1.666850740988706e-004	0.0 
+2.025052991790280e-004	0.0 
+2.421998676511588e-004	0.0 
+2.850380044490719e-004	0.0 
+3.298503862917036e-004	0.0 
+3.749559835375441e-004	0.0 
+4.180986428351539e-004	0.0 
+4.564003231909406e-004	0.0 
+4.863386265192439e-004	0.0 
+5.037566477826840e-004	0.0 
+5.039131041938723e-004	0.0 
+4.815800932055991e-004	0.0 
+4.311946010973558e-004	0.0 
+3.470679930602060e-004	0.0 
+2.236551558100188e-004	0.0 
+5.588177435769922e-005	0.0 
-1.604755031971873e-004	0.0 
-4.283653814438088e-004	0.0 
-7.490084037683738e-004	0.0 
-1.121431576587110e-003	0.0 
-1.542013055891304e-003	0.0 
-2.004062154587584e-003	0.0 
-2.497462335460076e-003	0.0 
-3.008406043037227e-003	0.0 
-3.519249945407228e-003	0.0 
-4.008517211186400e-003	0.0 
-4.451069724371900e-003	0.0 
-4.818467626070565e-003	0.0 
-5.079526362531964e-003	0.0 
-5.201072726935362e-003	0.0 
-5.148891537318578e-003	0.0 
-4.888844032354756e-003	0.0 
-4.388128318143293e-003	0.0 
-3.616641856686609e-003	0.0 
-2.548396677795745e-003	0.0 
-1.162930346149744e-003	0.0 
+5.533496934548342e-004	0.0 
+2.605953436832241e-003	0.0 
+4.991291898095885e-003	0.0 
+7.695917735921711e-003	0.0 
+1.069607652807879e-002	0.0 
+1.395761185676819e-002	0.0 
+1.743625403066915e-002	0.0 
+2.107830656774628e-002	0.0 
+2.482172719817530e-002	0.0 
+2.859758195513501e-002	0.0 
+3.233183282942656e-002	0.0 
+3.594740243710946e-002	0.0 
+3.936644413583802e-002	0.0 
+4.251273389808217e-002	0.0 
+4.531409175152301e-002	0.0 
+4.770473629328503e-002	0.0 
+4.962747602314526e-002	0.0 
+5.103564612512176e-002	0.0 
+5.189470870549539e-002	0.0 
+5.218344796472771e-002	0.0 
+5.189470870549539e-002	0.0 
+5.103564612512176e-002	0.0 
+4.962747602314526e-002	0.0 
+4.770473629328503e-002	0.0 
+4.531409175152301e-002	0.0 
+4.251273389808217e-002	0.0 
+3.936644413583802e-002	0.0 
+3.594740243710946e-002	0.0 
+3.233183282942656e-002	0.0 
+2.859758195513501e-002	0.0 
+2.482172719817530e-002	0.0 
+2.107830656774628e-002	0.0 
+1.743625403066915e-002	0.0 
+1.395761185676819e-002	0.0 
+1.069607652807879e-002	0.0 
+7.695917735921711e-003	0.0 
+4.991291898095885e-003	0.0 
+2.605953436832241e-003	0.0 
+5.533496934548342e-004	0.0 
-1.162930346149744e-003	0.0 
-2.548396677795745e-003	0.0 
-3.616641856686609e-003	0.0 
-4.388128318143293e-003	0.0 
-4.888844032354756e-003	0.0 
-5.148891537318578e-003	0.0 
-5.201072726935362e-003	0.0 
-5.079526362531964e-003	0.0 
-4.818467626070565e-003	0.0 
-4.451069724371900e-003	0.0 
-4.008517211186400e-003	0.0 
-3.519249945407228e-003	0.0 
-3.008406043037227e-003	0.0 
-2.497462335460076e-003	0.0 
-2.004062154587584e-003	0.0 
-1.542013055891304e-003	0.0 
-1.121431576587110e-003	0.0 
-7.490084037683738e-004	0.0 
-4.283653814438088e-004	0.0 
-1.604755031971873e-004	0.0 
+5.588177435769922e-005	0.0 
+2.236551558100188e-004	0.0 
+3.470679930602060e-004	0.0 
+4.311946010973558e-004	0.0 
+4.815800932055991e-004	0.0 
+5.039131041938723e-004	0.0 
+5.037566477826840e-004	0.0 
+4.863386265192439e-004	0.0 
+4.564003231909406e-004	0.0 
+4.180986428351539e-004	0.0 
+3.749559835375441e-004	0.0 
+3.298503862917036e-004	0.0 
+2.850380044490719e-004	0.0 
+2.421998676511588e-004	0.0 
+2.025052991790280e-004	0.0 
+1.666850740988706e-004	0.0 
+1.351083708846758e-004	0.0 
+1.078586692034099e-004	0.0 
+8.480488904700095e-005	0.0 
+6.566517495835717e-005	0.0 
+5.006174380375990e-005	0.0 
+3.756609353359231e-005	0.0 
+2.773458889448483e-005	0.0 
+2.013498922101177e-005	0.0 
+1.436486680838168e-005	0.0 
+1.006309584698377e-005	0.0 
+6.915692774450531e-006	0.0 
+4.657283633700868e-006	0.0 
+3.069389218520029e-006	0.0 
+1.976580337370245e-006	0.0 
+1.241385823501068e-006	0.0 
+7.586554657022834e-007	0.0 
+4.499037171963720e-007	0.0 
+2.579989942850785e-007	0.0 
+1.424254208543815e-007	0.0 
+7.523131717119556e-008	0.0 
+3.769362981944433e-008	0.0 
+1.766681105112393e-008	0.0 
+7.546506865872195e-009	0.0 
+2.757971531287775e-009	0.0 
+6.728000500156772e-010	0.0 
-1.390291410616280e-010	0.0 
-4.047907827113435e-010	0.0 
0
