# Nanometric Trident nano_10sps_dec15_fir2 FIR filter file  
# version:      $Revision$Date: 2007/05/26 22:51:26
# coefficients are symetric, listed in time order 
# type                  2  
# npoles                0  
# input sample rate     2000  
# decimation factor     15 
# normalization factor  1.0 
# gain factor           1.000000 
theoretical  1  anti_alias   fir    coef_conv 
2000 15 88
177
+1.274508037713854e-009	0.0 
+3.998782762542515e-009	0.0 
+1.024154282410265e-008	0.0 
+2.260131975609668e-008	0.0 
+4.482147327426093e-008	0.0 
+8.183460736487531e-008	0.0 
+1.396280457733333e-007	0.0 
+2.247765750108437e-007	0.0 
+3.434979804593919e-007	0.0 
+5.000835626084475e-007	0.0 
+6.945702915529181e-007	0.0 
+9.195631536380137e-007	0.0 
+1.156180237597563e-006	0.0 
+1.369213636134487e-006	0.0 
+1.501732190677942e-006	0.0 
+1.469536132342558e-006	0.0 
+1.156072180154469e-006	0.0 
+4.086311791194063e-007	0.0 
-9.631575963804799e-007	0.0 
-3.185358645165066e-006	0.0 
-6.513029984180443e-006	0.0 
-1.121754953653928e-005	0.0 
-1.756688863877204e-005	0.0 
-2.579807834421872e-005	0.0 
-3.608162845472528e-005	0.0 
-4.847836564934252e-005	0.0 
-6.289004605799169e-005	0.0 
-7.900612977208145e-005	0.0 
-9.625023005867442e-005	0.0 
-1.137308825132404e-004	0.0 
-1.302023173674668e-004	0.0 
-1.440417372005855e-004	0.0 
-1.532500772620555e-004	0.0 
-1.554832182727657e-004	0.0 
-1.481200182629544e-004	0.0 
-1.283722284804781e-004	0.0 
-9.343931225336277e-005	0.0 
-4.070838456326049e-005	0.0 
+3.200399879120903e-005	0.0 
+1.261755255438299e-004	0.0 
+2.422790077247571e-004	0.0 
+3.794766616276513e-004	0.0 
+5.353282047932003e-004	0.0 
+7.055367642667043e-004	0.0 
+8.837591201708494e-004	0.0 
+1.061507906179511e-003	0.0 
+1.228172697716860e-003	0.0 
+1.371184173455519e-003	0.0 
+1.476340568373834e-003	0.0 
+1.528308433157228e-003	0.0 
+1.511300413745230e-003	0.0 
+1.409921693519257e-003	0.0 
+1.210164395473335e-003	0.0 
+9.005162952909555e-004	0.0 
+4.731374478641395e-004	0.0 
-7.495331242320440e-005	0.0 
-7.407496338188167e-004	0.0 
-1.514260929538042e-003	0.0 
-2.377724759513757e-003	0.0 
-3.305103737040651e-003	0.0 
-4.261935822939468e-003	0.0 
-5.205595236681355e-003	0.0 
-6.086004689576903e-003	0.0 
-6.846818743370123e-003	0.0 
-7.427073690811211e-003	0.0 
-7.763272621360522e-003	0.0 
-7.791846731533931e-003	0.0 
-7.451907097887187e-003	0.0 
-6.688176789325108e-003	0.0 
-5.453973062220406e-003	0.0 
-3.714095041860952e-003	0.0 
-1.447465068324086e-003	0.0 
+1.350627251190012e-003	0.0 
+4.666819771776261e-003	0.0 
+8.468634716747657e-003	0.0 
+1.270419497334137e-002	0.0 
+1.730276378362830e-002	0.0 
+2.217613317169075e-002	0.0 
+2.722084430537505e-002	0.0 
+3.232117966910014e-002	0.0 
+3.735282488611422e-002	0.0 
+4.218705977144598e-002	0.0 
+4.669530606909855e-002	0.0 
+5.075383539601134e-002	0.0 
+5.424842680203789e-002	0.0 
+5.707876014276208e-002	0.0 
+5.916233958966831e-002	0.0 
+6.043776084683357e-002	0.0 
+6.086716509748656e-002	0.0 
+6.043776084683357e-002	0.0 
+5.916233958966831e-002	0.0 
+5.707876014276208e-002	0.0 
+5.424842680203789e-002	0.0 
+5.075383539601134e-002	0.0 
+4.669530606909855e-002	0.0 
+4.218705977144598e-002	0.0 
+3.735282488611422e-002	0.0 
+3.232117966910014e-002	0.0 
+2.722084430537505e-002	0.0 
+2.217613317169075e-002	0.0 
+1.730276378362830e-002	0.0 
+1.270419497334137e-002	0.0 
+8.468634716747657e-003	0.0 
+4.666819771776261e-003	0.0 
+1.350627251190012e-003	0.0 
-1.447465068324086e-003	0.0 
-3.714095041860952e-003	0.0 
-5.453973062220406e-003	0.0 
-6.688176789325108e-003	0.0 
-7.451907097887187e-003	0.0 
-7.791846731533931e-003	0.0 
-7.763272621360522e-003	0.0 
-7.427073690811211e-003	0.0 
-6.846818743370123e-003	0.0 
-6.086004689576903e-003	0.0 
-5.205595236681355e-003	0.0 
-4.261935822939468e-003	0.0 
-3.305103737040651e-003	0.0 
-2.377724759513757e-003	0.0 
-1.514260929538042e-003	0.0 
-7.407496338188167e-004	0.0 
-7.495331242320440e-005	0.0 
+4.731374478641395e-004	0.0 
+9.005162952909555e-004	0.0 
+1.210164395473335e-003	0.0 
+1.409921693519257e-003	0.0 
+1.511300413745230e-003	0.0 
+1.528308433157228e-003	0.0 
+1.476340568373834e-003	0.0 
+1.371184173455519e-003	0.0 
+1.228172697716860e-003	0.0 
+1.061507906179511e-003	0.0 
+8.837591201708494e-004	0.0 
+7.055367642667043e-004	0.0 
+5.353282047932003e-004	0.0 
+3.794766616276513e-004	0.0 
+2.422790077247571e-004	0.0 
+1.261755255438299e-004	0.0 
+3.200399879120903e-005	0.0 
-4.070838456326049e-005	0.0 
-9.343931225336277e-005	0.0 
-1.283722284804781e-004	0.0 
-1.481200182629544e-004	0.0 
-1.554832182727657e-004	0.0 
-1.532500772620555e-004	0.0 
-1.440417372005855e-004	0.0 
-1.302023173674668e-004	0.0 
-1.137308825132404e-004	0.0 
-9.625023005867442e-005	0.0 
-7.900612977208145e-005	0.0 
-6.289004605799169e-005	0.0 
-4.847836564934252e-005	0.0 
-3.608162845472528e-005	0.0 
-2.579807834421872e-005	0.0 
-1.756688863877204e-005	0.0 
-1.121754953653928e-005	0.0 
-6.513029984180443e-006	0.0 
-3.185358645165066e-006	0.0 
-9.631575963804799e-007	0.0 
+4.086311791194063e-007	0.0 
+1.156072180154469e-006	0.0 
+1.469536132342558e-006	0.0 
+1.501732190677942e-006	0.0 
+1.369213636134487e-006	0.0 
+1.156180237597563e-006	0.0 
+9.195631536380137e-007	0.0 
+6.945702915529181e-007	0.0 
+5.000835626084475e-007	0.0 
+3.434979804593919e-007	0.0 
+2.247765750108437e-007	0.0 
+1.396280457733333e-007	0.0 
+8.183460736487531e-008	0.0 
+4.482147327426093e-008	0.0 
+2.260131975609668e-008	0.0 
+1.024154282410265e-008	0.0 
+3.998782762542515e-009	0.0 
+1.274508037713854e-009	0.0 
0
