# Nanometric Trident nano_10sps_dec5_fir3 FIR filter file  
# coefficients are symetric, listed in time order 
# type                  2  
# npoles                0  
# input sample rate     2000  
# decimation factor     5 
# normalization factor  1.0 
# gain factor           1.000000 
theoretical  1  anti_alias   fir    coef_conv 
2000 5 57
113
+3.624153237100989e-009	0.0 
+1.470216688117767e-008	0.0 
+2.924648074949182e-008	0.0 
+1.675815859925242e-008	0.0 
-9.459692996675541e-008	0.0 
-4.005292369332425e-007	0.0 
-9.373651758431229e-007	0.0 
-1.530435241099631e-006	0.0 
-1.645991491318222e-006	0.0 
-4.078703649887408e-007	0.0 
+3.030094105174225e-006	0.0 
+8.685992078359400e-006	0.0 
+1.476603465201467e-005	0.0 
+1.713674632378615e-005	0.0 
+1.012813500657534e-005	0.0 
-1.072856062768063e-005	0.0 
-4.439650993665008e-005	0.0 
-8.029796768720772e-005	0.0 
-9.761762240257018e-005	0.0 
-7.094869060070728e-005	0.0 
+1.692090641200780e-005	0.0 
+1.585078223461214e-004	0.0 
+3.094936499512948e-004	0.0 
+3.912802093626145e-004	0.0 
+3.155885036776064e-004	0.0 
+2.919057865035819e-005	0.0 
-4.362723697929486e-004	0.0 
-9.354174279267205e-004	0.0 
-1.228393916598020e-003	0.0 
-1.061468695091633e-003	0.0 
-2.939814743843771e-004	0.0 
+9.756477540050195e-004	0.0 
+2.352455381127647e-003	0.0 
+3.215585281329135e-003	0.0 
+2.933433563419905e-003	0.0 
+1.171050910958822e-003	0.0 
-1.829548430478970e-003	0.0 
-5.145646443318352e-003	0.0 
-7.361207758041045e-003	0.0 
-7.056359496882652e-003	0.0 
-3.467654576125640e-003	0.0 
+2.935112705392162e-003	0.0 
+1.024857149306014e-002	0.0 
+1.551827984678943e-002	0.0 
+1.570615959949202e-002	0.0 
+8.987865329886645e-003	0.0 
-4.081171672241476e-003	0.0 
-2.004540408564930e-002	0.0 
-3.303497648347430e-002	0.0 
-3.628456170461448e-002	0.0 
-2.430879726955251e-002	0.0 
+4.958793846270522e-003	0.0 
+4.884525267308668e-002	0.0 
+1.000147740815335e-001	0.0 
+1.480752985064006e-001	0.0 
+1.823112272692678e-001	0.0 
+1.947111255384850e-001	0.0 
+1.823112272692678e-001	0.0 
+1.480752985064006e-001	0.0 
+1.000147740815335e-001	0.0 
+4.884525267308668e-002	0.0 
+4.958793846270522e-003	0.0 
-2.430879726955251e-002	0.0 
-3.628456170461448e-002	0.0 
-3.303497648347430e-002	0.0 
-2.004540408564930e-002	0.0 
-4.081171672241476e-003	0.0 
+8.987865329886645e-003	0.0 
+1.570615959949202e-002	0.0 
+1.551827984678943e-002	0.0 
+1.024857149306014e-002	0.0 
+2.935112705392162e-003	0.0 
-3.467654576125640e-003	0.0 
-7.056359496882652e-003	0.0 
-7.361207758041045e-003	0.0 
-5.145646443318352e-003	0.0 
-1.829548430478970e-003	0.0 
+1.171050910958822e-003	0.0 
+2.933433563419905e-003	0.0 
+3.215585281329135e-003	0.0 
+2.352455381127647e-003	0.0 
+9.756477540050195e-004	0.0 
-2.939814743843771e-004	0.0 
-1.061468695091633e-003	0.0 
-1.228393916598020e-003	0.0 
-9.354174279267205e-004	0.0 
-4.362723697929486e-004	0.0 
+2.919057865035819e-005	0.0 
+3.155885036776064e-004	0.0 
+3.912802093626145e-004	0.0 
+3.094936499512948e-004	0.0 
+1.585078223461214e-004	0.0 
+1.692090641200780e-005	0.0 
-7.094869060070728e-005	0.0 
-9.761762240257018e-005	0.0 
-8.029796768720772e-005	0.0 
-4.439650993665008e-005	0.0 
-1.072856062768063e-005	0.0 
+1.012813500657534e-005	0.0 
+1.713674632378615e-005	0.0 
+1.476603465201467e-005	0.0 
+8.685992078359400e-006	0.0 
+3.030094105174225e-006	0.0 
-4.078703649887408e-007	0.0 
-1.645991491318222e-006	0.0 
-1.530435241099631e-006	0.0 
-9.373651758431229e-007	0.0 
-4.005292369332425e-007	0.0 
-9.459692996675541e-008	0.0 
+1.675815859925242e-008	0.0 
+2.924648074949182e-008	0.0 
+1.470216688117767e-008	0.0 
+3.624153237100989e-009	0.0 
0
