theoretical   1 FIR_filter   fir    seed
8.0000000000e+01     2
      64
2.8488045638e-04 0.0000000000e+00
1.5360524608e-03 0.0000000000e+00
2.9494947251e-03 0.0000000000e+00
2.4894439881e-03 0.0000000000e+00
-4.9739279682e-04 0.0000000000e+00
-2.7811144553e-03 0.0000000000e+00
-7.9981028130e-04 0.0000000000e+00
3.1800550944e-03 0.0000000000e+00
2.6828142979e-03 0.0000000000e+00
-2.8834246192e-03 0.0000000000e+00
-5.0382380713e-03 0.0000000000e+00
1.3245921220e-03 0.0000000000e+00
7.3189217249e-03 0.0000000000e+00
1.8078528962e-03 0.0000000000e+00
-8.7225439735e-03 0.0000000000e+00
-6.4949304049e-03 0.0000000000e+00
8.2938132867e-03 0.0000000000e+00
1.2290119689e-02 0.0000000000e+00
-5.0733481275e-03 0.0000000000e+00
-1.8283429290e-02 0.0000000000e+00
-1.7726428398e-03 0.0000000000e+00
2.3103337012e-02 0.0000000000e+00
1.2904120672e-02 0.0000000000e+00
-2.4894039880e-02 0.0000000000e+00
-2.8990946443e-02 0.0000000000e+00
2.1032933695e-02 0.0000000000e+00
5.1615682688e-02 0.0000000000e+00
-6.5423904809e-03 0.0000000000e+00
-8.7381339985e-02 0.0000000000e+00
-3.6203457998e-02 0.0000000000e+00
1.8422329513e-01 0.0000000000e+00
3.9932163971e-01 0.0000000000e+00
3.9932163971e-01 0.0000000000e+00
1.8422329513e-01 0.0000000000e+00
-3.6203457998e-02 0.0000000000e+00
-8.7381339985e-02 0.0000000000e+00
-6.5423904809e-03 0.0000000000e+00
5.1615682688e-02 0.0000000000e+00
2.1032933695e-02 0.0000000000e+00
-2.8990946443e-02 0.0000000000e+00
-2.4894039880e-02 0.0000000000e+00
1.2904120672e-02 0.0000000000e+00
2.3103337012e-02 0.0000000000e+00
-1.7726428398e-03 0.0000000000e+00
-1.8283429290e-02 0.0000000000e+00
-5.0733481275e-03 0.0000000000e+00
1.2290119689e-02 0.0000000000e+00
8.2938132867e-03 0.0000000000e+00
-6.4949304049e-03 0.0000000000e+00
-8.7225439735e-03 0.0000000000e+00
1.8078528962e-03 0.0000000000e+00
7.3189217249e-03 0.0000000000e+00
1.3245921220e-03 0.0000000000e+00
-5.0382380713e-03 0.0000000000e+00
-2.8834246192e-03 0.0000000000e+00
2.6828142979e-03 0.0000000000e+00
3.1800550944e-03 0.0000000000e+00
-7.9981028130e-04 0.0000000000e+00
-2.7811144553e-03 0.0000000000e+00
-4.9739279682e-04 0.0000000000e+00
2.4894439881e-03 0.0000000000e+00
2.9494947251e-03 0.0000000000e+00
1.5360524608e-03 0.0000000000e+00
2.8488045638e-04 0.0000000000e+00
       0
