theoretical   1 FIR_filter   fir    seed
3.2000000000e+02     4
      72
1.5385501460e-04 0.0000000000e+00
3.1277002968e-04 0.0000000000e+00
4.5286104298e-04 0.0000000000e+00
3.9578003756e-04 0.0000000000e+00
-4.8438904597e-05 0.0000000000e+00
-9.9249609419e-04 0.0000000000e+00
-2.3547102235e-03 0.0000000000e+00
-3.7893203596e-03 0.0000000000e+00
-4.7285504487e-03 0.0000000000e+00
-4.5647104332e-03 0.0000000000e+00
-2.9340702784e-03 0.0000000000e+00
7.1654506800e-06 0.0000000000e+00
3.4609503284e-03 0.0000000000e+00
6.1378805825e-03 0.0000000000e+00
6.6975306356e-03 0.0000000000e+00
4.3552804133e-03 0.0000000000e+00
-5.8891405589e-04 0.0000000000e+00
-6.5781506243e-03 0.0000000000e+00
-1.1165801060e-02 0.0000000000e+00
-1.1896801129e-02 0.0000000000e+00
-7.4277307049e-03 0.0000000000e+00
1.5716801492e-03 0.0000000000e+00
1.2200101158e-02 0.0000000000e+00
2.0054701903e-02 0.0000000000e+00
2.0807101975e-02 0.0000000000e+00
1.2133601151e-02 0.0000000000e+00
-4.7476104505e-03 0.0000000000e+00
-2.4652102339e-02 0.0000000000e+00
-3.9502903749e-02 0.0000000000e+00
-4.0741703866e-02 0.0000000000e+00
-2.2357802122e-02 0.0000000000e+00
1.6522901568e-02 0.0000000000e+00
7.0505606691e-02 0.0000000000e+00
1.2882301223e-01 0.0000000000e+00
1.7812801690e-01 0.0000000000e+00
2.0635101958e-01 0.0000000000e+00
2.0635101958e-01 0.0000000000e+00
1.7812801690e-01 0.0000000000e+00
1.2882301223e-01 0.0000000000e+00
7.0505606691e-02 0.0000000000e+00
1.6522901568e-02 0.0000000000e+00
-2.2357802122e-02 0.0000000000e+00
-4.0741703866e-02 0.0000000000e+00
-3.9502903749e-02 0.0000000000e+00
-2.4652102339e-02 0.0000000000e+00
-4.7476104505e-03 0.0000000000e+00
1.2133601151e-02 0.0000000000e+00
2.0807101975e-02 0.0000000000e+00
2.0054701903e-02 0.0000000000e+00
1.2200101158e-02 0.0000000000e+00
1.5716801492e-03 0.0000000000e+00
-7.4277307049e-03 0.0000000000e+00
-1.1896801129e-02 0.0000000000e+00
-1.1165801060e-02 0.0000000000e+00
-6.5781506243e-03 0.0000000000e+00
-5.8891405589e-04 0.0000000000e+00
4.3552804133e-03 0.0000000000e+00
6.6975306356e-03 0.0000000000e+00
6.1378805825e-03 0.0000000000e+00
3.4609503284e-03 0.0000000000e+00
7.1654506800e-06 0.0000000000e+00
-2.9340702784e-03 0.0000000000e+00
-4.5647104332e-03 0.0000000000e+00
-4.7285504487e-03 0.0000000000e+00
-3.7893203596e-03 0.0000000000e+00
-2.3547102235e-03 0.0000000000e+00
-9.9249609419e-04 0.0000000000e+00
-4.8438904597e-05 0.0000000000e+00
3.9578003756e-04 0.0000000000e+00
4.5286104298e-04 0.0000000000e+00
3.1277002968e-04 0.0000000000e+00
1.5385501460e-04 0.0000000000e+00
       0
