theoretical   1 seismometer  paz    seed
3.9485774154e+03 2.0000000000e-02
       4
-1.2340000000e-02 1.2340000000e-02 0.0000000000e+00 0.0000000000e+00
-1.2340000000e-02 -1.2340000000e-02 0.0000000000e+00 0.0000000000e+00
-3.9180000000e+01 4.9120000000e+01 0.0000000000e+00 0.0000000000e+00
-3.9180000000e+01 -4.9120000000e+01 0.0000000000e+00 0.0000000000e+00
       2
0.0000000000e+00 0.0000000000e+00 0.0000000000e+00 0.0000000000e+00
0.0000000000e+00 0.0000000000e+00 0.0000000000e+00 0.0000000000e+00
