theoretical   1 FIR_filter   fir    seed
5.1200000000e+03    16
      64
-1.0970703142e-03 0.0000000000e+00
-9.9332728449e-04 0.0000000000e+00
-1.3331603818e-03 0.0000000000e+00
-1.7052604884e-03 0.0000000000e+00
-2.0538405882e-03 0.0000000000e+00
-2.3506506732e-03 0.0000000000e+00
-2.5715607365e-03 0.0000000000e+00
-2.6937307715e-03 0.0000000000e+00
-2.6933707714e-03 0.0000000000e+00
-2.5470907295e-03 0.0000000000e+00
-2.2311506390e-03 0.0000000000e+00
-1.7230104935e-03 0.0000000000e+00
-9.9927028619e-04 0.0000000000e+00
-3.4656209926e-05 0.0000000000e+00
1.2198003494e-03 0.0000000000e+00
3.1138308918e-03 0.0000000000e+00
6.8975519755e-03 0.0000000000e+00
8.9671225682e-03 0.0000000000e+00
1.2359803540e-02 0.0000000000e+00
1.6074804604e-02 0.0000000000e+00
1.9968205719e-02 0.0000000000e+00
2.3963206863e-02 0.0000000000e+00
2.7991608017e-02 0.0000000000e+00
3.1987809161e-02 0.0000000000e+00
3.5884110277e-02 0.0000000000e+00
3.9613511345e-02 0.0000000000e+00
4.3108212346e-02 0.0000000000e+00
4.6303213261e-02 0.0000000000e+00
4.9131414071e-02 0.0000000000e+00
5.1518414755e-02 0.0000000000e+00
5.3326115273e-02 0.0000000000e+00
5.3598415351e-02 0.0000000000e+00
5.3598415351e-02 0.0000000000e+00
5.3326115273e-02 0.0000000000e+00
5.1518414755e-02 0.0000000000e+00
4.9131414071e-02 0.0000000000e+00
4.6303213261e-02 0.0000000000e+00
4.3108212346e-02 0.0000000000e+00
3.9613511345e-02 0.0000000000e+00
3.5884110277e-02 0.0000000000e+00
3.1987809161e-02 0.0000000000e+00
2.7991608017e-02 0.0000000000e+00
2.3963206863e-02 0.0000000000e+00
1.9968205719e-02 0.0000000000e+00
1.6074804604e-02 0.0000000000e+00
1.2359803540e-02 0.0000000000e+00
8.9671225682e-03 0.0000000000e+00
6.8975519755e-03 0.0000000000e+00
3.1138308918e-03 0.0000000000e+00
1.2198003494e-03 0.0000000000e+00
-3.4656209926e-05 0.0000000000e+00
-9.9927028619e-04 0.0000000000e+00
-1.7230104935e-03 0.0000000000e+00
-2.2311506390e-03 0.0000000000e+00
-2.5470907295e-03 0.0000000000e+00
-2.6933707714e-03 0.0000000000e+00
-2.6937307715e-03 0.0000000000e+00
-2.5715607365e-03 0.0000000000e+00
-2.3506506732e-03 0.0000000000e+00
-2.0538405882e-03 0.0000000000e+00
-1.7052604884e-03 0.0000000000e+00
-1.3331603818e-03 0.0000000000e+00
-9.9332728449e-04 0.0000000000e+00
-1.0970703142e-03 0.0000000000e+00
       0
