theoretical   1 seismometer  paz    seed
6.2695161706e+04 2.0000000000e-02
       6
-8.9850000000e+01 0.0000000000e+00 0.0000000000e+00 0.0000000000e+00
-1.8430000000e+01 1.8910000000e+01 0.0000000000e+00 0.0000000000e+00
-1.8430000000e+01 -1.8910000000e+01 0.0000000000e+00 0.0000000000e+00
-1.2340000000e-02 1.2340000000e-02 0.0000000000e+00 0.0000000000e+00
-1.2340000000e-02 -1.2340000000e-02 0.0000000000e+00 0.0000000000e+00
-4.2190000000e-03 0.0000000000e+00 0.0000000000e+00 0.0000000000e+00
       3
0.0000000000e+00 0.0000000000e+00 0.0000000000e+00 0.0000000000e+00
0.0000000000e+00 0.0000000000e+00 0.0000000000e+00 0.0000000000e+00
0.0000000000e+00 0.0000000000e+00 0.0000000000e+00 0.0000000000e+00
