std:
	R: 6 7 8 9 10 11 12 14 16 18 20 22 24 28 36
	I: 6 7 8 9 10 11 12 14 16 18 20 22 24 28 36
	B: 6 7 8 9 10 11 12 14 16 18 20 22 24 28 36
	S: 6 7 8 9 10 11 12 14 16 18 20 22 24 28 36
cm:
	R: 6 7 8 9 10 11 12
	I: 6 7 8 9 10 11 12
	B: 6 7 8 9 10 11 12

fix:
	R: 6 8 9 10 12 14

meteor:
	R: 8 10 12
	I: 8 10 12
	B: 8 10 12

nonie:
	R: 8 10 12
	I: 8 10 12
	B: 8 10 12

seal:
	R: 6 7 8 9 10 11 12 20

stare:
	R: 8 9 10 11 12 14 16
	I: 8 9 10 11 12 14 16
	B: 8 9 10 11 12 14 16

times:
	R: 6 7 8 9 10 11 12 14 16 18 20 22 24 28 36
	I: 6 7 8 9 10 11 12 14 16 18 20 22 24 28 36
	B: 6 7 8 9 10 11 12 14 16 18 20 22 24 28 36
	S: 6 7 8 9 10 11 12 14 16 18 20 22 24 28 36
