theoretical   1 ahPoleZero   paz    From ah2db
3.9501000977e+03 0.0000000000e+00
       4
-1.2339999899e-02  1.2339999899e-02  0.0000000000e+00  0.0000000000e+00
-1.2339999899e-02 -1.2339999899e-02  0.0000000000e+00  0.0000000000e+00
-3.9180000305e+01  4.9119998932e+01  0.0000000000e+00  0.0000000000e+00
-3.9180000305e+01 -4.9119998932e+01  0.0000000000e+00  0.0000000000e+00
       2
 0.0000000000e+00  0.0000000000e+00  0.0000000000e+00  0.0000000000e+00
 0.0000000000e+00  0.0000000000e+00  0.0000000000e+00  0.0000000000e+00
